1,825
25,1225
32,1247
32,1178
1,1182
25,1177
25,1222
1,996
1,1236
25,1239
32,1061
32,546
25,1097
25,1246
1,1112
1,856
1,1055
25,1185
25,1244
25,1046
25,1167
25,446
1,971
25,1229
1,1232
25,1224
1,987
1,1206
32,1184
25,520
1,1253
1,1179
1,968
25,1252
1,1077
25,1238
1,932
32,1191
32,1176
1,1085
25,619
25,988
25,913
32,1139
1,1140
25,1205
32,568
25,1223
1,1022
32,1148
32,414
1,776
25,670
32,1218
25,1168
32,1133
25,1195
32,667
32,804
1,623
32,964
25,1128
29,1159
1,632
1,865
1,783
32,586
25,843
32,1157
1,976
26,979
1,1033
24,1111
25,949
1,947
26,871
25,755
25,1132
32,516
1,502
26,322
1,1102
11,1180
25,901
25,937
26,848
25,1221
25,391
32,889
25,1203
29,1153
26,1169
25,535
25,1090
25,739
1,874
32,867
1,982
1,744
32,759
25,1149
1,407
25,1110
25,1109
1,1240
32,955
1,462
1,1227
1,727
25,558
4,1065
32,1219
26,1213
1,1135
25,1151
25,1241
1,615
26,1141
1,607
25,1173
1,270
26,752
31,765
26,1114
7,1188
1,767
1,894
30,594
1,1198
1,842
25,296
25,832
1,970
4,823
26,641
1,1142
25,785
26,773
26,725
26,1129
25,421
6,1117
1,1175
26,1234
1,1200
26,1230
1,1040
26,1212
32,1174
1,521
25,926
26,669
32,868
25,251
26,1171
26,1158
1,1120
26,466
25,927
1,675
1,552
9,940
32,792
1,1093
1,1044
1,455
1,571
25,981
26,953
15,510
6,1197
1,1030
26,1025
26,1026
1,1087
26,935
1,345
1,1215
12,529
26,1056
26,898
26,777
1,365
26,1201
8,1242
1,1235
1,951
32,756
26,797
25,610
25,1143
26,341
25,748
26,651
1,816
26,980
26,808
26,719
26,423
1,908
26,1125
26,1154
26,896
26,966
26,303
12,880
26,628
1,318
26,1181
1,1095
1,1138
26,872
26,1013
26,1192
26,1237
32,499
25,914
26,1243
25,794
26,1051
26,1103
1,1052
32,531
26,828
26,1163
26,1152
22,604
4,1228
4,385
3,1122
26,509
26,1194
32,1189
26,1116
13,1131
19,663
1,668
26,775
18,681
26,1001
27,995
26,1210
26,830
25,1127
26,1170
2,905
26,1130
26,1211
21,1078
26,409
26,1084
20,977
23,271
26,638
32,873
26,393
26,1193
26,1119
6,1092
26,672
25,699
26,403
7,892
26,1164
26,1049
4,1012
16,1249
26,1006
26,938
26,761
26,969
26,847
26,350
26,354
18,430
26,406
26,899
17,637
25,1126
26,993
26,1183
26,974
32,386
26,674
1,1144
26,1081
1,989
26,973
26,355
26,572
26,608
26,442
26,213
26,189
26,1220
26,286
1,272
27,513
4,309
25,850
26,508
26,852
26,737
26,944
26,1094
26,434
26,844
26,401
26,357
26,684
26,923
26,612
26,1079
26,702
32,616
26,720
26,500
26,860
26,321
26,791
26,904
26,811
26,717
26,232
26,734
26,1024
26,707
26,424
26,1075
26,729
26,269
26,747
26,602
26,790
1,419
26,538
26,240
26,360
26,362
26,489
26,273
26,329
26,1072
26,460
26,382
26,465
26,812
26,353
26,344
26,786
26,802
26,593
26,855
26,829
26,566
26,963
26,473
26,264
26,1156
26,965
26,554
26,1108
26,1136
26,939
26,408
26,343
26,585
26,447
26,262
26,916
26,936
25,858
26,550
26,439
26,461
4,247
26,644
1,945
26,718
26,486
26,338
26,551
26,664
26,478
26,528
26,577
26,656
26,870
10,1104
5,960
26,284
27,849
26,443
26,1004
26,781
26,250
26,879
26,691
26,763
26,706
26,1039
26,925
26,517
26,714
26,787
26,771
26,1050
26,220
26,890
26,692
26,503
26,1002
26,768
26,622
26,613
26,1123
26,475
26,324
26,745
26,1106
26,437
26,749
26,950
26,1187
26,754
1,713
26,1038
26,545
26,626
26,911
26,328
24,295
26,780
26,640
26,1034
26,203
26,201
20,444
26,441
26,560
26,840
26,857
26,959
26,582
26,736
26,906
26,900
6,511
26,798
26,770
26,1209
26,793
26,313
26,690
26,245
26,339
6,361
14,1003
26,796
26,620
26,415
26,716
26,351
26,288
26,396
26,305
26,789
26,479
26,603
26,530
26,834
26,310
26,555
26,693
26,268
26,910
26,526
26,817
26,1009
26,678
26,864
26,590
32,595
26,564
26,753
26,494
26,553
26,377
26,534
26,533
26,156
26,519
1,962
26,459
26,405
26,598
26,882
26,346
26,1019
26,398
26,512
26,1216
26,676
26,1186
26,639
26,501
26,922
26,1214
26,467
26,1035
26,1199
26,665
26,609
25,575
26,1029
26,983
26,601
1,381
26,199
26,645
26,492
26,930
26,687
26,998
26,347
26,282
26,741
26,1059
26,348
26,801
26,333
26,371
26,686
26,751
26,482
26,778
26,304
26,758
26,624
26,1060
26,184
26,174
26,204
26,562
26,1076
26,1172
26,760
26,319
1,234
26,853
26,942
26,1071
26,231
26,541
26,683
26,374
26,248
26,450
26,671
26,1010
1,573
26,182
26,148
26,1070
26,420
26,611
26,642
26,866
26,1018
26,722
26,402
26,144
26,81
26,158
26,180
26,312
26,334
26,135
26,958
26,515
26,428
26,155
26,113
26,146
26,118
26,139
26,173
26,196
26,138
26,218
26,862
26,1053
26,818
26,655
26,703
26,788
26,440
26,631
26,918
26,588
26,657
26,967
26,694
26,557
33,648
26,1047
26,934
26,306
26,367
26,876
26,505
26,289
26,316
26,984
26,618
26,1005
26,1100
26,454
26,1099
26,723
26,539
26,779
26,715
26,652
26,221
26,277
26,1020
26,799
26,731
26,1226
26,412
26,543
26,281
26,477
26,764
26,1000
26,659
26,294
26,456
26,504
26,822
26,358
26,733
26,851
26,827
26,1115
26,433
26,567
26,302
26,1107
26,366
26,359
26,1037
26,861
26,757
26,1165
26,885
26,774
26,909
26,952
26,330
26,845
26,488
26,1101
26,480
26,730
26,1063
26,709
26,394
26,831
26,742
26,743
26,810
26,915
26,1086
26,1150
26,666
26,524
26,833
26,795
26,819
26,649
26,917
26,507
26,411
26,311
26,416
26,314
26,495
26,474
26,746
26,425
26,1091
26,1096
26,721
26,1098
6,807
4,581
26,1008
26,634
20,711
26,308
26,336
26,895
1,836
26,1088
26,673
26,565
26,1146
26,1067
26,1137
26,946
26,1105
26,1204
26,370
26,451
26,929
26,536
26,893
26,331
26,498
26,547
26,696
26,436
26,682
26,954
26,1054
26,978
26,888
26,704
26,265
26,469
26,679
26,735
26,379
26,726
26,540
6,712
26,375
26,387
26,225
26,293
26,238
26,1048
26,592
26,578
26,903
26,1202
26,661
27,1166
26,383
26,1021
26,496
26,576
26,1155
26,869
26,803
26,327
26,907
26,589
26,1023
26,1162
26,897
26,636
26,491
26,453
26,548
26,468
26,838
26,485
26,732
25,878
26,1124
26,487
26,471
26,1118
26,1042
26,766
26,591
26,580
26,629
26,584
26,991
26,650
26,762
26,826
26,1069
26,912
26,369
26,997
26,606
26,373
26,242
26,332
26,452
26,404
26,902
26,556
26,212
26,859
26,532
26,633
26,990
26,689
26,323
26,214
26,563
26,839
32,256
26,1036
26,1073
26,449
4,1082
1,1031
26,614
26,708
26,527
26,384
26,941
26,400
26,349
26,685
26,846
26,325
26,887
26,627
26,597
26,948
26,646
26,260
26,368
26,291
26,472
26,975
1,740
26,986
20,388
26,630
26,587
26,418
4,884
26,933
26,579
26,806
26,992
26,464
26,92
26,215
26,417
26,202
26,654
26,257
26,399
26,643
26,1217
26,985
26,1017
26,463
26,600
26,1134
26,207
26,972
26,596
26,292
26,635
26,280
26,660
26,337
26,863
26,1043
26,647
26,583
26,1007
26,542
26,700
26,1064
1,490
26,800
26,710
26,1014
26,677
26,569
26,919
26,999
26,470
26,522
26,724
26,617
26,1058
26,784
26,301
26,181
26,924
26,431
26,931
26,883
26,782
26,920
26,680
26,886
26,599
26,653
26,1190
26,422
26,805
26,621
26,1028
26,192
26,881
26,380
26,352
26,891
26,1041
26,525
26,769
26,243
26,875
26,957
26,484
26,658
26,1068
26,326
26,820
26,435
26,1032
26,317
26,276
25,427
26,943
26,290
26,570
26,476
26,320
26,497
26,662
26,410
26,523
26,815
26,824
26,364
26,506
26,274
26,413
26,226
26,395
26,854
26,481
26,169
26,224
26,397
26,209
26,307
26,152
26,71
26,76
17,1290
26,86
26,194
26,688
26,356
4,258
26,544
26,124
26,1062
26,122
26,176
26,429
26,340
26,1207
26,197
26,140
26,537
26,1045
26,1147
26,1089
26,1066
26,342
26,445
26,1080
26,198
26,205
26,363
26,625
26,1208
26,559
26,728
26,574
26,821
26,921
26,1113
26,695
26,254
26,103
1,85
26,219
26,90
26,101
26,168
26,95
26,772
26,78
26,46
26,120
26,137
26,300
26,94
26,372
26,928
26,93
26,151
1,261
26,77
26,55
26,514
27,279
1,131
26,154
26,244
26,217
26,104
26,30
26,10
26,74
26,110
26,88
26,68
1,132
26,57
26,87
26,36
26,116
26,193
26,43
26,1273
26,62
26,1276
26,22
26,1284
26,1277
26,24
26,1279
26,19
26,41
26,7
26,34
26,1298
26,1289
26,48
26,18
26,115
26,21
26,141
26,1283
26,6
26,1278
26,2
29,14
26,159
26,191
26,53
26,84
26,1272
26,190
26,20
26,1297
26,1282
26,1291
26,42
26,1145
26,26
26,13
26,1015
26,392
6,750
26,241
26,298
26,73
26,432
26,1260
26,1255
26,1254
26,1258
6,1259
26,1264
26,1257
26,1261
26,1256
26,1263
26,1262
26,701
26,252
26,438
26,837
26,249
26,227
26,253
26,206
26,179
26,235
26,170
26,458
26,267
26,239
26,275
26,956
26,278
26,236
26,89
26,51
26,61
26,44
26,216
26,283
26,483
26,255
26,47
26,50
26,39
26,153
26,3
1,38
26,69
26,12
26,315
26,11
26,1270
26,54
26,163
26,188
26,223
26,112
26,809
26,67
26,29
26,149
26,58
26,1275
26,106
26,56
26,233
26,97
26,1285
26,1271
26,1286
25,79
26,4
26,59
26,100
26,1299
26,1057
26,1161
26,1268
26,91
26,63
26,1245
26,128
26,123
26,605
26,83
1,389
29,147
26,814
26,178
26,25
26,177
26,70
26,160
26,493
26,164
26,426
26,167
26,33
26,31
26,1274
26,1281
26,166
26,35
26,1266
26,1294
26,60
26,105
26,15
26,107
26,102
26,80
26,1265
26,72
26,8
26,17
26,5
26,23
26,186
26,65
26,1292
26,45
4,1
26,16
26,1295
26,52
26,37
26,1280
26,1296
26,1293
26,1288
26,1267
26,165
26,9
26,1269
26,285
26,195
26,1287
26,187
26,108
26,136
26,49
26,121
26,64
26,161
26,222
26,175
26,1233
26,877
26,994
26,549
26,126
26,183
26,561
26,130
26,119
26,96
6,109
26,28
1,66
26,117
26,27
26,82
26,127
26,75
26,40
26,150
26,208
26,98
26,145
26,143
29,1160
26,211
26,297
6,99
26,1011
6,172
6,32
26,1300
26,378
28,1121
28,287
28,237
28,133
28,200
28,335
28,114
28,518
28,1027
28,705
28,1016
1,210
1,835
1,129
29,157
1,246
32,230
32,1074
25,738
25,1083
1,457
32,259
25,697
25,142
25,1231
25,1250
1,171
1,448
25,1248
25,1251
25,698
32,813
32,1196
1,266
1,841
25,228
26,299
25,111
1,376
1,134
1,961
1,229
1,390
25,125
25,263
32,185
1,162
