33,135
23,167
2,130
11,219
10,278
50,276
33,223
73,192
27,162
22,325
75,201
72,287
58,343
36,265
27,299
15,319
5,235
16,382
23,341
17,141
10,123
16,182
11,381
5,304
14,395
31,418
10,378
23,448
20,222
5,298
11,349
33,449
72,396
25,87
54,406
59,76
72,455
15,405
10,364
11,397
17,311
36,458
16,463
37,473
72,467
31,13
37,36
16,215
72,153
10,344
72,432
50,438
17,371
50,322
5,279
27,216
72,194
31,307
37,294
73,121
73,208
14,470
54,421
30,474
27,54
72,6
31,52
37,303
10,138
40,224
72,380
72,433
31,63
30,110
72,331
68,379
40,315
30,35
73,353
10,246
40,321
72,360
37,317
40,392
37,146
72,372
68,269
16,180
73,460
36,387
17,206
40,189
10,273
27,383
37,231
37,357
73,242
24,476
40,258
25,237
72,184
72,106
73,103
37,115
25,114
73,156
40,295
37,89
72,462
54,339
72,61
9,176
72,79
73,97
73,197
16,165
17,318
28,227
31,290
28,270
46,388
10,301
66,400
72,284
25,232
36,267
72,347
14,257
40,183
66,332
9,209
9,255
17,291
31,217
66,327
37,384
37,158
50,456
31,239
36,316
66,359
40,305
5,8
40,342
36,60
51,401
72,336
36,323
40,187
36,233
36,252
31,157
59,101
36,124
36,296
73,171
72,72
73,49
10,179
76,127
36,109
66,57
7,113
40,37
73,166
72,147
66,86
72,45
31,111
36,82
72,186
72,102
9,33
40,168
36,71
73,51
25,320
31,66
72,75
52,172
31,408
66,12
73,454
73,361
40,466
72,338
72,414
15,160
41,459
11,354
10,461
66,434
40,11
46,425
27,377
36,398
73,435
14,285
9,328
36,90
66,196
36,281
36,253
25,211
36,203
42,272
37,329
46,247
73,429
36,345
36,245
24,236
37,370
37,373
59,148
46,261
73,251
25,250
66,404
30,170
36,243
64,326
66,140
48,205
11,260
17,221
73,126
37,154
40,155
27,14
43,293
73,375
72,202
24,42
66,297
36,367
73,175
31,362
73,145
10,210
25,150
44,151
36,200
24,161
36,83
53,96
36,207
31,213
24,137
36,214
36,330
72,104
36,108
31,59
73,313
9,85
73,47
73,95
40,136
36,228
36,68
40,44
11,300
25,366
66,363
31,457
73,465
9,444
52,346
73,259
29,283
36,144
41,142
25,174
33,314
66,193
28,149
66,164
46,262
33,356
36,185
25,81
40,92
73,107
36,229
28,129
66,70
9,84
9,352
73,77
73,99
24,351
36,306
46,58
73,139
72,248
36,119
64,152
66,238
37,181
73,374
31,254
50,302
67,134
73,310
39,169
46,451
24,427
19,73
31,67
60,26
11,46
37,178
40,391
54,266
73,440
51,424
73,422
66,348
72,416
53,7
55,478
72,32
24,280
66,1
36,376
73,275
36,439
36,389
37,446
54,407
73,472
13,218
9,204
9,241
73,264
24,274
70,105
73,100
18,177
66,282
73,125
66,368
56,442
36,34
35,369
73,420
32,355
69,244
18,98
39,234
40,249
53,337
76,324
24,308
40,402
44,212
9,292
73,413
53,65
71,56
36,195
38,230
63,9
9,415
37,94
36,394
25,15
25,277
36,286
55,118
51,120
36,436
31,417
36,64
33,78
77,74
65,220
54,426
48,477
67,271
66,410
43,365
73,334
5,335
23,412
42,288
73,112
34,132
14,464
31,256
51,431
1,358
27,173
65,268
69,131
60,447
36,468
12,199
73,289
73,471
24,445
19,163
36,430
62,27
68,21
34,80
72,423
21,93
9,191
11,50
9,69
26,240
70,122
27,39
33,159
28,5
65,31
6,40
25,23
46,263
32,4
10,225
32,411
77,312
30,469
31,190
17,399
36,333
8,437
9,62
56,128
49,198
74,390
36,25
28,30
13,24
56,17
33,55
32,143
1,450
25,385
3,419
35,41
7,20
34,428
9,133
65,117
69,226
5,453
31,91
4,53
17,43
72,48
62,22
73,18
38,88
61,116
76,16
42,38
74,188
73,309
57,403
9,29
35,340
71,350
57,441
9,393
11,3
46,452
7,443
34,19
57,28
47,386
21,2
45,409
29,475
33,10
