2,753
2,746
2,76
2,762
2,775
2,512
2,668
2,486
2,706
2,696
2,758
2,699
1,780
2,260
1,711
2,691
2,499
2,796
2,45
2,130
1,206
2,89
2,669
4,632
2,735
2,703
2,724
2,790
2,756
2,782
2,754
2,169
1,777
1,716
2,759
2,761
2,123
1,755
2,774
2,663
2,661
2,788
2,583
2,511
2,739
2,694
2,577
2,690
3,606
1,752
2,767
2,747
4,685
2,383
2,766
2,63
2,713
1,468
2,127
2,679
2,741
2,750
2,672
2,619
2,727
4,742
2,693
2,722
2,717
4,714
2,528
2,504
2,608
2,660
2,510
2,605
2,698
2,728
2,634
2,635
2,526
1,574
2,502
1,417
2,372
2,537
3,473
2,432
2,544
2,282
2,589
2,337
2,557
2,224
2,710
2,721
2,626
2,385
2,529
2,405
2,395
2,426
2,617
2,595
2,671
1,552
2,515
2,666
1,667
4,551
1,615
2,603
2,683
2,522
1,569
2,680
4,505
2,627
2,516
2,723
2,686
2,466
2,719
1,725
2,689
2,637
2,564
2,568
2,286
2,306
2,464
2,453
3,436
2,313
2,28
2,329
2,77
2,218
2,268
2,494
2,440
2,514
2,449
2,769
2,378
2,65
2,783
2,598
1,700
2,625
2,720
2,654
2,662
2,452
2,597
2,256
2,438
2,105
2,240
5,673
2,590
2,612
2,638
2,533
1,622
4,565
2,563
2,664
2,506
1,670
2,692
2,675
2,348
2,541
2,381
2,459
2,584
2,618
2,548
1,546
4,650
1,384
2,408
2,358
2,312
2,779
1,27
3,642
2,718
2,441
2,740
2,592
2,300
2,518
2,227
2,211
2,628
2,213
1,99
2,443
2,639
1,677
1,35
4,155
2,392
2,195
2,98
2,174
2,30
2,462
2,237
2,393
2,422
2,226
2,542
2,298
1,376
2,294
2,305
2,580
3,198
2,331
2,336
2,134
2,192
2,315
2,196
3,682
2,540
2,591
2,148
2,391
2,271
2,547
3,567
1,653
2,704
2,418
2,280
2,630
2,415
2,463
1,687
2,594
2,357
2,360
4,434
2,550
2,629
2,536
1,490
2,368
2,140
2,520
2,125
2,302
2,458
4,11
2,100
2,517
2,141
1,343
2,480
2,308
2,325
2,461
2,245
2,623
3,531
2,364
2,497
2,521
2,534
2,684
2,460
1,601
2,620
2,543
2,715
2,139
2,420
2,212
2,142
2,610
2,651
2,586
1,151
2,425
2,423
1,508
4,73
2,401
2,347
2,539
2,498
2,399
2,561
2,538
2,640
2,621
2,487
2,475
2,649
2,562
2,575
2,571
2,611
2,316
2,648
2,633
4,712
2,442
2,613
2,407
2,350
2,409
2,554
2,410
2,489
1,122
1,176
1,448
2,607
2,501
2,695
2,614
4,532
2,446
2,560
2,301
2,194
2,205
2,207
2,162
2,582
2,335
2,168
1,143
2,208
1,369
2,103
2,588
2,573
2,397
4,281
4,555
2,248
2,307
2,344
2,108
1,25
1,332
2,279
1,362
1,230
2,55
2,12
2,363
2,530
2,323
2,81
2,373
2,513
2,545
2,328
2,527
2,173
2,375
2,152
2,394
2,219
2,359
2,604
2,479
2,341
2,587
2,299
2,330
2,241
2,234
2,370
2,471
2,600
2,503
2,412
1,636
1,467
1,658
1,674
1,193
2,470
2,36
2,8
2,201
2,20
2,246
2,214
2,69
2,435
1,292
2,437
2,295
1,225
2,197
2,317
1,238
2,356
2,112
2,94
2,297
2,60
2,95
4,183
2,342
2,43
1,85
2,191
2,274
2,215
2,189
5,164
2,175
2,101
4,19
2,167
2,411
1,239
1,760
4,652
2,86
1,396
2,365
1,380
2,107
2,229
2,153
2,377
2,158
2,456
2,293
2,483
2,137
2,172
1,252
1,52
2,190
3,304
2,303
2,257
1,314
2,146
2,171
2,92
1,91
2,382
2,79
1,414
2,185
2,145
2,147
2,265
2,113
2,150
2,7
1,129
2,242
2,26
2,138
4,309
2,477
2,157
4,184
2,41
1,10
2,136
1,254
2,2
2,126
2,154
2,61
2,266
1,3
2,144
4,71
1,128
2,272
2,439
1,178
2,121
2,102
1,643
1,339
1,324
2,83
2,80
1,88
2,296
2,288
2,259
4,6
2,42
2,495
2,232
2,163
2,1
2,366
1,4
2,261
2,29
2,119
2,519
2,289
2,419
2,51
2,48
2,402
2,22
2,54
2,40
2,97
2,333
2,32
2,578
1,602
1,131
2,135
2,57
2,132
2,18
2,14
2,179
2,275
2,349
2,283
1,455
2,481
2,285
2,210
2,59
2,104
2,9
2,263
2,39
2,284
2,220
2,5
2,233
2,264
1,223
2,222
2,398
2,576
1,451
2,231
2,253
2,374
2,16
1,556
1,277
2,367
2,244
2,44
2,114
2,353
2,318
1,90
2,120
2,186
2,523
1,249
2,118
4,68
2,93
2,64
2,404
2,267
2,250
2,310
1,361
2,430
1,177
2,72
2,371
2,78
1,270
2,273
2,31
2,47
2,62
2,17
2,96
2,161
4,74
2,334
2,46
1,156
2,116
2,23
1,75
2,56
2,216
2,326
2,255
2,67
2,37
2,478
2,278
2,159
1,209
2,379
2,200
2,509
2,319
2,235
2,447
4,221
2,228
2,188
2,702
2,49
2,269
2,133
2,87
1,428
2,688
2,581
2,596
2,389
2,655
2,553
4,599
2,549
2,641
2,570
2,124
2,646
2,579
2,388
2,676
2,624
1,678
2,705
2,287
4,482
4,387
1,525
4,491
2,492
2,485
2,558
2,400
2,406
2,416
2,390
1,465
1,665
1,450
2,165
1,322
2,496
2,320
2,170
2,354
2,352
1,431
2,58
2,243
2,340
2,559
2,444
2,609
2,457
2,403
2,507
2,276
1,476
2,38
1,202
2,351
2,355
4,433
2,111
2,109
2,338
2,50
2,182
2,203
1,33
2,386
2,474
2,795
2,701
2,781
2,262
2,792
2,794
1,793
2,770
2,290
2,115
1,524
3,34
2,13
2,21
1,15
2,708
4,797
1,737
1,736
2,180
2,786
2,773
2,745
2,771
2,734
2,709
2,731
2,772
2,251
2,743
2,236
2,748
2,749
2,798
2,787
4,445
2,187
2,217
4,732
4,493
1,566
1,657
4,656
1,454
2,427
1,585
1,535
4,659
2,697
2,149
2,84
2,789
1,321
1,744
1,488
2,106
2,199
1,82
1,751
2,429
4,616
2,785
2,593
2,778
2,469
2,765
4,484
2,738
2,204
2,311
2,733
2,726
4,327
4,729
4,345
2,258
2,730
4,707
2,631
1,768
1,500
1,644
1,791
2,110
2,681
4,166
2,764
4,424
2,757
2,413
1,647
2,784
2,472
4,763
4,776
1,572
1,66
2,53
1,117
2,645
4,70
1,247
1,346
1,181
1,24
2,291
1,421
1,160
