37,753
36,746
39,76
22,762
27,775
38,512
32,668
46,486
27,706
36,696
51,758
50,699
6,780
26,260
6,711
30,691
13,499
26,796
43,45
46,130
6,206
21,89
18,669
58,632
50,735
32,703
48,724
48,790
22,756
49,782
13,754
24,169
3,777
6,716
47,759
53,761
20,123
4,755
27,774
21,663
35,661
38,788
45,583
29,511
48,739
18,694
13,577
23,690
56,606
5,752
22,767
34,747
61,685
21,383
50,766
17,63
26,713
4,468
27,127
44,679
39,741
13,750
48,672
16,619
48,727
61,742
19,693
15,722
46,717
60,714
39,528
14,504
51,608
18,660
18,510
48,605
48,698
14,728
34,634
38,635
50,526
1,574
38,502
6,417
45,372
54,537
56,473
38,432
48,544
15,282
34,589
34,337
15,557
44,224
44,710
13,721
21,626
47,385
48,529
51,405
43,395
40,426
51,617
27,595
48,671
8,552
42,515
50,666
5,667
61,551
5,615
44,603
32,683
29,522
6,569
18,680
61,505
15,627
22,516
15,723
40,686
51,466
48,719
4,725
51,689
39,637
48,564
40,568
32,286
48,306
26,464
26,453
56,436
49,313
26,28
36,329
34,77
35,218
51,268
51,494
51,440
51,514
51,449
39,769
33,378
34,65
33,783
51,598
6,700
32,625
51,720
50,654
42,662
39,452
47,597
18,256
35,438
41,105
12,240
62,673
18,590
51,612
37,638
43,533
4,622
61,565
43,563
51,664
48,506
4,670
34,692
34,675
50,348
49,541
43,381
51,459
14,584
40,618
26,548
6,546
57,650
3,384
44,408
35,358
33,312
15,779
6,27
55,642
43,718
34,441
45,740
49,592
52,300
51,518
47,227
49,211
46,628
49,213
2,99
11,443
46,639
4,677
3,35
61,155
51,392
48,195
51,98
51,174
11,30
25,462
48,237
51,393
48,422
46,226
43,542
17,298
6,376
48,294
50,305
27,580
55,198
28,331
28,336
48,134
46,192
49,315
48,196
55,682
42,540
50,591
28,148
37,391
27,271
52,547
55,567
6,653
49,704
44,418
43,280
48,630
52,415
32,463
4,687
29,594
51,357
46,360
57,434
51,550
15,629
14,536
6,490
34,368
28,140
36,520
19,125
48,302
34,458
61,11
38,100
48,517
22,141
6,343
27,480
28,308
32,325
39,461
14,245
48,623
56,531
14,364
51,497
40,521
13,534
45,684
26,460
4,601
30,620
12,543
50,715
51,139
51,420
48,212
25,142
27,610
25,651
48,586
4,151
38,425
22,423
6,508
59,73
46,401
41,347
49,539
46,498
38,399
44,561
49,538
52,640
48,621
51,487
51,475
34,649
34,562
49,575
48,571
51,611
51,316
35,648
14,633
61,712
48,442
48,613
34,407
49,350
51,409
46,554
15,410
10,489
4,122
7,176
4,448
50,607
38,501
51,695
17,614
61,532
50,446
48,560
52,301
49,194
50,205
24,207
18,162
51,582
49,335
48,168
5,143
38,208
4,369
52,103
44,588
51,573
51,397
61,281
57,555
51,248
48,307
25,344
51,108
5,25
4,332
15,279
4,362
5,230
44,55
51,12
48,363
50,530
51,323
14,81
50,373
50,513
51,545
42,328
37,527
31,173
51,375
51,152
52,394
14,219
48,359
50,604
30,479
50,341
49,587
42,299
48,330
11,241
42,234
48,370
34,471
48,600
48,503
48,412
3,636
4,467
4,658
4,674
4,193
51,470
47,36
49,8
50,201
48,20
42,246
51,214
28,69
51,435
4,292
51,437
21,295
4,225
14,197
48,317
4,238
51,356
48,112
51,94
51,297
43,60
52,95
61,183
33,342
51,43
4,85
48,191
51,274
22,215
51,189
63,164
49,175
51,101
61,19
51,167
48,411
6,239
4,760
61,652
14,86
4,396
48,365
5,380
51,107
46,229
48,153
46,377
48,158
40,456
48,293
48,483
51,137
48,172
4,252
6,52
51,190
55,304
51,303
48,257
4,314
28,146
48,171
48,92
6,91
25,382
41,79
4,414
51,185
48,145
51,147
51,265
49,113
51,150
48,7
4,129
48,242
52,26
48,138
61,309
52,477
52,157
61,184
48,41
3,10
51,136
4,254
35,2
12,126
50,154
51,61
25,266
4,3
41,144
61,71
4,128
48,272
51,439
9,178
51,121
51,102
4,643
4,339
6,324
48,83
38,80
4,88
51,296
51,288
48,259
61,6
51,42
48,495
52,232
48,163
48,1
48,366
4,4
51,261
10,29
48,119
48,519
48,289
50,419
48,51
48,48
48,402
51,22
48,54
22,40
51,97
51,333
48,32
15,578
6,602
4,131
48,135
50,57
48,132
48,18
50,14
51,179
51,275
48,349
51,283
6,455
51,481
48,285
51,210
51,59
51,104
48,9
49,263
51,39
48,284
50,220
48,5
51,233
48,264
4,223
51,222
48,398
48,576
4,451
51,231
51,253
30,374
48,16
4,556
4,277
51,367
51,244
51,44
48,114
48,353
48,318
6,90
51,120
48,186
48,523
4,249
51,118
61,68
51,93
48,64
51,404
28,267
48,250
24,310
4,361
49,430
4,177
51,72
48,371
48,78
6,270
51,273
52,31
51,47
48,62
48,17
51,96
48,161
61,74
51,334
48,46
4,156
48,116
48,23
4,75
52,56
51,216
24,326
48,255
50,67
48,37
48,478
51,278
48,159
4,209
51,379
51,200
48,509
51,319
51,235
48,447
61,221
48,228
48,188
48,702
51,49
51,269
48,133
51,87
4,428
48,688
48,581
48,596
48,389
51,655
51,553
61,599
48,549
51,641
48,570
48,124
52,646
48,579
48,388
47,676
51,624
4,678
48,705
38,287
61,482
60,387
4,525
61,491
51,492
51,485
48,558
51,400
54,406
51,416
48,390
4,465
6,665
6,450
52,165
6,322
48,496
48,320
48,170
48,354
48,352
4,431
48,58
48,243
48,340
48,559
48,444
48,609
48,457
48,403
52,507
48,276
4,476
47,38
4,202
48,351
48,355
61,433
51,111
48,109
51,338
48,50
48,182
51,203
4,33
48,386
48,474
48,795
48,701
48,781
48,262
51,792
48,794
6,793
48,770
48,290
48,115
6,524
55,34
48,13
51,21
4,15
48,708
61,797
6,737
6,736
48,180
48,786
51,773
48,745
48,771
51,734
48,709
48,731
48,772
48,251
48,743
48,236
48,748
48,749
48,798
48,787
61,445
48,187
48,217
61,732
61,493
6,566
6,657
61,656
6,454
48,427
6,585
6,535
61,659
48,697
48,149
48,84
48,789
6,321
7,744
6,488
48,106
48,199
6,82
6,751
48,429
61,616
48,785
48,593
48,778
48,469
48,765
61,484
48,738
48,204
54,311
48,733
48,726
61,327
61,729
61,345
48,258
48,730
61,707
48,631
6,768
6,500
6,644
6,791
48,110
48,681
61,166
48,764
61,424
48,757
48,413
6,647
48,784
48,472
61,763
61,776
6,572
6,66
48,53
6,117
48,645
61,70
6,247
6,346
6,181
6,24
48,291
6,421
6,160
