47,753
46,746
49,76
27,762
33,775
48,512
41,668
58,486
33,706
46,696
65,758
64,699
9,780
32,260
9,711
38,691
16,499
32,796
55,45
58,130
9,206
26,89
22,669
75,632
64,735
41,703
61,724
62,790
27,756
63,782
16,754
29,169
4,777
9,716
59,759
68,761
25,123
5,755
33,774
26,663
45,661
48,788
57,583
36,511
62,739
22,694
16,577
28,690
73,606
8,752
27,767
43,747
79,685
26,383
64,766
21,63
32,713
5,468
33,127
56,679
49,741
16,750
62,672
20,619
62,727
79,742
24,693
19,722
58,717
77,714
49,528
17,504
65,608
22,660
23,510
62,605
62,698
17,728
44,634
48,635
64,526
1,574
48,502
9,417
57,372
70,537
73,473
48,432
62,544
19,282
43,589
43,337
19,557
56,224
56,710
16,721
26,626
59,385
60,529
65,405
55,395
51,426
66,617
33,595
62,671
11,552
53,515
64,666
8,667
79,551
8,615
56,603
41,683
37,522
9,569
22,680
79,505
19,627
27,516
19,723
51,686
66,466
62,719
6,725
65,689
49,637
62,564
50,568
41,286
62,306
32,464
32,453
73,436
63,313
32,28
46,329
43,77
45,218
65,268
65,494
65,440
65,514
66,449
49,769
42,378
43,65
42,783
65,598
9,700
41,625
65,720
64,654
53,662
49,452
59,597
22,256
45,438
52,105
15,240
80,673
22,590
66,612
47,638
55,533
6,622
79,565
55,563
66,664
62,506
6,670
43,692
43,675
64,348
63,541
55,381
66,459
18,584
50,618
32,548
9,546
74,650
4,384
56,408
45,358
42,312
19,779
9,27
72,642
55,718
43,441
57,740
63,592
67,300
66,518
59,227
63,211
58,628
63,213
2,99
14,443
58,639
5,677
4,35
79,155
66,392
62,195
66,98
66,174
14,30
31,462
60,237
65,393
60,422
58,226
55,542
21,298
9,376
62,294
64,305
33,580
71,198
35,331
35,336
62,134
58,192
63,315
60,196
71,682
53,540
64,591
34,148
47,391
33,271
67,547
71,567
9,653
63,704
56,418
54,280
62,630
67,415
41,463
5,687
36,594
65,357
58,360
74,434
66,550
19,629
18,536
9,490
43,368
34,140
46,520
24,125
62,302
43,458
79,11
48,100
62,517
27,141
9,343
33,480
35,308
41,325
49,461
18,245
62,623
73,531
17,364
65,497
50,521
16,534
57,684
32,460
5,601
39,620
15,543
64,715
65,139
66,420
62,212
30,142
33,610
31,651
62,586
6,151
48,425
27,423
9,508
76,73
58,401
52,347
63,539
58,498
48,399
56,561
63,538
67,640
60,621
66,487
65,475
43,649
43,562
63,575
62,571
66,611
65,316
45,648
18,633
79,712
61,442
62,613
43,407
63,350
66,409
58,554
19,410
13,489
6,122
10,176
6,448
64,607
48,501
65,695
21,614
79,532
64,446
62,560
67,301
63,194
64,205
29,207
22,162
66,582
63,335
62,168
8,143
48,208
5,369
67,103
56,588
65,573
66,397
79,281
74,555
65,248
62,307
30,344
66,108
8,25
7,332
19,279
7,362
8,230
56,55
65,12
61,363
64,530
65,323
18,81
64,373
64,513
65,545
53,328
47,527
40,173
65,375
66,152
67,394
17,219
62,359
64,604
38,479
64,341
63,587
53,299
62,330
14,241
53,234
62,370
44,471
62,600
61,503
62,412
3,636
6,467
6,658
6,674
6,193
65,470
59,36
63,8
64,201
62,20
53,246
66,214
35,69
65,435
6,292
65,437
26,295
5,225
18,197
62,317
6,238
66,356
61,112
66,94
66,297
54,60
67,95
79,183
42,342
65,43
6,85
62,191
65,274
27,215
65,189
81,164
63,175
65,101
79,19
65,167
62,411
9,239
6,760
79,652
18,86
5,396
62,365
8,380
65,107
58,229
62,153
58,377
62,158
50,456
62,293
60,483
66,137
60,172
5,252
9,52
66,190
71,304
66,303
62,257
6,314
34,146
62,171
62,92
9,91
30,382
52,79
5,414
65,185
62,145
65,147
65,265
63,113
65,150
62,7
6,129
62,242
67,26
62,138
79,309
67,477
67,157
79,184
62,41
3,10
66,136
5,254
45,2
15,126
64,154
65,61
30,266
6,3
52,144
79,71
6,128
62,272
66,439
12,178
66,121
65,102
6,643
6,339
9,324
62,83
48,80
6,88
65,296
65,288
62,259
79,6
66,42
62,495
67,232
62,163
62,1
62,366
5,4
65,261
13,29
62,119
62,519
62,289
64,419
62,51
62,48
62,402
65,22
60,54
27,40
65,97
65,333
62,32
19,578
9,602
6,131
62,135
64,57
62,132
62,18
64,14
65,179
66,275
62,349
65,283
9,455
65,481
62,285
66,210
65,59
65,104
62,9
63,263
65,39
62,284
64,220
61,5
65,233
61,264
6,223
65,222
62,398
62,576
6,451
66,231
66,253
38,374
62,16
6,556
5,277
66,367
66,244
66,44
62,114
62,353
62,318
9,90
65,120
62,186
62,523
6,249
66,118
79,68
66,93
62,64
66,404
34,267
62,250
29,310
6,361
63,430
6,177
66,72
62,371
61,78
9,270
65,273
67,31
66,47
62,62
62,17
65,96
60,161
79,74
65,334
62,46
6,156
62,116
62,23
6,75
67,56
65,216
29,326
62,255
64,67
62,37
62,478
66,278
62,159
5,209
65,379
66,200
62,509
66,319
66,235
62,447
79,221
62,228
61,188
62,702
65,49
66,269
62,133
65,87
6,428
62,688
62,581
62,596
60,389
65,655
65,553
79,599
62,549
66,641
62,570
62,124
67,646
62,579
62,388
59,676
66,624
6,678
61,705
48,287
79,482
78,387
6,525
79,491
66,492
66,485
61,558
65,400
69,406
65,416
62,390
6,465
9,665
9,450
67,165
9,322
62,496
62,320
62,170
62,354
62,352
6,431
62,58
62,243
62,340
62,559
62,444
62,609
62,457
62,403
67,507
62,276
6,476
59,38
6,202
62,351
62,355
79,433
65,111
62,109
65,338
62,50
62,182
65,203
6,33
62,386
62,474
62,795
62,701
62,781
62,262
66,792
62,794
9,793
62,770
62,290
62,115
9,524
72,34
62,13
65,21
6,15
62,708
79,797
9,737
9,736
62,180
62,786
66,773
62,745
62,771
65,734
62,709
62,731
61,772
62,251
62,743
62,236
62,748
62,749
62,798
62,787
79,445
62,187
62,217
79,732
79,493
9,566
9,657
79,656
9,454
62,427
9,585
9,535
79,659
62,697
60,149
62,84
62,789
9,321
10,744
9,488
62,106
62,199
9,82
9,751
62,429
79,616
62,785
62,593
62,778
62,469
62,765
79,484
62,738
62,204
69,311
62,733
62,726
79,327
79,729
79,345
62,258
62,730
79,707
62,631
9,768
9,500
9,644
9,791
62,110
62,681
79,166
62,764
79,424
61,757
62,413
9,647
62,784
62,472
79,763
79,776
9,572
9,66
62,53
9,117
62,645
79,70
9,247
9,346
9,181
9,24
62,291
9,421
9,160
