75,833
49,565
144,831
83,845
113,640
175,769
140,767
49,682
44,739
28,713
27,797
40,832
154,732
87,762
113,691
37,642
44,756
179,795
44,367
138,711
2,776
113,810
74,671
81,607
166,747
132,822
35,318
113,494
182,669
26,853
34,847
60,818
75,751
127,114
172,687
95,793
182,731
177,608
16,559
18,645
62,707
63,353
72,839
108,771
167,543
113,750
109,723
44,322
67,689
139,763
60,817
145,714
72,709
93,802
49,676
67,746
124,653
162,598
47,573
136,184
92,748
178,179
10,782
101,638
37,675
66,571
67,761
41,579
183,595
113,485
151,304
129,646
131,719
165,778
177,619
155,672
133,615
147,734
72,555
178,764
40,774
80,848
113,668
113,677
169,216
80,212
20,695
88,685
166,305
41,820
123,605
64,686
71,826
44,787
153,841
152,789
113,825
90,819
113,840
24,704
95,416
148,792
177,850
97,829
82,575
87,790
134,712
113,814
44,737
66,740
80,532
83,170
177,568
44,588
179,48
42,550
83,566
49,754
135,547
113,843
64,718
63,725
98,816
160,849
114,806
63,661
68,842
71,437
164,824
35,429
47,652
39,462
41,259
62,518
161,94
40,524
99,19
69,109
130,479
91,478
60,567
66,9
174,326
52,246
175,604
17,618
74,692
180,226
38,422
112,558
181,766
113,267
157,639
119,445
173,800
147,17
113,378
148,727
35,418
86,770
65,328
184,706
92,384
185,374
72,253
113,643
49,234
101,345
42,854
44,670
77,830
31,59
66,131
141,681
13,745
125,852
165,696
113,834
44,779
68,773
113,637
18,708
143,610
44,683
55,512
4,557
52,520
71,654
84,625
66,611
128,626
113,499
60,563
128,393
104,634
155,587
113,589
184,651
42,535
137,562
113,678
154,743
77,585
153,757
178,622
111,788
32,693
73,530
39,118
126,442
87,702
44,703
71,721
58,541
78,656
44,755
8,684
78,781
30,516
108,627
63,644
40,722
180,453
147,522
36,255
44,556
79,423
80,657
40,796
110,837
74,309
101,443
62,600
44,552
121,803
67,738
52,597
96,663
159,617
85,574
103,635
70,591
162,649
89,716
158,705
44,623
103,780
113,641
49,760
103,694
9,580
103,724
44,630
179,458
49,799
81,648
67,759
145,658
44,667
82,477
171,504
17,551
59,592
83,741
43,513
40,472
44,544
75,596
169,459
64,469
68,167
34,444
113,515
171,377
105,338
40,2
113,8
103,435
41,295
81,528
130,401
153,386
43,380
156,534
107,385
113,249
120,55
5,381
35,427
74,483
79,362
1,388
63,390
182,475
49,317
71,144
83,468
101,237
22,187
101,484
94,315
75,449
67,564
44,726
44,465
63,481
96,599
67,700
49,578
122,620
75,323
103,749
68,583
113,116
53,577
94,594
52,768
44,394
77,343
145,169
3,433
44,329
42,344
83,199
19,744
44,283
61,398
44,265
42,506
40,222
80,519
33,655
80,81
100,440
67,375
114,349
102,330
49,526
152,498
97,662
82,650
6,493
42,432
42,266
45,365
73,276
76,12
60,136
40,229
150,68
10,368
80,90
44,133
80,476
80,364
98,537
56,279
96,402
82,209
166,132
25,141
48,348
15,400
41,570
40,614
67,680
44,542
41,452
17,51
170,32
103,193
142,715
106,511
44,593
40,752
155,473
49,569
44,601
134,492
49,502
48,501
151,404
153,327
44,730
49,728
49,697
75,572
51,447
29,391
50,436
57,497
71,742
49,508
42,673
146,772
113,699
146,688
43,733
71,586
60,431
49,603
54,500
79,523
60,214
170,263
67,576
113,293
168,42
153,306
14,439
155,221
117,126
65,122
168,41
67,134
44,233
153,92
44,121
113,270
80,357
13,185
44,56
49,448
21,303
173,514
151,308
48,406
103,335
44,49
79,257
57,609
40,415
42,236
171,584
49,67
57,366
44,482
153,66
63,142
40,710
80,173
49,110
49,190
49,161
44,413
171,127
57,180
67,271
42,313
113,138
169,546
60,290
49,147
156,231
158,23
78,631
151,616
49,488
49,346
168,208
78,521
44,268
82,387
13,33
42,1
80,302
80,311
52,347
49,213
186,93
168,392
49,399
60,296
156,549
52,128
41,188
49,529
44,242
44,53
80,79
42,165
66,43
48,403
53,621
44,430
18,582
167,495
73,227
153,505
176,291
115,525
60,503
40,679
44,456
79,215
171,218
57,461
40,171
49,319
57,203
60,517
60,420
78,510
49,355
79,333
43,331
114,467
57,86
151,735
80,82
60,480
49,613
49,647
67,354
49,466
49,441
80,228
44,111
40,352
49,341
75,359
49,463
57,105
44,260
79,24
40,256
163,280
49,324
70,264
49,117
113,112
44,297
143,4
49,240
49,189
114,160
41,106
153,14
113,211
169,88
49,27
60,130
44,289
49,159
143,225
74,31
44,272
103,16
71,65
44,149
49,332
49,207
116,172
149,219
44,244
49,561
49,312
44,241
44,252
11,247
103,278
49,371
49,250
42,548
44,428
44,195
44,275
44,64
60,232
60,300
44,168
57,298
44,337
49,307
44,358
59,238
42,104
42,340
44,101
49,36
168,301
79,316
42,334
67,137
49,123
57,356
49,61
44,163
49,54
14,140
49,98
49,44
60,220
42,47
44,285
49,373
49,230
44,206
42,784
49,855
60,539
153,861
57,28
44,808
44,720
11,450
44,46
44,851
67,785
49,99
49,181
113,152
80,108
60,97
44,277
73,192
49,813
44,70
44,5
42,22
79,659
49,857
49,660
113,15
49,859
49,166
49,314
23,178
12,828
49,83
73,407
113,248
153,197
49,273
49,201
153,531
49,860
44,157
44,396
44,120
49,821
44,701
44,286
49,805
44,777
44,823
80,632
49,612
49,84
40,419
49,674
44,624
44,815
49,336
40,125
49,858
49,507
49,801
113,835
113,536
44,758
40,698
49,150
173,553
118,491
169,412
49,665
44,287
44,154
46,235
44,310
44,91
57,451
113,269
44,540
44,666
44,85
49,405
78,370
60,460
49,581
44,471
49,414
49,408
44,274
44,446
44,496
57,261
44,434
155,35
44,25
44,360
49,89
49,45
44,487
49,177
57,74
112,425
57,664
42,155
113,143
49,129
49,527
44,58
49,243
44,145
44,6
49,490
44,113
66,75
44,103
44,38
44,62
44,80
60,205
49,18
13,254
44,115
44,148
113,223
49,151
49,37
44,294
49,29
44,69
42,198
44,162
57,164
4,489
57,636
44,383
44,282
57,438
44,602
80,633
7,95
44,417
49,409
44,204
44,538
49,509
57,71
49,457
42,382
49,426
44,339
44,96
44,350
42,554
44,690
44,76
60,411
8,376
44,196
49,284
44,474
49,454
114,153
49,202
49,13
44,124
44,239
44,245
44,455
10,135
44,52
44,258
42,320
44,397
44,395
44,224
57,156
49,78
44,158
1,102
44,183
113,545
44,533
49,3
49,372
49,174
44,7
9,50
113,379
113,107
19,119
44,60
49,20
44,200
44,470
5,26
44,73
44,139
28,281
44,191
49,194
44,72
22,77
49,34
44,210
114,176
44,57
49,606
15,838
113,836
44,560
6,765
113,351
14,63
44,844
13,629
17,811
113,421
44,464
113,827
44,717
44,175
44,809
44,410
44,590
113,846
44,363
113,804
44,783
44,251
44,39
13,486
113,856
44,40
46,182
44,812
44,369
44,146
49,262
114,342
11,807
49,736
11,217
44,753
44,791
44,288
44,786
44,325
12,87
44,424
14,729
44,186
44,299
44,798
44,628
113,100
49,321
44,21
46,775
113,292
18,10
113,794
114,389
113,30
113,361
113,11
