33,374
43,735
43,664
19,665
21,710
19,704
12,660
43,326
10,699
33,672
10,650
15,602
18,356
53,540
24,667
19,599
33,617
24,638
27,716
40,695
34,655
34,693
12,555
34,627
34,697
10,696
25,621
17,588
33,604
34,589
9,132
2,570
19,259
23,289
27,401
10,571
12,56
27,622
41,568
34,493
33,728
30,647
20,709
25,734
10,670
10,629
33,714
24,715
45,700
26,686
34,720
20,712
36,579
39,536
33,631
10,541
43,293
10,637
19,733
10,731
12,633
41,657
43,603
19,616
10,576
52,479
30,572
27,598
52,452
15,587
36,724
28,623
34,727
10,708
34,711
52,674
41,651
52,600
40,713
26,565
43,702
19,701
43,634
43,684
25,654
33,669
41,630
27,680
27,543
33,510
27,492
34,594
34,561
36,721
25,546
10,641
40,258
36,535
53,460
17,688
34,642
22,692
10,433
34,517
5,521
34,440
32,485
43,482
10,624
30,325
11,564
33,529
28,620
22,530
34,575
33,26
40,671
27,658
9,321
10,656
33,628
47,524
34,538
8,478
34,126
10,380
12,198
12,218
10,367
40,430
40,416
10,409
45,539
41,498
31,652
33,368
33,515
17,648
26,501
17,406
6,109
20,509
25,673
24,668
10,593
12,698
3,690
12,542
20,608
35,488
50,646
30,581
10,606
44,679
52,722
30,247
12,96
37,360
38,534
10,338
17,580
33,643
48,619
32,551
30,459
11,601
29,613
33,442
24,516
8,456
48,46
30,591
21,188
41,508
34,649
37,103
33,424
10,322
43,553
42,566
3,635
5,585
12,502
10,717
33,597
24,489
15,659
10,514
15,560
41,499
4,567
19,497
26,388
26,494
27,145
12,398
7,473
10,435
32,413
12,486
34,454
44,531
12,662
45,389
13,339
33,528
23,470
30,120
27,309
41,429
33,436
52,420
45,396
41,350
3,507
33,372
24,294
10,184
12,242
52,385
34,300
1,487
27,618
12,523
9,316
12,370
12,466
35,450
34,65
10,395
30,519
53,513
33,36
6,58
45,45
33,563
12,160
10,677
12,644
30,544
12,490
10,547
43,341
33,353
10,462
43,60
10,74
34,245
34,153
41,586
12,506
34,449
30,314
40,477
36,238
26,329
33,511
10,392
10,549
41,432
19,362
34,504
33,292
44,505
4,394
1,277
43,354
10,554
50,230
6,471
6,422
33,483
52,268
12,343
37,11
20,330
10,9
30,423
12,129
1,481
27,178
49,290
33,225
46,439
50,119
33,31
14,166
26,111
10,170
9,324
33,550
10,315
10,124
10,375
4,303
45,61
12,146
26,384
43,319
10,200
51,219
52,279
12,311
26,467
54,469
34,444
27,453
33,127
10,334
30,455
12,274
45,227
6,239
10,474
8,237
10,37
32,297
14,148
12,226
33,157
10,224
10,128
33,520
8,661
10,345
10,7
33,23
27,203
10,251
10,241
33,196
33,183
34,234
12,426
30,313
33,271
33,141
10,270
10,182
34,105
10,191
13,265
10,295
33,215
12,181
30,147
41,197
7,348
52,573
10,552
43,605
43,415
10,537
10,443
41,512
10,386
26,557
52,412
14,390
10,522
33,187
10,363
15,189
30,558
30,12
27,70
10,451
10,427
34,441
10,491
30,468
10,205
34,342
10,556
12,318
30,287
33,359
34,28
26,138
10,403
30,140
33,100
33,161
12,13
10,6
15,4
20,33
10,16
10,192
15,59
50,64
10,261
43,82
10,52
10,276
10,149
35,142
10,43
52,387
33,102
10,114
44,173
17,5
34,266
34,222
10,280
25,32
34,465
10,582
52,437
44,425
15,336
10,233
43,211
15,361
10,286
52,495
33,636
38,382
10,400
34,607
10,480
10,484
10,323
33,337
6,185
16,331
50,272
10,344
10,383
30,162
10,17
10,136
52,244
10,418
10,615
33,463
52,283
9,545
10,496
13,86
10,291
15,236
12,41
30,320
30,90
45,168
33,257
10,377
10,1
15,112
10,29
12,263
10,116
12,177
10,47
32,475
34,121
10,327
10,216
44,55
10,448
33,308
34,332
33,137
10,206
12,10
13,592
12,457
10,199
10,317
34,107
10,164
12,369
33,249
34,404
10,106
10,248
10,306
33,378
10,373
10,737
10,685
33,405
10,125
10,458
10,421
10,626
10,22
10,262
13,408
10,93
10,340
10,123
33,476
33,518
10,333
10,75
10,92
34,175
10,683
10,229
44,25
10,104
10,40
10,24
10,718
10,51
10,101
10,464
10,569
15,666
10,610
10,574
10,639
10,675
10,625
34,632
10,221
12,73
10,730
15,726
10,676
10,115
52,682
52,691
52,472
10,736
10,596
10,583
10,577
50,500
52,611
10,612
10,252
10,201
15,30
10,21
10,19
10,89
10,91
10,209
10,366
10,88
33,281
10,223
10,195
52,307
10,118
8,68
10,35
15,328
10,38
10,379
10,50
14,194
15,256
15,80
52,288
10,139
10,298
52,193
10,304
10,357
10,85
10,44
10,143
10,27
34,95
10,407
10,278
10,445
15,584
34,364
10,365
10,253
34,67
52,446
10,152
10,208
10,110
33,335
34,431
30,376
10,310
10,42
10,346
10,172
10,165
53,381
10,156
32,240
10,231
10,371
52,135
34,72
10,113
10,167
10,217
10,18
10,15
10,186
10,169
10,144
15,48
10,34
33,207
10,2
52,84
34,267
34,246
34,393
10,243
51,299
33,414
10,8
10,83
10,3
10,351
10,63
10,179
10,352
10,57
10,81
34,108
34,202
10,503
10,411
10,402
10,154
10,264
34,461
10,204
10,133
10,312
33,447
10,49
10,296
34,213
52,235
10,122
10,284
10,355
10,174
50,190
10,347
10,39
10,260
10,214
10,62
10,210
10,134
52,87
10,77
10,250
10,79
10,130
10,20
10,117
10,97
12,254
10,131
53,180
10,159
10,419
34,54
10,94
10,98
10,53
10,255
10,71
10,158
10,176
10,275
34,397
34,228
10,150
52,723
10,548
10,76
52,527
34,706
34,438
10,562
34,732
10,66
52,78
10,725
52,578
10,703
34,410
10,434
10,707
52,694
10,349
10,705
10,533
10,719
10,417
10,689
10,220
10,399
52,729
10,559
52,155
52,678
52,302
10,687
10,358
10,609
10,526
10,273
10,681
10,653
10,525
10,212
10,640
34,595
52,69
10,590
10,99
10,14
52,663
10,232
52,305
34,614
10,301
10,151
52,391
34,285
10,532
52,428
10,645
10,269
10,163
34,171
34,282
