89,753
88,746
93,76
53,762
66,775
91,512
75,668
107,486
64,706
87,696
130,758
123,699
19,780
62,260
19,711
72,691
32,499
62,796
102,45
107,130
19,206
52,89
46,669
151,632
123,735
77,703
113,724
117,790
53,756
120,782
31,754
56,169
5,777
19,716
109,759
141,761
50,123
6,755
64,774
51,663
84,661
91,788
105,583
70,511
115,739
44,694
30,577
55,690
148,606
17,752
54,767
81,747
156,685
52,383
123,766
42,63
63,713
8,468
64,127
103,679
93,741
30,750
115,672
40,619
116,727
156,742
48,693
37,722
107,717
153,714
94,528
35,504
128,608
44,660
47,510
115,605
117,698
33,728
82,634
92,635
125,526
1,574
92,502
18,417
105,372
144,537
149,473
92,432
115,544
38,282
79,589
79,337
37,557
103,224
103,710
32,721
51,626
108,385
111,529
130,405
101,395
96,426
136,617
64,595
116,671
22,552
99,515
123,666
17,667
155,551
16,615
103,603
75,683
71,522
19,569
46,680
156,505
37,627
53,516
38,723
96,686
133,466
115,719
12,725
131,689
93,637
115,564
95,568
76,286
115,306
63,464
63,453
148,436
122,313
63,28
87,329
81,77
85,218
130,268
131,494
130,440
130,514
137,449
94,769
78,378
80,65
78,783
131,598
18,700
75,625
128,720
126,654
98,662
93,452
110,597
45,256
84,438
97,105
29,240
157,673
44,590
137,612
90,638
101,533
14,622
155,565
102,563
137,664
115,506
10,670
79,692
81,675
126,348
120,541
101,381
133,459
36,584
95,618
62,548
19,546
150,650
4,384
103,408
84,358
78,312
39,779
20,27
147,642
101,718
81,441
105,740
122,592
138,300
137,518
108,227
122,211
106,628
122,213
2,99
27,443
107,639
6,677
4,35
155,155
137,392
115,195
137,98
137,174
26,30
61,462
112,237
130,393
111,422
107,226
101,542
41,298
20,376
117,294
126,305
65,580
145,198
69,331
69,336
115,134
106,192
121,315
112,196
145,682
98,540
123,591
67,148
90,391
66,271
140,547
146,567
19,653
120,704
103,418
100,280
116,630
140,415
77,463
8,687
70,594
130,357
107,360
150,434
136,550
39,629
36,536
19,490
81,368
68,140
87,520
49,125
116,302
80,458
155,11
91,100
115,517
53,141
19,343
64,480
69,308
75,325
93,461
36,245
117,623
148,531
33,364
131,497
95,521
31,534
105,684
62,460
7,601
73,620
28,543
123,715
131,139
136,420
115,212
60,142
64,610
61,651
117,586
12,151
92,425
53,423
19,508
152,73
107,401
97,347
119,539
106,498
92,399
103,561
119,538
140,640
112,621
137,487
131,475
81,649
81,562
119,575
117,571
135,611
130,316
85,648
36,633
155,712
114,442
117,613
80,407
122,350
132,409
106,554
38,410
24,489
10,122
21,176
11,448
125,607
92,501
130,695
43,614
155,532
126,446
117,560
140,301
122,194
123,205
56,207
44,162
137,582
122,335
115,168
17,143
92,208
8,369
140,103
104,588
130,573
135,397
155,281
150,555
128,248
116,307
60,344
133,108
16,25
15,332
38,279
15,362
16,230
103,55
131,12
114,363
126,530
131,323
36,81
123,373
123,513
130,545
99,328
89,527
74,173
131,375
136,152
139,394
34,219
115,359
125,604
72,479
126,341
119,587
98,299
116,330
26,241
99,234
116,370
83,471
115,600
114,503
115,412
3,636
12,467
12,658
12,674
14,193
131,470
108,36
120,8
126,201
115,20
99,246
136,214
69,69
129,435
12,292
128,437
52,295
7,225
36,197
115,317
13,238
133,356
114,112
133,94
133,297
100,60
138,95
155,183
78,342
131,43
13,85
115,191
131,274
54,215
130,189
158,164
120,175
128,101
155,19
128,167
115,411
20,239
12,760
155,652
36,86
8,396
115,365
16,380
131,107
107,229
117,153
106,377
116,158
95,456
117,293
112,483
132,137
111,172
9,252
20,52
134,190
146,304
133,303
117,257
14,314
67,146
116,171
117,92
20,91
59,382
97,79
9,414
130,185
118,145
130,147
130,265
120,113
131,150
117,7
14,129
117,242
138,26
115,138
155,309
138,477
139,157
156,184
115,41
3,10
132,136
7,254
86,2
28,126
127,154
130,61
59,266
12,3
97,144
155,71
12,128
115,272
132,439
23,178
133,121
131,102
12,643
12,339
20,324
117,83
91,80
11,88
130,296
129,288
115,259
155,6
134,42
115,495
138,232
115,163
117,1
116,366
7,4
128,261
25,29
115,119
115,519
115,289
126,419
117,51
117,48
117,402
130,22
112,54
53,40
131,97
130,333
117,32
39,578
19,602
12,131
115,135
126,57
115,132
115,18
124,14
130,179
134,275
116,349
130,283
20,455
131,481
115,285
132,210
128,59
131,104
116,9
121,263
130,39
115,284
126,220
114,5
131,233
114,264
12,223
131,222
117,398
117,576
12,451
133,231
136,253
72,374
115,16
12,556
8,277
134,367
132,244
132,44
116,114
117,353
116,318
20,90
131,120
117,186
117,523
12,249
132,118
156,68
136,93
115,64
132,404
67,267
115,250
57,310
12,361
122,430
12,177
137,72
115,371
114,78
20,270
128,273
140,31
136,47
115,62
116,17
131,96
112,161
155,74
131,334
117,46
12,156
116,116
116,23
12,75
139,56
130,216
58,326
117,255
127,67
115,37
115,478
134,278
115,159
9,209
128,379
132,200
116,509
132,319
134,235
117,447
155,221
117,228
114,188
115,702
130,49
132,269
116,133
130,87
12,428
116,688
115,581
117,596
112,389
131,655
131,553
155,599
115,549
132,641
115,570
115,124
138,646
117,579
116,388
109,676
132,624
12,678
113,705
92,287
155,482
154,387
12,525
156,491
132,492
132,485
114,558
128,400
142,406
131,416
116,390
12,465
20,665
20,450
138,165
18,322
115,496
115,320
116,170
115,354
116,352
14,431
117,58
117,243
115,340
115,559
116,444
117,609
115,457
116,403
138,507
116,276
12,476
109,38
12,202
115,351
117,355
155,433
131,111
117,109
130,338
115,50
117,182
131,203
12,33
117,386
115,474
115,795
116,701
115,781
115,262
134,792
115,794
18,793
115,770
115,290
116,115
19,524
147,34
115,13
131,21
12,15
115,708
155,797
19,737
19,736
115,180
115,786
132,773
115,745
115,771
130,734
115,709
115,731
113,772
117,251
116,743
115,236
115,748
117,749
115,798
117,787
155,445
115,187
115,217
155,732
155,493
19,566
20,657
155,656
19,454
115,427
19,585
19,535
155,659
115,697
112,149
115,84
115,789
19,321
21,744
19,488
115,106
115,199
20,82
20,751
115,429
155,616
115,785
115,593
115,778
115,469
115,765
155,484
115,738
115,204
143,311
115,733
115,726
156,327
155,729
155,345
115,258
115,730
155,707
116,631
19,768
19,500
19,644
19,791
115,110
115,681
156,166
115,764
155,424
113,757
115,413
19,647
115,784
116,472
156,763
155,776
19,572
20,66
115,53
18,117
115,645
155,70
19,247
19,346
19,181
19,24
115,291
19,421
20,160
