122,753
121,746
130,76
73,762
91,775
126,512
102,668
152,486
89,706
119,696
195,758
184,699
29,780
85,260
29,711
98,691
46,499
85,796
144,45
152,130
29,206
71,89
65,669
229,632
184,735
105,703
162,724
173,790
73,756
180,782
44,754
76,169
5,777
29,716
156,759
217,761
69,123
6,755
88,774
70,663
116,661
125,788
149,583
96,511
167,739
63,694
43,577
75,690
225,606
27,752
74,767
113,747
239,685
71,383
184,766
61,63
86,713
10,468
89,127
146,679
129,741
43,750
167,672
59,619
172,727
238,742
67,693
54,722
151,717
231,714
131,528
50,504
192,608
63,660
66,510
167,605
176,698
48,728
114,634
127,635
187,526
1,574
127,502
28,417
149,372
220,537
227,473
127,432
167,544
56,282
109,589
109,337
54,557
146,224
145,710
46,721
70,626
154,385
158,529
195,405
142,395
134,426
206,617
89,595
172,671
34,552
140,515
184,666
26,667
237,551
25,615
146,603
103,683
97,522
29,569
65,680
239,505
54,627
73,516
57,723
135,686
203,466
167,719
17,725
200,689
129,637
167,564
133,568
104,286
167,306
86,464
87,453
226,436
183,313
86,28
119,329
113,77
117,218
194,268
199,494
195,440
194,514
208,449
131,769
107,378
111,65
108,783
198,598
28,700
102,625
192,720
189,654
138,662
129,452
157,597
64,256
116,438
137,105
42,240
240,673
63,590
207,612
123,638
143,533
21,622
233,565
144,563
208,664
167,506
13,670
109,692
113,675
190,348
180,541
142,381
203,459
53,584
132,618
84,548
29,546
228,650
4,384
145,408
116,358
107,312
58,779
31,27
224,642
143,718
112,441
148,740
183,592
210,300
207,518
153,227
182,211
150,628
183,213
2,99
40,443
152,639
6,677
4,35
235,155
207,392
167,195
207,98
208,174
39,30
82,462
161,237
194,393
158,422
152,226
143,542
60,298
31,376
176,294
189,305
90,580
221,198
95,331
95,336
168,134
150,192
181,315
161,196
221,682
138,540
184,591
93,148
123,391
91,271
216,547
223,567
29,653
180,704
146,418
141,280
172,630
215,415
106,463
10,687
96,594
195,357
152,360
228,434
206,550
58,629
52,536
29,490
113,368
94,140
120,520
68,125
172,302
110,458
236,11
126,100
167,517
73,141
29,343
89,480
95,308
103,325
130,461
52,245
176,623
225,531
47,364
198,497
133,521
45,534
148,684
84,460
8,601
100,620
41,543
184,715
196,139
206,420
168,212
81,142
88,610
83,651
173,586
18,151
128,425
72,423
29,508
230,73
151,401
136,347
178,539
150,498
127,399
146,561
178,538
214,640
160,621
207,487
200,475
112,649
112,562
178,575
173,571
205,611
195,316
117,648
52,633
235,712
163,442
173,613
110,407
182,350
201,409
150,554
55,410
36,489
13,122
33,176
14,448
187,607
127,501
195,695
62,614
235,532
190,446
173,560
214,301
183,194
184,205
76,207
63,162
207,582
183,335
168,168
26,143
127,208
10,369
214,103
147,588
195,573
205,397
236,281
228,555
192,248
171,307
81,344
202,108
24,25
23,332
55,279
23,362
24,230
146,55
196,12
163,363
189,530
199,323
51,81
184,373
185,513
195,545
140,328
122,527
101,173
199,375
206,152
212,394
49,219
166,359
188,604
98,479
189,341
178,587
139,299
172,330
38,241
140,234
171,370
115,471
167,600
163,503
168,412
3,636
18,467
17,658
17,674
20,193
198,470
153,36
179,8
189,201
170,20
140,246
206,214
95,69
193,435
15,292
192,437
71,295
9,225
52,197
169,317
19,238
202,356
163,112
202,94
202,297
141,60
209,95
234,183
107,342
196,43
19,85
166,191
196,274
74,215
194,189
241,164
179,175
192,101
233,19
192,167
170,411
30,239
17,760
235,652
51,86
10,396
168,365
24,380
199,107
151,229
173,153
150,377
172,158
132,456
175,293
160,483
201,137
159,172
11,252
31,52
204,190
222,304
203,303
175,257
22,314
92,146
172,171
173,92
30,91
80,382
137,79
12,414
195,185
177,145
194,147
195,265
180,113
196,150
173,7
20,129
174,242
209,26
167,138
235,309
211,477
212,157
238,184
168,41
3,10
201,136
7,254
118,2
41,126
191,154
195,61
79,266
18,3
136,144
235,71
18,128
167,272
201,439
35,178
202,121
199,102
18,643
18,339
31,324
176,83
124,80
14,88
195,296
193,288
167,259
236,6
204,42
167,495
209,232
167,163
174,1
171,366
9,4
192,261
37,29
167,119
167,519
167,289
190,419
175,51
174,48
174,402
195,22
160,54
72,40
199,97
194,333
174,32
58,578
29,602
18,131
167,135
190,57
167,132
168,18
186,14
195,179
204,275
171,349
194,283
30,455
199,481
166,285
201,210
192,59
198,104
171,9
181,263
194,39
168,284
190,220
164,5
197,233
165,264
17,223
199,222
174,398
174,576
17,451
202,231
206,253
99,374
168,16
16,556
10,277
204,367
201,244
201,44
171,114
174,353
171,318
31,90
197,120
174,186
174,523
17,249
201,118
238,68
206,93
167,64
201,404
92,267
167,250
77,310
17,361
183,430
17,177
207,72
167,371
165,78
30,270
192,273
214,31
206,47
168,62
171,17
198,96
160,161
235,74
196,334
174,46
17,156
172,116
172,23
17,75
213,56
194,216
78,326
174,255
191,67
167,37
167,478
204,278
167,159
11,209
192,379
201,200
171,509
201,319
204,235
174,447
235,221
174,228
165,188
167,702
194,49
201,269
171,133
195,87
18,428
172,688
168,581
174,596
161,389
199,655
196,553
236,599
167,549
201,641
167,570
167,124
209,646
174,579
171,388
155,676
201,624
17,678
162,705
127,287
237,482
232,387
17,525
238,491
201,492
201,485
164,558
192,400
218,406
197,416
172,390
17,465
30,665
31,450
210,165
28,322
167,496
167,320
172,170
167,354
171,352
20,431
174,58
174,243
167,340
167,559
171,444
174,609
167,457
172,403
210,507
171,276
18,476
155,38
18,202
167,351
174,355
233,433
198,111
174,109
194,338
167,50
174,182
196,203
17,33
174,386
167,474
167,795
171,701
167,781
167,262
204,792
167,794
28,793
167,770
167,290
172,115
29,524
224,34
167,13
197,21
18,15
167,708
236,797
29,737
29,736
168,180
167,786
201,773
167,745
167,771
194,734
167,709
167,731
162,772
174,251
172,743
168,236
167,748
174,749
167,798
174,787
235,445
167,187
167,217
236,732
236,493
29,566
31,657
235,656
29,454
167,427
29,585
29,535
235,659
167,697
160,149
167,84
167,789
29,321
32,744
29,488
167,106
167,199
31,82
31,751
167,429
235,616
167,785
167,593
167,778
167,469
167,765
234,484
167,738
167,204
219,311
167,733
167,726
238,327
233,729
235,345
167,258
167,730
236,707
172,631
29,768
29,500
29,644
29,791
167,110
167,681
238,166
167,764
235,424
162,757
167,413
29,647
167,784
172,472
238,763
235,776
29,572
31,66
167,53
28,117
167,645
237,70
29,247
29,346
29,181
29,24
167,291
29,421
31,160
