41,667
36,680
13,672
4,649
36,652
41,651
32,634
17,671
26,669
36,660
19,510
32,656
8,631
35,647
39,598
36,594
13,682
22,107
38,515
20,405
27,138
20,474
26,481
5,519
35,507
14,552
35,639
17,646
25,495
17,617
28,553
2,658
36,616
17,527
37,584
41,543
8,535
34,654
33,583
17,558
16,636
22,664
17,608
29,655
20,666
26,653
9,629
17,676
17,599
28,560
1,601
17,358
20,644
20,446
20,678
17,71
34,633
36,588
14,145
17,395
15,234
12,550
41,426
17,485
42,430
15,429
17,374
36,302
41,129
41,308
17,327
17,416
17,82
23,257
17,8
14,52
8,489
40,152
17,143
17,421
29,587
17,612
9,579
20,623
39,565
17,90
28,486
4,600
15,452
17,378
13,534
37,549
8,352
36,195
5,432
41,353
17,454
37,417
13,473
16,546
17,363
15,330
1,216
20,228
17,427
15,491
17,536
36,453
5,410
17,400
31,541
36,334
18,350
28,555
12,595
6,663
17,637
1,650
17,643
17,563
14,657
17,508
22,681
17,662
17,372
33,626
17,404
5,590
17,513
28,465
36,478
17,447
36,246
39,611
14,613
37,554
4,580
17,566
36,529
41,568
17,476
36,597
17,591
14,551
17,521
15,574
22,573
33,562
14,585
11,511
17,537
17,412
37,632
37,592
8,576
8,578
14,610
17,642
17,615
17,487
17,533
17,530
5,497
3,455
11,544
17,556
17,630
17,531
41,456
33,479
10,268
32,517
30,282
19,422
36,444
17,509
26,351
17,218
17,329
36,326
17,420
33,451
11,518
17,461
38,394
36,528
32,437
17,324
16,548
37,213
36,202
12,645
36,624
13,496
17,460
14,226
35,545
17,204
36,356
17,377
41,127
17,270
19,159
17,217
17,73
17,249
17,291
15,449
17,337
14,72
17,40
26,442
17,459
17,64
20,364
17,419
17,101
17,439
8,609
17,577
15,561
14,606
4,684
18,532
20,618
17,538
17,614
17,581
17,525
5,559
17,539
17,540
35,214
17,677
10,635
8,564
17,607
17,596
17,431
17,492
17,665
41,409
36,297
17,406
20,141
17,462
17,340
17,488
17,522
39,418
8,467
39,475
17,307
36,493
20,381
17,296
17,231
17,120
17,285
14,277
14,391
5,56
17,211
20,524
17,122
17,362
37,271
17,498
36,298
17,503
17,247
17,463
19,86
36,441
17,567
17,28
17,283
18,317
17,266
17,506
17,117
17,184
17,433
14,361
17,483
17,336
17,342
17,322
17,345
1,79
17,280
20,241
24,436
17,178
6,259
17,237
17,162
17,132
16,424
37,256
10,411
17,80
33,371
18,97
41,229
41,166
17,390
17,413
41,325
36,526
1,179
9,286
20,457
15,67
19,466
17,490
17,393
15,575
20,369
17,379
41,471
17,176
36,289
17,398
17,253
17,232
17,512
17,621
17,49
17,288
17,240
20,207
36,276
17,320
17,124
17,542
17,458
19,335
36,239
17,469
8,220
17,354
19,105
4,294
17,279
27,375
41,275
20,470
41,435
17,382
17,384
17,401
17,516
17,161
20,263
17,206
17,386
17,316
7,209
36,125
17,258
17,75
17,331
17,370
17,244
10,160
37,198
20,48
17,205
17,248
17,357
17,494
17,200
17,281
17,272
41,168
17,365
17,373
17,151
37,328
17,265
17,119
15,227
17,43
41,60
17,30
4,188
38,110
18,34
17,438
17,287
29,167
17,238
17,434
17,181
34,158
32,41
17,189
30,100
17,299
17,304
20,113
41,389
17,224
17,278
17,501
30,675
15,679
17,619
17,245
17,500
17,480
17,520
41,686
36,640
17,628
17,589
17,502
17,45
17,402
17,104
17,20
20,319
17,53
38,255
17,332
17,355
36,225
17,22
17,292
17,313
17,685
17,368
17,423
17,54
17,84
17,348
17,215
17,586
36,264
17,55
17,338
36,203
17,315
10,482
17,11
17,273
41,174
17,343
41,499
17,66
17,408
17,383
17,468
17,208
17,472
17,146
17,106
17,102
17,314
17,89
17,61
17,221
41,318
17,261
17,210
17,121
15,222
17,144
17,76
17,157
15,149
17,26
17,196
17,59
17,135
10,284
17,260
17,91
20,17
17,194
19,3
17,99
41,235
17,171
17,301
17,445
17,477
17,366
17,47
17,83
17,312
17,115
17,62
17,192
17,183
17,165
17,150
21,37
20,93
20,219
20,13
17,251
37,341
41,236
17,77
17,156
17,155
17,295
17,116
17,359
17,230
17,109
36,163
17,262
17,95
17,128
17,24
17,4
20,223
17,344
17,387
41,137
17,88
17,290
17,118
17,103
17,311
17,51
17,32
17,164
17,68
17,415
17,133
17,175
17,33
17,191
17,254
17,112
17,193
17,243
17,428
17,199
17,269
17,131
17,323
41,440
17,443
17,310
17,58
17,2
17,142
17,514
17,333
17,5
17,339
41,274
17,10
17,360
17,180
17,139
17,16
17,186
17,94
17,108
17,380
17,367
17,153
41,154
41,92
41,190
41,300
17,136
17,35
17,98
17,504
17,267
17,425
17,19
17,185
17,388
41,134
17,250
17,85
17,252
20,15
17,25
17,27
20,14
17,233
17,197
17,38
41,57
17,396
17,126
17,182
17,170
17,39
17,148
17,303
17,78
41,87
41,114
41,130
41,50
17,31
17,44
17,81
17,392
17,638
17,407
17,173
17,399
17,111
17,7
17,172
17,12
17,187
20,397
41,212
17,9
41,23
17,177
17,46
41,346
17,21
41,42
20,147
17,123
17,18
17,293
17,74
17,29
17,140
17,604
17,376
17,622
30,347
17,670
20,523
41,464
17,661
17,321
17,602
17,582
17,96
17,36
41,683
17,69
17,625
17,570
17,448
17,659
17,648
17,414
17,63
17,620
17,385
41,603
17,572
41,593
17,309
17,505
17,484
17,668
17,674
17,547
41,169
17,571
41,242
17,557
17,70
41,641
41,403
20,627
17,349
17,1
17,569
20,201
17,6
17,305
17,673
41,450
17,605
20,306
20,65
