20,374
27,735
27,664
12,665
13,710
12,704
8,660
27,326
7,699
20,672
7,650
9,602
11,356
32,540
14,667
12,599
20,617
14,638
16,716
25,695
21,655
21,693
8,555
21,627
21,697
7,696
15,621
10,588
20,604
21,589
7,132
2,570
12,259
14,289
16,401
7,571
8,56
16,622
25,568
21,493
20,728
18,647
12,709
15,734
7,670
7,629
20,714
14,715
27,700
16,686
21,720
12,712
23,579
24,536
20,631
7,541
27,293
7,637
12,733
7,731
8,633
25,657
27,603
12,616
7,576
32,479
18,572
16,598
32,452
9,587
23,724
17,623
21,727
7,708
21,711
32,674
25,651
32,600
25,713
16,565
27,702
12,701
27,634
27,684
15,654
20,669
25,630
16,680
16,543
20,510
16,492
21,594
21,561
23,721
15,546
7,641
25,258
23,535
32,460
10,688
21,642
13,692
7,433
21,517
4,521
21,440
20,485
27,482
7,624
18,325
7,564
20,529
17,620
13,530
21,575
20,26
25,671
16,658
7,321
7,656
20,628
28,524
21,538
6,478
21,126
7,380
8,198
8,218
7,367
25,430
25,416
7,409
27,539
25,498
19,652
20,368
20,515
10,648
16,501
10,406
4,109
12,509
15,673
14,668
7,593
8,698
3,690
8,542
12,608
22,488
30,646
18,581
7,606
27,679
32,722
18,247
8,96
23,360
24,534
7,338
10,580
20,643
29,619
20,551
18,459
7,601
17,613
20,442
14,516
6,456
29,46
18,591
13,188
25,508
21,649
23,103
20,424
7,322
27,553
26,566
3,635
4,585
8,502
7,717
20,597
14,489
9,659
7,514
9,560
25,499
3,567
12,497
16,388
16,494
16,145
8,398
5,473
7,435
20,413
8,486
21,454
27,531
8,662
27,389
9,339
20,528
14,470
18,120
16,309
25,429
20,436
32,420
27,396
25,350
3,507
20,372
14,294
7,184
8,242
32,385
21,300
1,487
16,618
8,523
7,316
8,370
8,466
22,450
21,65
7,395
18,519
32,513
20,36
4,58
27,45
20,563
8,160
7,677
8,644
18,544
8,490
7,547
27,341
20,353
7,462
27,60
7,74
21,245
21,153
25,586
8,506
21,449
18,314
25,477
23,238
16,329
20,511
7,392
7,549
25,432
12,362
21,504
20,292
27,505
3,394
1,277
27,354
7,554
30,230
4,471
4,422
20,483
32,268
8,343
23,11
12,330
7,9
18,423
8,129
1,481
16,178
29,290
20,225
28,439
30,119
20,31
9,166
16,111
7,170
7,324
20,550
7,315
7,124
7,375
3,303
27,61
8,146
16,384
27,319
7,200
31,219
32,279
8,311
16,467
33,469
21,444
16,453
20,127
7,334
18,455
8,274
27,227
4,239
7,474
6,237
7,37
20,297
9,148
8,226
20,157
7,224
7,128
20,520
6,661
7,345
7,7
20,23
16,203
7,251
7,241
20,196
20,183
21,234
8,426
18,313
20,271
20,141
7,270
7,182
21,105
7,191
9,265
7,295
20,215
8,181
18,147
25,197
5,348
32,573
7,552
27,605
27,415
7,537
7,443
25,512
7,386
16,557
32,412
9,390
7,522
20,187
7,363
9,189
18,558
18,12
16,70
7,451
7,427
21,441
7,491
18,468
7,205
21,342
7,556
8,318
18,287
20,359
21,28
16,138
7,403
18,140
20,100
20,161
8,13
7,6
9,4
12,33
7,16
7,192
9,59
30,64
7,261
27,82
7,52
7,276
7,149
22,142
7,43
32,387
20,102
7,114
27,173
10,5
21,266
21,222
7,280
15,32
21,465
7,582
32,437
27,425
9,336
7,233
27,211
9,361
7,286
32,495
20,636
24,382
7,400
21,607
7,480
7,484
7,323
20,337
4,185
9,331
30,272
7,344
7,383
18,162
7,17
7,136
32,244
7,418
7,615
20,463
32,283
7,545
7,496
9,86
7,291
9,236
8,41
18,320
18,90
27,168
20,257
7,377
7,1
9,112
7,29
8,263
7,116
8,177
7,47
20,475
21,121
7,327
7,216
27,55
7,448
20,308
21,332
20,137
7,206
8,10
9,592
8,457
7,199
7,317
21,107
7,164
8,369
20,249
21,404
7,106
7,248
7,306
20,378
7,373
7,737
7,685
20,405
7,125
7,458
7,421
7,626
7,22
7,262
9,408
7,93
7,340
7,123
20,476
20,518
7,333
7,75
7,92
21,175
7,683
7,229
27,25
7,104
7,40
7,24
7,718
7,51
7,101
7,464
7,569
9,666
7,610
7,574
7,639
7,675
7,625
21,632
7,221
8,73
7,730
9,726
7,676
7,115
32,682
32,691
32,472
7,736
7,596
7,583
7,577
30,500
32,611
7,612
7,252
7,201
9,30
7,21
7,19
7,89
7,91
7,209
7,366
7,88
20,281
7,223
7,195
32,307
7,118
6,68
7,35
9,328
7,38
7,379
7,50
9,194
9,256
9,80
32,288
7,139
7,298
32,193
7,304
7,357
7,85
7,44
7,143
7,27
21,95
7,407
7,278
7,445
9,584
21,364
7,365
7,253
21,67
32,446
7,152
7,208
7,110
20,335
21,431
18,376
7,310
7,42
7,346
7,172
7,165
32,381
7,156
20,240
7,231
7,371
32,135
21,72
7,113
7,167
7,217
7,18
7,15
7,186
7,169
7,144
9,48
7,34
20,207
7,2
32,84
21,267
21,246
21,393
7,243
31,299
20,414
7,8
7,83
7,3
7,351
7,63
7,179
7,352
7,57
7,81
21,108
21,202
7,503
7,411
7,402
7,154
7,264
21,461
7,204
7,133
7,312
20,447
7,49
7,296
21,213
32,235
7,122
7,284
7,355
7,174
30,190
7,347
7,39
7,260
7,214
7,62
7,210
7,134
32,87
7,77
7,250
7,79
7,130
7,20
7,117
7,97
8,254
7,131
32,180
7,159
7,419
21,54
7,94
7,98
7,53
7,255
7,71
7,158
7,176
7,275
21,397
21,228
7,150
32,723
7,548
7,76
32,527
21,706
21,438
7,562
21,732
7,66
32,78
7,725
32,578
7,703
21,410
7,434
7,707
32,694
7,349
7,705
7,533
7,719
7,417
7,689
7,220
7,399
32,729
7,559
32,155
32,678
32,302
7,687
7,358
7,609
7,526
7,273
7,681
7,653
7,525
7,212
7,640
21,595
32,69
7,590
7,99
7,14
32,663
7,232
32,305
21,614
7,301
7,151
32,391
21,285
7,532
32,428
7,645
7,269
7,163
21,171
21,282
