2,825
39,1225
58,1247
63,1178
2,1182
39,1177
41,1222
2,996
2,1236
41,1239
58,1061
58,546
40,1097
39,1246
2,1112
2,856
2,1055
39,1185
41,1244
39,1046
39,1167
41,446
2,971
41,1229
2,1232
40,1224
2,987
2,1206
59,1184
41,520
2,1253
3,1179
2,968
41,1252
2,1077
41,1238
2,932
58,1191
58,1176
1,1085
41,619
39,988
41,913
58,1139
2,1140
41,1205
58,568
41,1223
2,1022
58,1148
58,414
2,776
39,670
58,1218
41,1168
61,1133
41,1195
61,667
63,804
2,623
58,964
41,1128
54,1159
2,632
2,865
2,783
58,586
41,843
58,1157
2,976
44,979
2,1033
38,1111
41,949
2,947
44,871
41,755
41,1132
63,516
2,502
43,322
2,1102
20,1180
39,901
41,937
44,848
41,1221
41,391
58,889
41,1203
54,1153
43,1169
41,535
41,1090
41,739
2,874
62,867
3,982
3,744
63,759
41,1149
2,407
41,1110
41,1109
2,1240
61,955
2,462
2,1227
2,727
41,558
10,1065
58,1219
43,1213
3,1135
39,1151
41,1241
2,615
43,1141
2,607
41,1173
2,270
42,752
57,765
42,1114
16,1188
2,767
2,894
56,594
3,1198
2,842
41,296
41,832
3,970
7,823
43,641
2,1142
41,785
43,773
43,725
42,1129
39,421
12,1117
3,1175
43,1234
3,1200
43,1230
2,1040
43,1212
60,1174
1,521
41,926
44,669
58,868
41,251
43,1171
43,1158
4,1120
43,466
39,927
2,675
2,552
18,940
58,792
2,1093
2,1044
2,455
2,571
41,981
43,953
25,510
14,1197
3,1030
43,1025
43,1026
2,1087
42,935
2,345
2,1215
21,529
43,1056
43,898
43,777
2,365
43,1201
17,1242
2,1235
2,951
58,756
43,797
39,610
39,1143
43,341
41,748
44,651
2,816
43,980
42,808
47,719
43,423
3,908
43,1125
43,1154
43,896
43,966
47,303
22,880
43,628
3,318
44,1181
3,1095
3,1138
43,872
43,1013
43,1192
43,1237
58,499
41,914
43,1243
41,794
43,1051
43,1103
2,1052
58,531
44,828
43,1163
43,1152
35,604
10,1228
8,385
6,1122
43,509
43,1194
62,1189
43,1116
23,1131
31,663
3,668
43,775
30,681
43,1001
50,995
43,1210
43,830
41,1127
43,1170
5,905
43,1130
43,1211
34,1078
43,409
43,1084
32,977
36,271
48,638
58,873
43,393
43,1193
44,1119
12,1092
43,672
41,699
43,403
15,892
43,1164
43,1049
9,1012
26,1249
43,1006
43,938
43,761
43,969
43,847
43,350
43,354
29,430
43,406
43,899
27,637
41,1126
43,993
43,1183
43,974
58,386
43,674
2,1144
43,1081
3,989
43,973
43,355
43,572
43,608
43,442
43,213
43,189
43,1220
43,286
3,272
51,513
10,309
41,850
43,508
43,852
43,737
43,944
43,1094
43,434
44,844
43,401
43,357
43,684
43,923
43,612
43,1079
43,702
58,616
43,720
43,500
43,860
43,321
43,791
43,904
43,811
43,717
43,232
43,734
43,1024
43,707
43,424
43,1075
43,729
43,269
43,747
43,602
43,790
3,419
43,538
43,240
43,360
43,362
42,489
43,273
47,329
43,1072
43,460
43,382
43,465
43,812
43,353
43,344
43,786
43,802
43,593
43,855
43,829
43,566
44,963
43,473
43,264
43,1156
43,965
43,554
43,1108
47,1136
43,939
43,408
43,343
43,585
43,447
43,262
43,916
43,936
41,858
43,550
43,439
43,461
10,247
43,644
3,945
43,718
43,486
43,338
43,551
43,664
43,478
43,528
43,577
43,656
43,870
19,1104
11,960
43,284
49,849
43,443
43,1004
43,781
43,250
44,879
43,691
43,763
43,706
43,1039
43,925
43,517
43,714
43,787
43,771
43,1050
43,220
43,890
43,692
43,503
43,1002
43,768
43,622
43,613
43,1123
43,475
43,324
43,745
43,1106
43,437
43,749
43,950
43,1187
43,754
2,713
43,1038
43,545
42,626
43,911
43,328
37,295
43,780
43,640
43,1034
43,203
43,201
32,444
43,441
43,560
43,840
43,857
43,959
43,582
47,736
43,906
43,900
14,511
43,798
43,770
43,1209
43,793
43,313
43,690
43,245
43,339
13,361
24,1003
43,796
43,620
43,415
43,716
43,351
43,288
43,396
43,305
43,789
43,479
43,603
43,530
43,834
43,310
43,555
43,693
43,268
43,910
43,526
43,817
43,1009
43,678
43,864
43,590
58,595
43,564
43,753
43,494
43,553
43,377
43,534
43,533
43,156
43,519
2,962
43,459
43,405
43,598
43,882
43,346
43,1019
43,398
43,512
43,1216
43,676
43,1186
43,639
43,501
43,922
43,1214
43,467
43,1035
43,1199
43,665
43,609
41,575
43,1029
43,983
43,601
3,381
43,199
43,645
43,492
43,930
43,687
43,998
43,347
43,282
43,741
43,1059
43,348
43,801
43,333
43,371
43,686
43,751
43,482
43,778
47,304
43,758
43,624
43,1060
43,184
43,174
43,204
44,562
43,1076
43,1172
43,760
43,319
2,234
43,853
43,942
43,1071
43,231
43,541
43,683
43,374
43,248
43,450
45,671
43,1010
2,573
43,182
43,148
43,1070
43,420
43,611
43,642
43,866
43,1018
43,722
43,402
43,144
43,81
45,158
43,180
43,312
43,334
43,135
43,958
43,515
43,428
43,155
43,113
43,146
43,118
43,139
43,173
43,196
43,138
43,218
43,862
43,1053
43,818
43,655
43,703
43,788
43,440
43,631
43,918
43,588
43,657
43,967
43,694
43,557
64,648
43,1047
43,934
43,306
43,367
43,876
43,505
43,289
43,316
43,984
43,618
43,1005
43,1100
43,454
43,1099
43,723
43,539
43,779
43,715
43,652
47,221
43,277
43,1020
43,799
43,731
43,1226
43,412
43,543
43,281
43,477
43,764
43,1000
43,659
43,294
43,456
43,504
43,822
43,358
43,733
43,851
43,827
43,1115
43,433
43,567
43,302
43,1107
43,366
43,359
43,1037
43,861
43,757
43,1165
43,885
43,774
43,909
43,952
43,330
43,845
43,488
43,1101
43,480
43,730
43,1063
43,709
43,394
43,831
43,742
43,743
43,810
43,915
43,1086
43,1150
43,666
43,524
43,833
43,795
43,819
43,649
43,917
43,507
43,411
43,311
43,416
44,314
43,495
43,474
43,746
43,425
43,1091
43,1096
46,721
43,1098
12,807
9,581
43,1008
43,634
32,711
43,308
43,336
43,895
3,836
43,1088
43,673
43,565
43,1146
43,1067
43,1137
43,946
43,1105
43,1204
43,370
43,451
43,929
43,536
43,893
43,331
43,498
43,547
43,696
43,436
43,682
43,954
43,1054
45,978
43,888
43,704
43,265
43,469
43,679
43,735
43,379
43,726
43,540
13,712
43,375
43,387
43,225
43,293
43,238
43,1048
43,592
43,578
43,903
43,1202
43,661
49,1166
43,383
43,1021
43,496
43,576
43,1155
43,869
43,803
43,327
43,907
43,589
43,1023
43,1162
43,897
43,636
43,491
43,453
43,548
43,468
43,838
43,485
43,732
41,878
43,1124
43,487
43,471
43,1118
43,1042
43,766
43,591
43,580
43,629
43,584
43,991
43,650
43,762
43,826
43,1069
43,912
43,369
43,997
43,606
43,373
43,242
43,332
43,452
43,404
43,902
43,556
43,212
43,859
43,532
43,633
43,990
43,689
43,323
43,214
43,563
43,839
58,256
43,1036
43,1073
43,449
9,1082
2,1031
43,614
43,708
43,527
43,384
43,941
43,400
45,349
43,685
43,846
43,325
43,887
43,627
43,597
43,948
43,646
43,260
43,368
43,291
43,472
43,975
3,740
43,986
33,388
43,630
43,587
43,418
9,884
43,933
43,579
43,806
43,992
43,464
43,92
43,215
43,417
43,202
43,654
43,257
43,399
43,643
43,1217
43,985
43,1017
43,463
43,600
43,1134
43,207
43,972
43,596
43,292
43,635
43,280
43,660
43,337
43,863
43,1043
43,647
43,583
43,1007
43,542
43,700
43,1064
2,490
43,800
43,710
43,1014
43,677
43,569
43,919
43,999
43,470
43,522
43,724
43,617
43,1058
43,784
43,301
43,181
43,924
43,431
43,931
43,883
43,782
43,920
43,680
43,886
43,599
43,653
43,1190
43,422
43,805
43,621
43,1028
43,192
43,881
43,380
43,352
43,891
43,1041
43,525
43,769
43,243
43,875
43,957
43,484
43,658
45,1068
43,326
43,820
43,435
43,1032
43,317
43,276
41,427
43,943
43,290
43,570
43,476
43,320
43,497
43,662
43,410
43,523
43,815
43,824
43,364
43,506
43,274
43,413
43,226
43,395
43,854
43,481
43,169
43,224
43,397
43,209
43,307
43,152
43,71
43,76
28,1290
43,86
43,194
43,688
43,356
7,258
43,544
43,124
43,1062
43,122
43,176
43,429
43,340
43,1207
43,197
43,140
43,537
43,1045
43,1147
43,1089
43,1066
43,342
43,445
43,1080
43,198
43,205
43,363
43,625
43,1208
43,559
43,728
43,574
43,821
43,921
43,1113
43,695
43,254
43,103
2,85
43,219
43,90
43,101
43,168
43,95
43,772
43,78
43,46
43,120
43,137
43,300
43,94
43,372
43,928
43,93
43,151
3,261
43,77
43,55
43,514
49,279
3,131
43,154
43,244
43,217
43,104
43,30
43,10
43,74
43,110
43,88
43,68
3,132
43,57
43,87
43,36
43,116
43,193
43,43
43,1273
43,62
43,1276
43,22
43,1284
43,1277
43,24
43,1279
43,19
43,41
43,7
47,34
43,1298
43,1289
43,48
43,18
43,115
43,21
43,141
43,1283
43,6
43,1278
43,2
55,14
43,159
43,191
43,53
43,84
42,1272
43,190
43,20
43,1297
47,1282
43,1291
43,42
43,1145
43,26
43,13
43,1015
43,392
13,750
43,241
43,298
43,73
43,432
43,1260
47,1255
43,1254
43,1258
13,1259
43,1264
43,1257
43,1261
43,1256
43,1263
47,1262
43,701
43,252
43,438
43,837
43,249
43,227
43,253
43,206
43,179
43,235
43,170
43,458
43,267
43,239
43,275
43,956
43,278
43,236
43,89
43,51
43,61
43,44
43,216
45,283
43,483
43,255
43,47
43,50
43,39
43,153
43,3
3,38
43,69
43,12
43,315
43,11
43,1270
43,54
43,163
43,188
43,223
43,112
43,809
43,67
43,29
43,149
43,58
43,1275
43,106
43,56
43,233
43,97
43,1285
43,1271
43,1286
40,79
43,4
47,59
43,100
43,1299
43,1057
43,1161
43,1268
43,91
43,63
43,1245
43,128
43,123
43,605
43,83
3,389
55,147
43,814
43,178
43,25
43,177
43,70
43,160
43,493
43,164
43,426
43,167
43,33
43,31
43,1274
43,1281
43,166
43,35
43,1266
43,1294
43,60
43,105
43,15
43,107
43,102
43,80
43,1265
43,72
43,8
43,17
43,5
43,23
43,186
43,65
43,1292
43,45
9,1
43,16
43,1295
43,52
43,37
43,1280
43,1296
43,1293
43,1288
43,1267
43,165
42,9
45,1269
43,285
43,195
43,1287
43,187
43,108
43,136
43,49
43,121
43,64
43,161
43,222
43,175
43,1233
43,877
43,994
43,549
43,126
43,183
43,561
43,130
43,119
43,96
14,109
43,28
2,66
43,117
43,27
43,82
43,127
43,75
43,40
43,150
43,208
43,98
43,145
43,143
54,1160
43,211
43,297
14,99
43,1011
14,172
14,32
43,1300
43,378
52,1121
52,287
52,237
52,133
52,200
52,335
52,114
52,518
53,1027
52,705
52,1016
2,210
2,835
2,129
55,157
2,246
58,230
63,1074
39,738
41,1083
2,457
61,259
41,697
41,142
39,1231
41,1250
2,171
2,448
39,1248
39,1251
41,698
63,813
63,1196
2,266
2,841
41,228
44,299
39,111
2,376
2,134
2,961
2,229
2,390
39,125
41,263
63,185
3,162
