1,712
1,728
1,737
1,724
1,701
1,600
4,618
1,508
1,646
1,654
1,656
1,505
1,719
1,739
1,643
1,669
1,664
1,504
4,686
1,616
1,729
1,677
4,596
1,633
4,734
4,718
1,715
1,723
1,702
4,545
1,685
1,671
1,722
1,571
1,406
1,720
1,512
1,756
1,735
4,727
1,370
1,546
1,364
1,427
1,621
4,564
1,351
1,521
1,632
1,732
4,687
1,659
1,526
1,604
1,731
1,705
1,615
1,601
1,506
1,672
1,714
1,611
1,644
4,708
4,479
1,648
1,559
1,588
1,547
4,710
1,667
1,581
1,469
1,553
1,647
4,636
1,638
1,562
1,688
1,585
4,520
1,262
1,630
1,560
1,613
1,419
1,699
1,476
1,590
1,456
1,529
1,570
1,623
1,662
1,272
1,401
1,524
4,403
1,609
4,321
1,346
1,649
1,645
1,386
1,368
1,661
1,652
1,706
1,461
4,284
1,625
4,550
1,586
4,670
1,634
1,610
1,703
1,543
1,683
4,352
1,721
4,568
4,363
1,208
1,535
4,541
1,379
4,497
1,418
2,528
1,444
4,640
1,695
1,607
1,655
1,591
4,680
1,573
1,673
3,696
3,593
4,400
1,709
1,658
1,657
1,540
1,446
1,393
4,319
4,453
1,660
4,438
1,462
4,507
3,744
1,675
1,287
1,264
1,192
1,484
1,679
4,347
1,460
1,605
1,390
4,382
1,405
1,236
1,454
1,578
1,247
4,488
4,378
1,522
4,407
4,425
4,502
1,330
4,373
4,276
4,483
4,285
1,274
4,435
4,491
1,249
1,415
4,515
4,441
1,514
4,374
4,486
4,327
4,381
4,377
4,487
4,429
4,574
4,542
4,463
4,525
4,450
4,455
1,493
1,220
4,238
4,320
4,243
4,413
1,387
4,316
4,354
4,443
4,492
3,397
1,189
1,412
4,150
4,404
4,248
4,537
1,241
4,385
4,299
4,211
1,408
4,232
4,306
4,430
4,464
4,577
4,494
1,567
1,258
4,384
4,255
4,627
4,235
4,270
4,181
4,177
4,532
4,594
4,608
1,421
1,296
4,383
4,694
4,414
1,503
4,411
4,556
4,442
4,513
4,361
4,642
4,209
4,329
4,348
4,325
4,475
4,227
4,449
4,283
4,436
4,307
4,239
4,162
4,266
4,434
4,212
4,297
4,196
4,184
4,301
4,223
4,345
4,259
4,500
4,197
3,490
4,579
4,554
4,392
4,641
4,576
4,480
4,228
4,290
4,288
4,253
4,372
4,440
4,350
4,225
4,375
4,252
4,278
4,176
4,598
4,575
4,395
3,626
4,472
4,416
4,231
4,206
4,595
4,240
4,628
4,561
4,268
4,582
1,277
4,275
4,154
4,201
4,603
4,185
4,750
4,747
4,755
4,745
4,758
4,653
4,760
4,757
4,753
4,742
4,748
4,752
4,746
4,749
4,751
4,743
4,761
1,523
4,552
1,527
4,467
4,332
4,549
4,451
4,530
4,353
4,366
4,221
4,359
4,256
4,322
4,555
4,254
4,280
4,202
4,485
1,291
4,237
4,355
4,300
4,424
4,340
4,519
4,580
4,459
4,389
4,614
4,282
4,544
4,265
4,433
1,380
4,289
4,589
4,305
4,439
4,651
4,311
4,309
4,637
4,639
4,445
4,224
4,668
4,344
4,597
4,587
4,251
4,207
4,315
4,230
4,631
4,195
4,312
4,295
4,698
1,516
4,388
4,313
4,612
4,399
4,509
4,563
4,367
4,583
4,557
4,409
4,716
4,398
4,394
4,622
4,432
4,437
4,465
4,635
4,458
4,410
4,293
4,468
4,539
1,267
4,334
4,349
4,343
4,362
4,428
4,606
4,338
4,302
4,260
4,242
4,357
4,308
4,342
4,518
4,717
4,331
4,182
4,175
4,279
4,261
4,365
4,689
4,510
4,551
4,423
4,304
4,326
4,318
4,726
4,697
4,269
4,681
4,707
4,317
4,617
4,693
1,692
4,629
4,725
4,730
4,676
4,496
4,323
4,666
4,736
4,691
4,733
4,569
4,682
4,665
4,489
4,538
4,548
1,402
4,599
4,481
4,263
4,452
4,572
4,482
4,584
4,558
4,498
4,213
4,501
4,200
4,391
4,376
4,624
4,704
4,324
4,678
4,273
4,360
1,180
4,470
4,690
4,198
4,333
4,740
4,466
4,471
4,328
4,294
4,188
4,286
4,448
4,203
4,193
4,244
1,592
4,684
4,565
4,663
4,536
4,298
1,137
4,336
4,341
4,166
4,229
4,310
4,271
4,199
4,763
4,764
4,754
4,149
4,191
4,257
1,194
4,499
4,110
1,292
4,426
4,369
4,477
4,602
4,219
4,422
4,478
4,358
4,142
4,711
4,533
4,126
4,431
4,417
4,64
4,112
4,172
4,65
4,114
4,25
4,218
4,81
4,741
4,122
4,23
4,46
4,152
4,566
4,30
4,70
4,123
4,179
4,76
4,100
4,7
4,214
4,128
4,473
4,447
4,335
4,650
4,19
4,51
4,770
4,40
4,98
4,26
4,173
4,132
4,120
4,700
4,738
4,303
4,215
4,155
4,713
4,281
4,141
4,140
4,5
4,79
4,15
4,115
4,337
4,420
4,54
4,127
4,102
4,31
4,69
4,517
4,67
4,216
4,8
4,33
4,74
4,29
4,55
4,14
4,89
4,32
4,84
4,28
4,72
1,1
1,47
4,3
4,41
4,97
4,90
4,6
4,39
4,133
4,82
4,762
4,11
4,27
4,21
4,125
4,765
4,44
4,769
4,43
4,768
4,135
4,183
4,190
4,68
4,161
4,159
4,124
4,92
4,234
4,168
4,246
4,147
4,531
4,134
4,66
4,153
4,106
4,60
4,77
4,20
4,22
4,2
4,10
4,93
4,45
4,109
4,101
4,78
4,131
4,58
4,157
4,144
4,24
4,103
4,35
1,146
4,62
4,48
4,18
4,767
4,13
4,87
4,36
4,17
4,37
4,63
4,83
4,9
4,16
4,42
4,136
4,766
4,339
4,205
4,71
4,396
4,178
4,52
4,222
4,356
4,116
3,107
4,474
4,96
4,511
4,534
4,314
4,204
4,138
4,91
4,151
4,50
4,139
4,148
3,88
4,38
4,111
4,80
4,86
4,210
4,61
4,12
4,117
4,73
4,186
4,75
4,620
4,105
4,165
4,85
4,104
4,187
4,163
4,121
4,95
4,169
4,108
4,56
4,143
3,164
4,113
4,129
4,233
4,226
4,759
4,619
4,94
4,59
4,49
4,119
4,34
4,4
4,160
4,250
4,495
4,158
4,245
4,457
4,171
4,217
1,170
4,57
4,99
1,53
4,674
4,371
1,145
1,118
1,167
1,174
1,156
4,130
