14,135
9,167
2,130
6,219
5,278
19,276
14,223
27,192
12,162
9,325
28,201
27,287
22,343
15,265
12,299
7,319
4,235
7,382
9,341
7,141
5,123
7,182
6,381
4,304
6,395
14,418
5,378
9,448
8,222
4,298
6,349
14,449
27,396
10,87
20,406
22,76
27,455
7,405
5,364
6,397
7,311
15,458
7,463
15,473
27,467
14,13
15,36
7,215
27,153
5,344
27,432
19,438
7,371
19,322
4,279
12,216
27,194
14,307
15,294
27,121
27,208
6,470
20,421
13,474
12,54
27,6
14,52
15,303
5,138
16,224
27,380
27,433
14,63
13,110
27,331
25,379
16,315
13,35
27,353
5,246
16,321
27,360
15,317
16,392
15,146
27,372
25,269
7,180
27,460
15,387
7,206
16,189
5,273
12,383
15,231
15,357
27,242
10,476
16,258
10,237
27,184
27,106
27,103
15,115
10,114
27,156
16,295
15,89
27,462
20,339
27,61
5,176
27,79
27,97
27,197
7,165
7,318
12,227
14,290
12,270
19,388
5,301
24,400
27,284
10,232
15,267
27,347
6,257
16,183
24,332
5,209
5,255
7,291
14,217
24,327
15,384
15,158
19,456
14,239
15,316
24,359
16,305
4,8
16,342
15,60
20,401
27,336
15,323
16,187
15,233
15,252
14,157
22,101
15,124
15,296
27,171
27,72
27,49
5,179
28,127
15,109
24,57
5,113
16,37
27,166
27,147
24,86
27,45
14,111
15,82
27,186
27,102
5,33
16,168
15,71
27,51
10,320
14,66
27,75
20,172
14,408
24,12
27,454
27,361
16,466
27,338
27,414
7,160
17,459
6,354
5,461
24,434
16,11
19,425
12,377
15,398
27,435
6,285
5,328
15,90
24,196
15,281
15,253
10,211
15,203
17,272
15,329
19,247
27,429
15,345
15,245
10,236
15,370
15,373
22,148
19,261
27,251
10,250
24,404
13,170
15,243
24,326
24,140
19,205
6,260
7,221
27,126
15,154
16,155
12,14
17,293
27,375
27,202
10,42
24,297
15,367
27,175
14,362
27,145
5,210
10,150
18,151
15,200
10,161
15,83
20,96
15,207
14,213
10,137
15,214
15,330
27,104
15,108
14,59
27,313
5,85
27,47
27,95
16,136
15,228
15,68
16,44
6,300
10,366
24,363
14,457
27,465
5,444
20,346
27,259
13,283
15,144
17,142
10,174
14,314
24,193
12,149
24,164
19,262
14,356
15,185
10,81
16,92
27,107
15,229
12,129
24,70
5,84
5,352
27,77
27,99
10,351
15,306
19,58
27,139
27,248
15,119
24,152
24,238
15,181
27,374
14,254
19,302
24,134
27,310
16,169
19,451
10,427
8,73
14,67
23,26
6,46
15,178
16,391
20,266
27,440
20,424
27,422
24,348
27,416
20,7
21,478
27,32
10,280
24,1
15,376
27,275
15,439
15,389
15,446
20,407
27,472
6,218
5,204
5,241
27,264
10,274
26,105
27,100
8,177
24,282
27,125
24,368
21,442
15,34
15,369
27,420
14,355
25,244
8,98
16,234
16,249
20,337
28,324
10,308
16,402
18,212
5,292
27,413
20,65
26,56
15,195
15,230
23,9
5,415
15,94
15,394
10,15
10,277
15,286
21,118
20,120
15,436
14,417
15,64
14,78
28,74
24,220
20,426
19,477
24,271
24,410
17,365
27,334
4,335
9,412
17,288
27,112
14,132
6,464
14,256
20,431
1,358
12,173
24,268
25,131
23,447
15,468
6,199
27,289
27,471
10,445
8,163
15,430
23,27
25,21
14,80
27,423
9,93
5,191
6,50
5,69
11,240
26,122
12,39
14,159
12,5
24,31
4,40
10,23
19,263
14,4
5,225
14,411
28,312
13,469
14,190
7,399
15,333
5,437
5,62
21,128
19,198
28,390
15,25
12,30
6,24
21,17
14,55
14,143
1,450
10,385
3,419
15,41
5,20
14,428
5,133
24,117
25,226
4,453
14,91
3,53
7,43
27,48
23,22
27,18
15,88
23,116
28,16
17,38
28,188
27,309
22,403
5,29
15,340
26,350
22,441
5,393
6,3
19,452
5,443
14,19
22,28
19,386
9,2
18,409
13,475
14,10
