10,89
12,112
13,33
3,49
14,80
1,113
19,41
1,120
3,65
19,81
23,168
1,67
11,76
4,29
16,189
1,104
22,122
5,75
16,23
16,87
22,121
16,96
16,82
1,28
16,140
16,92
16,117
16,272
16,50
22,102
16,148
22,107
16,68
16,162
16,85
22,56
22,98
5,97
1,60
16,146
16,161
16,22
14,235
18,84
16,20
16,95
16,201
22,42
16,79
16,101
22,70
18,69
22,105
22,58
16,78
16,200
16,55
16,115
16,40
16,88
16,209
16,57
16,114
22,34
16,156
16,77
16,47
16,27
16,91
16,93
16,190
3,63
11,45
14,240
16,138
16,66
16,171
16,26
16,46
16,61
16,31
16,90
22,35
16,15
16,59
11,25
16,232
16,271
16,62
16,19
16,71
16,268
16,244
12,247
16,175
16,264
16,133
16,109
1,43
22,127
16,248
16,249
22,254
16,198
16,221
15,218
16,181
22,158
14,233
15,74
22,5
16,106
16,110
16,126
16,267
1,257
16,3
12,94
12,170
16,119
16,183
16,216
21,178
22,202
22,179
15,172
14,2
3,212
22,224
22,118
22,180
18,13
14,73
22,86
8,261
21,30
22,225
16,160
22,154
16,103
8,228
3,37
22,217
21,124
5,153
16,111
22,182
16,83
21,108
3,166
22,32
22,197
22,184
22,164
8,125
16,53
22,36
14,208
18,152
22,236
16,177
16,203
19,219
22,130
8,129
22,187
21,196
16,48
18,173
12,193
16,100
12,17
22,137
8,252
14,147
21,139
22,195
12,151
12,64
12,207
14,188
22,222
12,215
22,234
21,205
5,143
22,211
22,21
16,51
16,54
5,157
3,131
22,255
18,256
22,223
22,134
22,144
14,231
21,199
16,176
16,220
12,270
22,149
18,185
22,210
2,136
22,260
22,167
16,259
21,123
22,262
12,194
5,52
18,214
22,241
12,132
22,204
14,237
22,44
21,169
14,229
22,159
22,10
12,163
22,7
1,239
20,243
22,269
18,266
7,227
21,186
16,145
14,238
22,213
16,191
22,245
18,18
5,38
19,258
16,250
18,230
7,242
19,251
16,246
5,141
7,135
16,165
14,174
14,253
7,265
7,155
22,273
8,1
14,150
22,142
22,192
13,72
6,4
21,9
21,128
11,263
21,206
2,14
14,24
8,226
20,12
17,99
16,116
19,39
21,16
16,8
16,6
9,11
