1,825
10,1225
12,1247
12,1178
1,1182
10,1177
10,1222
1,996
1,1236
10,1239
12,1061
12,546
10,1097
10,1246
1,1112
1,856
1,1055
10,1185
10,1244
10,1046
10,1167
10,446
1,971
10,1229
1,1232
10,1224
1,987
1,1206
12,1184
10,520
1,1253
1,1179
1,968
10,1252
1,1077
10,1238
1,932
12,1191
12,1176
1,1085
10,619
10,988
10,913
12,1139
1,1140
10,1205
12,568
10,1223
1,1022
12,1148
12,414
1,776
10,670
12,1218
10,1168
12,1133
10,1195
12,667
12,804
1,623
12,964
10,1128
11,1159
1,632
1,865
1,783
12,586
10,843
12,1157
1,976
10,979
1,1033
10,1111
10,949
1,947
10,871
10,755
10,1132
12,516
1,502
10,322
1,1102
5,1180
10,901
10,937
10,848
10,1221
10,391
12,889
10,1203
11,1153
10,1169
10,535
10,1090
10,739
1,874
12,867
1,982
1,744
12,759
10,1149
1,407
10,1110
10,1109
1,1240
12,955
1,462
1,1227
1,727
10,558
2,1065
12,1219
10,1213
1,1135
10,1151
10,1241
1,615
10,1141
1,607
10,1173
1,270
10,752
11,765
10,1114
3,1188
1,767
1,894
11,594
1,1198
1,842
10,296
10,832
1,970
2,823
10,641
1,1142
10,785
10,773
10,725
10,1129
10,421
2,1117
1,1175
10,1234
1,1200
10,1230
1,1040
10,1212
12,1174
1,521
10,926
10,669
12,868
10,251
10,1171
10,1158
1,1120
10,466
10,927
1,675
1,552
3,940
12,792
1,1093
1,1044
1,455
1,571
10,981
10,953
6,510
2,1197
1,1030
10,1025
10,1026
1,1087
10,935
1,345
1,1215
6,529
10,1056
10,898
10,777
1,365
10,1201
3,1242
1,1235
1,951
12,756
10,797
10,610
10,1143
10,341
10,748
10,651
1,816
10,980
10,808
10,719
10,423
1,908
10,1125
10,1154
10,896
10,966
10,303
6,880
10,628
1,318
10,1181
1,1095
1,1138
10,872
10,1013
10,1192
10,1237
12,499
10,914
10,1243
10,794
10,1051
10,1103
1,1052
12,531
10,828
10,1163
10,1152
9,604
2,1228
2,385
1,1122
10,509
10,1194
12,1189
10,1116
6,1131
8,663
1,668
10,775
7,681
10,1001
10,995
10,1210
10,830
10,1127
10,1170
1,905
10,1130
10,1211
9,1078
10,409
10,1084
9,977
9,271
10,638
12,873
10,393
10,1193
10,1119
2,1092
10,672
10,699
10,403
3,892
10,1164
10,1049
2,1012
6,1249
10,1006
10,938
10,761
10,969
10,847
10,350
10,354
7,430
10,406
10,899
7,637
10,1126
10,993
10,1183
10,974
12,386
10,674
1,1144
10,1081
1,989
10,973
10,355
10,572
10,608
10,442
10,213
10,189
10,1220
10,286
1,272
10,513
2,309
10,850
10,508
10,852
10,737
10,944
10,1094
10,434
10,844
10,401
10,357
10,684
10,923
10,612
10,1079
10,702
12,616
10,720
10,500
10,860
10,321
10,791
10,904
10,811
10,717
10,232
10,734
10,1024
10,707
10,424
10,1075
10,729
10,269
10,747
10,602
10,790
1,419
10,538
10,240
10,360
10,362
10,489
10,273
10,329
10,1072
10,460
10,382
10,465
10,812
10,353
10,344
10,786
10,802
10,593
10,855
10,829
10,566
10,963
10,473
10,264
10,1156
10,965
10,554
10,1108
10,1136
10,939
10,408
10,343
10,585
10,447
10,262
10,916
10,936
10,858
10,550
10,439
10,461
2,247
10,644
1,945
10,718
10,486
10,338
10,551
10,664
10,478
10,528
10,577
10,656
10,870
4,1104
2,960
10,284
10,849
10,443
10,1004
10,781
10,250
10,879
10,691
10,763
10,706
10,1039
10,925
10,517
10,714
10,787
10,771
10,1050
10,220
10,890
10,692
10,503
10,1002
10,768
10,622
10,613
10,1123
10,475
10,324
10,745
10,1106
10,437
10,749
10,950
10,1187
10,754
1,713
10,1038
10,545
10,626
10,911
10,328
10,295
10,780
10,640
10,1034
10,203
10,201
9,444
10,441
10,560
10,840
10,857
10,959
10,582
10,736
10,906
10,900
2,511
10,798
10,770
10,1209
10,793
10,313
10,690
10,245
10,339
2,361
6,1003
10,796
10,620
10,415
10,716
10,351
10,288
10,396
10,305
10,789
10,479
10,603
10,530
10,834
10,310
10,555
10,693
10,268
10,910
10,526
10,817
10,1009
10,678
10,864
10,590
12,595
10,564
10,753
10,494
10,553
10,377
10,534
10,533
10,156
10,519
1,962
10,459
10,405
10,598
10,882
10,346
10,1019
10,398
10,512
10,1216
10,676
10,1186
10,639
10,501
10,922
10,1214
10,467
10,1035
10,1199
10,665
10,609
10,575
10,1029
10,983
10,601
1,381
10,199
10,645
10,492
10,930
10,687
10,998
10,347
10,282
10,741
10,1059
10,348
10,801
10,333
10,371
10,686
10,751
10,482
10,778
10,304
10,758
10,624
10,1060
10,184
10,174
10,204
10,562
10,1076
10,1172
10,760
10,319
1,234
10,853
10,942
10,1071
10,231
10,541
10,683
10,374
10,248
10,450
10,671
10,1010
1,573
10,182
10,148
10,1070
10,420
10,611
10,642
10,866
10,1018
10,722
10,402
10,144
10,81
10,158
10,180
10,312
10,334
10,135
10,958
10,515
10,428
10,155
10,113
10,146
10,118
10,139
10,173
10,196
10,138
10,218
10,862
10,1053
10,818
10,655
10,703
10,788
10,440
10,631
10,918
10,588
10,657
10,967
10,694
10,557
13,648
10,1047
10,934
10,306
10,367
10,876
10,505
10,289
10,316
10,984
10,618
10,1005
10,1100
10,454
10,1099
10,723
10,539
10,779
10,715
10,652
10,221
10,277
10,1020
10,799
10,731
10,1226
10,412
10,543
10,281
10,477
10,764
10,1000
10,659
10,294
10,456
10,504
10,822
10,358
10,733
10,851
10,827
10,1115
10,433
10,567
10,302
10,1107
10,366
10,359
10,1037
10,861
10,757
10,1165
10,885
10,774
10,909
10,952
10,330
10,845
10,488
10,1101
10,480
10,730
10,1063
10,709
10,394
10,831
10,742
10,743
10,810
10,915
10,1086
10,1150
10,666
10,524
10,833
10,795
10,819
10,649
10,917
10,507
10,411
10,311
10,416
10,314
10,495
10,474
10,746
10,425
10,1091
10,1096
10,721
10,1098
2,807
2,581
10,1008
10,634
9,711
10,308
10,336
10,895
1,836
10,1088
10,673
10,565
10,1146
10,1067
10,1137
10,946
10,1105
10,1204
10,370
10,451
10,929
10,536
10,893
10,331
10,498
10,547
10,696
10,436
10,682
10,954
10,1054
10,978
10,888
10,704
10,265
10,469
10,679
10,735
10,379
10,726
10,540
2,712
10,375
10,387
10,225
10,293
10,238
10,1048
10,592
10,578
10,903
10,1202
10,661
10,1166
10,383
10,1021
10,496
10,576
10,1155
10,869
10,803
10,327
10,907
10,589
10,1023
10,1162
10,897
10,636
10,491
10,453
10,548
10,468
10,838
10,485
10,732
10,878
10,1124
10,487
10,471
10,1118
10,1042
10,766
10,591
10,580
10,629
10,584
10,991
10,650
10,762
10,826
10,1069
10,912
10,369
10,997
10,606
10,373
10,242
10,332
10,452
10,404
10,902
10,556
10,212
10,859
10,532
10,633
10,990
10,689
10,323
10,214
10,563
10,839
12,256
10,1036
10,1073
10,449
2,1082
1,1031
10,614
10,708
10,527
10,384
10,941
10,400
10,349
10,685
10,846
10,325
10,887
10,627
10,597
10,948
10,646
10,260
10,368
10,291
10,472
10,975
1,740
10,986
9,388
10,630
10,587
10,418
2,884
10,933
10,579
10,806
10,992
10,464
10,92
10,215
10,417
10,202
10,654
10,257
10,399
10,643
10,1217
10,985
10,1017
10,463
10,600
10,1134
10,207
10,972
10,596
10,292
10,635
10,280
10,660
10,337
10,863
10,1043
10,647
10,583
10,1007
10,542
10,700
10,1064
1,490
10,800
10,710
10,1014
10,677
10,569
10,919
10,999
10,470
10,522
10,724
10,617
10,1058
10,784
10,301
10,181
10,924
10,431
10,931
10,883
10,782
10,920
10,680
10,886
10,599
10,653
10,1190
10,422
10,805
10,621
10,1028
10,192
10,881
10,380
10,352
10,891
10,1041
10,525
10,769
10,243
10,875
10,957
10,484
10,658
10,1068
10,326
10,820
10,435
10,1032
10,317
10,276
10,427
10,943
10,290
10,570
10,476
10,320
10,497
10,662
10,410
10,523
10,815
10,824
10,364
10,506
10,274
10,413
10,226
10,395
10,854
10,481
10,169
10,224
10,397
10,209
10,307
10,152
10,71
10,76
7,1290
10,86
10,194
10,688
10,356
2,258
10,544
10,124
10,1062
10,122
10,176
10,429
10,340
10,1207
10,197
10,140
10,537
10,1045
10,1147
10,1089
10,1066
10,342
10,445
10,1080
10,198
10,205
10,363
10,625
10,1208
10,559
10,728
10,574
10,821
10,921
10,1113
10,695
10,254
10,103
1,85
10,219
10,90
10,101
10,168
10,95
10,772
10,78
10,46
10,120
10,137
10,300
10,94
10,372
10,928
10,93
10,151
1,261
10,77
10,55
10,514
10,279
1,131
10,154
10,244
10,217
10,104
10,30
10,10
10,74
10,110
10,88
10,68
1,132
10,57
10,87
10,36
10,116
10,193
10,43
10,1273
10,62
10,1276
10,22
10,1284
10,1277
10,24
10,1279
10,19
10,41
10,7
10,34
10,1298
10,1289
10,48
10,18
10,115
10,21
10,141
10,1283
10,6
10,1278
10,2
11,14
10,159
10,191
10,53
10,84
10,1272
10,190
10,20
10,1297
10,1282
10,1291
10,42
10,1145
10,26
10,13
10,1015
10,392
2,750
10,241
10,298
10,73
10,432
10,1260
10,1255
10,1254
10,1258
2,1259
10,1264
10,1257
10,1261
10,1256
10,1263
10,1262
10,701
10,252
10,438
10,837
10,249
10,227
10,253
10,206
10,179
10,235
10,170
10,458
10,267
10,239
10,275
10,956
10,278
10,236
10,89
10,51
10,61
10,44
10,216
10,283
10,483
10,255
10,47
10,50
10,39
10,153
10,3
1,38
10,69
10,12
10,315
10,11
10,1270
10,54
10,163
10,188
10,223
10,112
10,809
10,67
10,29
10,149
10,58
10,1275
10,106
10,56
10,233
10,97
10,1285
10,1271
10,1286
10,79
10,4
10,59
10,100
10,1299
10,1057
10,1161
10,1268
10,91
10,63
10,1245
10,128
10,123
10,605
10,83
1,389
11,147
10,814
10,178
10,25
10,177
10,70
10,160
10,493
10,164
10,426
10,167
10,33
10,31
10,1274
10,1281
10,166
10,35
10,1266
10,1294
10,60
10,105
10,15
10,107
10,102
10,80
10,1265
10,72
10,8
10,17
10,5
10,23
10,186
10,65
10,1292
10,45
2,1
10,16
10,1295
10,52
10,37
10,1280
10,1296
10,1293
10,1288
10,1267
10,165
10,9
10,1269
10,285
10,195
10,1287
10,187
10,108
10,136
10,49
10,121
10,64
10,161
10,222
10,175
10,1233
10,877
10,994
10,549
10,126
10,183
10,561
10,130
10,119
10,96
2,109
10,28
1,66
10,117
10,27
10,82
10,127
10,75
10,40
10,150
10,208
10,98
10,145
10,143
11,1160
10,211
10,297
2,99
10,1011
2,172
2,32
10,1300
10,378
10,1121
10,287
10,237
10,133
10,200
10,335
10,114
10,518
10,1027
10,705
10,1016
1,210
1,835
1,129
11,157
1,246
12,230
12,1074
10,738
10,1083
1,457
12,259
10,697
10,142
10,1231
10,1250
1,171
1,448
10,1248
10,1251
10,698
12,813
12,1196
1,266
1,841
10,228
10,299
10,111
1,376
1,134
1,961
1,229
1,390
10,125
10,263
12,185
1,162
