44,833
33,565
97,831
50,845
73,640
115,769
93,767
33,682
33,739
23,713
22,797
31,832
101,732
54,762
73,691
28,642
33,756
118,795
33,367
91,711
2,776
73,810
44,671
49,607
109,747
86,822
27,318
73,494
121,669
21,853
26,847
36,818
44,751
84,114
113,687
60,793
121,731
117,608
12,559
13,645
37,707
37,353
43,839
68,771
110,543
73,750
69,723
33,322
39,689
92,763
36,817
98,714
43,709
59,802
33,676
39,746
81,653
106,598
33,573
89,184
59,748
117,179
9,782
63,638
28,675
39,571
39,761
31,579
121,595
73,485
100,304
85,646
86,719
108,778
117,619
102,672
87,615
98,734
43,555
117,764
31,774
48,848
73,668
73,677
112,216
48,212
15,695
55,685
109,305
31,820
80,605
38,686
42,826
33,787
100,841
100,789
73,825
57,819
73,840
19,704
60,416
99,792
117,850
60,829
49,575
54,790
88,712
73,814
33,737
39,740
48,532
50,170
117,568
33,588
118,48
32,550
50,566
33,754
88,547
73,843
38,718
37,725
61,816
104,849
73,806
37,661
40,842
42,437
107,824
27,429
33,652
30,462
31,259
37,518
105,94
31,524
62,19
41,109
86,479
58,478
36,567
39,9
114,326
33,246
115,604
13,618
44,692
119,226
29,422
72,558
120,766
73,267
102,639
77,445
114,800
98,17
73,378
99,727
27,418
53,770
39,328
122,706
59,384
123,374
43,253
73,643
33,234
63,345
32,854
33,670
46,830
24,59
39,131
94,681
9,745
82,852
108,696
73,834
33,779
40,773
73,637
13,708
96,610
33,683
35,512
4,557
33,520
42,654
51,625
39,611
85,626
73,499
36,563
85,393
65,634
102,587
73,589
122,651
32,535
90,562
73,678
101,743
46,585
100,757
117,622
71,788
25,693
44,530
30,118
83,442
54,702
33,703
42,721
36,541
46,656
33,755
7,684
46,781
24,516
68,627
37,644
31,722
119,453
98,522
27,255
33,556
47,423
48,657
31,796
70,837
44,309
63,443
37,600
33,552
78,803
39,738
33,597
60,663
104,617
52,574
65,635
42,591
106,649
56,716
103,705
33,623
65,780
73,641
33,760
65,694
8,580
65,724
33,630
118,458
33,799
49,648
39,759
98,658
33,667
49,477
113,504
13,551
36,592
50,741
32,513
31,472
33,544
44,596
112,459
38,469
40,167
26,444
73,515
113,377
66,338
31,2
73,8
65,435
31,295
49,528
86,401
100,386
32,380
102,534
67,385
73,249
77,55
5,381
27,427
44,483
47,362
1,388
37,390
121,475
33,317
42,144
50,468
63,237
17,187
63,484
60,315
44,449
39,564
33,726
33,465
37,481
60,599
39,700
33,578
79,620
44,323
65,749
40,583
73,116
33,577
60,594
33,768
33,394
46,343
98,169
3,433
33,329
32,344
50,199
14,744
33,283
36,398
33,265
32,506
31,222
48,519
25,655
48,81
62,440
39,375
73,349
64,330
33,526
100,498
60,662
49,650
6,493
32,432
32,266
33,365
44,276
45,12
36,136
31,229
100,68
9,368
48,90
33,133
48,476
48,364
61,537
35,279
60,402
49,209
109,132
20,141
33,348
11,400
31,570
31,614
39,680
33,542
31,452
13,51
112,32
65,193
95,715
67,511
33,593
31,752
102,473
33,569
33,601
88,492
33,502
33,501
100,404
100,327
33,730
33,728
33,697
44,572
33,447
23,391
33,436
36,497
42,742
33,508
32,673
98,772
73,699
98,688
32,733
42,586
36,431
33,603
34,500
47,523
36,214
112,263
39,576
73,293
111,42
100,306
10,439
102,221
75,126
39,122
111,41
39,134
33,233
100,92
33,121
73,270
48,357
9,185
33,56
33,448
16,303
114,514
100,308
33,406
65,335
33,49
47,257
36,609
31,415
32,236
113,584
33,67
36,366
33,482
100,66
37,142
31,710
48,173
33,110
33,190
33,161
33,413
113,127
36,180
39,271
32,313
73,138
112,546
36,290
33,147
102,231
103,23
46,631
100,616
33,488
33,346
111,208
46,521
33,268
49,387
9,33
32,1
48,302
48,311
33,347
33,213
124,93
111,392
33,399
36,296
102,549
33,128
31,188
33,529
33,242
33,53
48,79
32,165
39,43
33,403
33,621
33,430
13,582
110,495
44,227
100,505
116,291
74,525
36,503
31,679
33,456
47,215
113,218
36,461
31,171
33,319
36,203
36,517
36,420
46,510
33,355
47,333
32,331
73,467
36,86
100,735
48,82
36,480
33,613
33,647
39,354
33,466
33,441
48,228
33,111
31,352
33,341
44,359
33,463
36,105
33,260
47,24
31,256
107,280
33,324
42,264
33,117
73,112
33,297
96,4
33,240
33,189
73,160
31,106
100,14
73,211
112,88
33,27
36,130
33,289
33,159
96,225
44,31
33,272
65,16
42,65
33,149
33,332
33,207
74,172
100,219
33,244
33,561
33,312
33,241
33,252
9,247
65,278
33,371
33,250
32,548
33,428
33,195
33,275
33,64
36,232
36,300
33,168
36,298
33,337
33,307
33,358
36,238
32,104
32,340
33,101
33,36
111,301
47,316
32,334
39,137
33,123
36,356
33,61
33,163
33,54
10,140
33,98
33,44
36,220
32,47
33,285
33,373
33,230
33,206
32,784
33,855
36,539
100,861
36,28
33,808
33,720
9,450
33,46
33,851
39,785
33,99
33,181
73,152
48,108
36,97
33,277
44,192
33,813
33,70
33,5
32,22
47,659
33,857
33,660
73,15
33,859
33,166
33,314
18,178
9,828
33,83
44,407
73,248
100,197
33,273
33,201
100,531
33,860
33,157
33,396
33,120
33,821
33,701
33,286
33,805
33,777
33,823
48,632
33,612
33,84
31,419
33,674
33,624
33,815
33,336
31,125
33,858
33,507
33,801
73,835
73,536
33,758
31,698
33,150
114,553
76,491
112,412
33,665
33,287
33,154
33,235
33,310
33,91
36,451
73,269
33,540
33,666
33,85
33,405
46,370
36,460
33,581
33,471
33,414
33,408
33,274
33,446
33,496
36,261
33,434
102,35
33,25
33,360
33,89
33,45
33,487
33,177
36,74
72,425
36,664
32,155
73,143
33,129
33,527
33,58
33,243
33,145
33,6
33,490
33,113
39,75
33,103
33,38
33,62
33,80
36,205
33,18
9,254
33,115
33,148
73,223
33,151
33,37
33,294
33,29
33,69
32,198
33,162
36,164
4,489
36,636
33,383
33,282
36,438
33,602
48,633
6,95
33,417
33,409
33,204
33,538
33,509
36,71
33,457
32,382
33,426
33,339
33,96
33,350
32,554
33,690
33,76
36,411
7,376
33,196
33,284
33,474
33,454
73,153
33,202
33,13
33,124
33,239
33,245
33,455
9,135
33,52
33,258
32,320
33,397
33,395
33,224
36,156
33,78
33,158
1,102
33,183
73,545
33,533
33,3
33,372
33,174
33,7
8,50
73,379
73,107
14,119
33,60
33,20
33,200
33,470
5,26
33,73
33,139
23,281
33,191
33,194
33,72
17,77
33,34
33,210
73,176
33,57
33,606
11,838
73,836
33,560
6,765
73,351
10,63
33,844
9,629
13,811
73,421
33,464
73,827
33,717
33,175
33,809
33,410
33,590
73,846
33,363
73,804
33,783
33,251
33,39
9,486
73,856
33,40
33,182
33,812
33,369
33,146
33,262
73,342
9,807
33,736
9,217
33,753
33,791
33,288
33,786
33,325
9,87
33,424
10,729
33,186
33,299
33,798
33,628
73,100
33,321
33,21
33,775
73,292
13,10
73,794
73,389
73,30
73,361
73,11
