135,753
134,746
144,76
82,762
103,775
139,512
115,668
167,486
101,706
132,696
221,758
208,699
34,780
97,260
34,711
111,691
52,499
97,796
158,45
167,130
34,206
79,89
73,669
261,632
208,735
118,703
179,724
194,790
82,756
203,782
50,754
86,169
5,777
34,716
172,759
247,761
77,123
7,755
100,774
78,663
129,661
138,788
163,583
109,511
185,739
71,694
49,577
85,690
257,606
32,752
83,767
126,747
271,685
80,383
208,766
68,63
98,713
11,468
101,127
160,679
143,741
49,750
185,672
66,619
192,727
270,742
75,693
60,722
166,717
263,714
145,528
56,504
217,608
70,660
74,510
185,605
198,698
54,728
127,634
141,635
211,526
1,574
140,502
33,417
163,372
250,537
259,473
141,432
185,544
62,282
122,589
122,337
60,557
160,224
159,710
52,721
78,626
169,385
174,529
221,405
156,395
148,426
236,617
101,595
193,671
40,552
154,515
208,666
31,667
269,551
30,615
160,603
116,683
110,522
34,569
73,680
271,505
60,627
82,516
63,723
149,686
233,466
185,719
19,725
229,689
143,637
185,564
147,568
117,286
185,306
98,464
99,453
258,436
207,313
98,28
132,329
126,77
130,218
220,268
227,494
221,440
219,514
238,449
145,769
120,378
124,65
121,783
226,598
33,700
115,625
216,720
213,654
152,662
143,452
173,597
72,256
129,438
151,105
48,240
272,673
70,590
237,612
136,638
157,533
24,622
265,565
158,563
238,664
185,506
15,670
122,692
126,675
214,348
203,541
156,381
233,459
59,584
146,618
96,548
34,546
260,650
4,384
159,408
129,358
120,312
64,779
37,27
256,642
157,718
125,441
162,740
207,592
240,300
237,518
168,227
206,211
164,628
207,213
2,99
46,443
167,639
6,677
4,35
267,155
237,392
185,195
237,98
238,174
45,30
94,462
177,237
219,393
174,422
167,226
157,542
67,298
37,376
198,294
213,305
102,580
252,198
107,331
107,336
187,134
165,192
205,315
177,196
251,682
152,540
208,591
105,148
136,391
103,271
246,547
254,567
34,653
204,704
160,418
155,280
193,630
245,415
119,463
11,687
109,594
221,357
167,360
260,434
236,550
65,629
58,536
34,490
126,368
106,140
133,520
76,125
192,302
123,458
268,11
139,100
185,517
82,141
34,343
101,480
107,308
116,325
144,461
58,245
198,623
257,531
53,364
226,497
147,521
51,534
162,684
96,460
9,601
113,620
47,543
208,715
222,139
236,420
187,212
92,142
100,610
95,651
194,586
20,151
142,425
81,423
34,508
262,73
166,401
150,347
200,539
165,498
141,399
160,561
200,538
244,640
176,621
237,487
229,475
125,649
125,562
201,575
194,571
235,611
221,316
130,648
58,633
267,712
181,442
194,613
123,407
206,350
231,409
164,554
61,410
42,489
15,122
39,176
16,448
211,607
140,501
221,695
69,614
267,532
214,446
194,560
244,301
207,194
208,205
87,207
70,162
237,582
207,335
187,168
31,143
140,208
11,369
244,103
161,588
221,573
235,397
268,281
260,555
217,248
191,307
93,344
232,108
28,25
26,332
61,279
27,362
28,230
160,55
224,12
180,363
213,530
228,323
57,81
208,373
209,513
221,545
154,328
135,527
114,173
228,375
236,152
242,394
55,219
184,359
212,604
111,479
213,341
200,587
153,299
192,330
44,241
154,234
191,370
128,471
185,600
180,503
187,412
3,636
20,467
19,658
19,674
23,193
226,470
168,36
202,8
213,201
190,20
154,246
236,214
108,69
218,435
17,292
217,437
79,295
10,225
58,197
189,317
22,238
232,356
180,112
232,94
232,297
155,60
239,95
266,183
120,342
222,43
22,85
184,191
222,274
84,215
220,189
273,164
202,175
216,101
265,19
216,167
190,411
35,239
19,760
267,652
57,86
11,396
187,365
29,380
228,107
166,229
194,153
165,377
192,158
146,456
196,293
176,483
230,137
175,172
13,252
37,52
234,190
253,304
233,303
197,257
25,314
104,146
192,171
194,92
35,91
91,382
151,79
14,414
221,185
199,145
220,147
221,265
203,113
222,150
194,7
23,129
195,242
239,26
185,138
267,309
241,477
242,157
270,184
187,41
3,10
231,136
8,254
131,2
47,126
215,154
221,61
90,266
20,3
150,144
267,71
21,128
185,272
231,439
41,178
232,121
228,102
21,643
21,339
37,324
198,83
137,80
16,88
221,296
218,288
185,259
268,6
234,42
186,495
239,232
185,163
195,1
191,366
10,4
216,261
43,29
185,119
185,519
185,289
214,419
196,51
195,48
195,402
221,22
176,54
81,40
227,97
220,333
195,32
64,578
34,602
21,131
185,135
214,57
185,132
188,18
210,14
221,179
234,275
191,349
220,283
36,455
228,481
184,285
231,210
217,59
226,104
191,9
205,263
220,39
187,284
214,220
182,5
225,233
183,264
19,223
228,222
195,398
195,576
19,451
232,231
236,253
112,374
187,16
18,556
11,277
234,367
231,244
231,44
191,114
195,353
191,318
37,90
225,120
195,186
195,523
19,249
231,118
270,68
236,93
185,64
231,404
104,267
185,250
88,310
19,361
207,430
19,177
237,72
185,371
183,78
35,270
216,273
244,31
236,47
187,62
191,17
226,96
176,161
267,74
223,334
195,46
19,156
192,116
192,23
19,75
243,56
220,216
89,326
195,255
215,67
185,37
185,478
234,278
185,159
12,209
216,379
231,200
191,509
230,319
234,235
195,447
267,221
195,228
183,188
185,702
220,49
231,269
191,133
221,87
20,428
192,688
187,581
195,596
177,389
228,655
222,553
268,599
185,549
230,641
185,570
185,124
239,646
195,579
191,388
171,676
231,624
19,678
178,705
140,287
269,482
264,387
19,525
270,491
231,492
231,485
182,558
216,400
248,406
225,416
192,390
19,465
35,665
37,450
240,165
33,322
185,496
185,320
192,170
185,354
191,352
23,431
195,58
195,243
185,340
185,559
191,444
195,609
185,457
193,403
240,507
191,276
20,476
170,38
20,202
185,351
195,355
265,433
226,111
195,109
220,338
185,50
195,182
223,203
19,33
195,386
185,474
185,795
191,701
185,781
185,262
234,792
185,794
33,793
185,770
185,290
192,115
34,524
255,34
185,13
225,21
20,15
185,708
268,797
34,737
34,736
187,180
185,786
230,773
185,745
185,771
220,734
185,709
185,731
178,772
195,251
192,743
187,236
185,748
195,749
185,798
195,787
267,445
185,187
185,217
268,732
268,493
34,566
37,657
267,656
34,454
185,427
34,585
34,535
267,659
185,697
176,149
185,84
185,789
34,321
38,744
34,488
185,106
185,199
37,82
37,751
185,429
267,616
185,785
185,593
185,778
185,469
185,765
266,484
185,738
185,204
249,311
185,733
185,726
270,327
265,729
267,345
185,258
185,730
268,707
192,631
34,768
34,500
34,644
34,791
185,110
185,681
270,166
185,764
267,424
179,757
185,413
34,647
185,784
192,472
270,763
267,776
34,572
37,66
185,53
33,117
185,645
269,70
34,247
34,346
34,181
34,24
185,291
34,421
37,160
