6,753
6,746
6,76
5,762
5,775
6,512
6,668
7,486
5,706
6,696
7,758
7,699
2,780
5,260
2,711
5,691
4,499
5,796
7,45
7,130
2,206
5,89
4,669
9,632
7,735
6,703
7,724
7,790
5,756
7,782
4,754
5,169
2,777
2,716
7,759
7,761
4,123
2,755
5,774
5,663
6,661
6,788
7,583
5,511
7,739
4,694
4,577
5,690
8,606
2,752
5,767
6,747
9,685
5,383
7,766
4,63
5,713
2,468
5,127
7,679
6,741
4,750
7,672
4,619
7,727
9,742
4,693
4,722
7,717
9,714
6,528
4,504
7,608
4,660
4,510
7,605
7,698
4,728
6,634
6,635
7,526
1,574
6,502
2,417
7,372
7,537
8,473
6,432
7,544
4,282
6,589
6,337
4,557
7,224
7,710
4,721
5,626
7,385
7,529
7,405
7,395
6,426
7,617
5,595
7,671
2,552
7,515
7,666
2,667
9,551
2,615
7,603
6,683
5,522
2,569
4,680
9,505
4,627
5,516
4,723
6,686
7,466
7,719
2,725
7,689
6,637
7,564
6,568
6,286
7,306
5,464
5,453
8,436
7,313
5,28
6,329
6,77
6,218
7,268
7,494
7,440
7,514
7,449
6,769
6,378
6,65
6,783
7,598
2,700
6,625
7,720
7,654
7,662
6,452
7,597
4,256
6,438
7,105
3,240
10,673
4,590
7,612
6,638
7,533
2,622
9,565
7,563
7,664
7,506
2,670
6,692
6,675
7,348
7,541
7,381
7,459
4,584
6,618
5,548
2,546
9,650
2,384
7,408
6,358
6,312
4,779
2,27
8,642
7,718
6,441
7,740
7,592
7,300
7,518
7,227
7,211
7,628
7,213
1,99
3,443
7,639
2,677
2,35
9,155
7,392
7,195
7,98
7,174
3,30
5,462
7,237
7,393
7,422
7,226
7,542
4,298
2,376
7,294
7,305
5,580
8,198
5,331
5,336
7,134
7,192
7,315
7,196
8,682
7,540
7,591
5,148
6,391
5,271
7,547
8,567
2,653
7,704
7,418
7,280
7,630
7,415
6,463
2,687
5,594
7,357
7,360
9,434
7,550
4,629
4,536
2,490
6,368
5,140
6,520
4,125
7,302
6,458
9,11
6,100
7,517
5,141
2,343
5,480
5,308
6,325
6,461
4,245
7,623
8,531
4,364
7,497
6,521
4,534
7,684
5,460
2,601
5,620
3,543
7,715
7,139
7,420
7,212
5,142
5,610
5,651
7,586
2,151
6,425
5,423
2,508
9,73
7,401
7,347
7,539
7,498
6,399
7,561
7,538
7,640
7,621
7,487
7,475
6,649
6,562
7,575
7,571
7,611
7,316
6,648
4,633
9,712
7,442
7,613
6,407
7,350
7,409
7,554
4,410
3,489
2,122
2,176
2,448
7,607
6,501
7,695
4,614
9,532
7,446
7,560
7,301
7,194
7,205
5,207
4,162
7,582
7,335
7,168
2,143
6,208
2,369
7,103
7,588
7,573
7,397
9,281
9,555
7,248
7,307
5,344
7,108
2,25
2,332
4,279
2,362
2,230
7,55
7,12
7,363
7,530
7,323
4,81
7,373
7,513
7,545
7,328
6,527
5,173
7,375
7,152
7,394
4,219
7,359
7,604
5,479
7,341
7,587
7,299
7,330
3,241
7,234
7,370
6,471
7,600
7,503
7,412
2,636
2,467
2,658
2,674
2,193
7,470
7,36
7,8
7,201
7,20
7,246
7,214
5,69
7,435
2,292
7,437
5,295
2,225
4,197
7,317
2,238
7,356
7,112
7,94
7,297
7,60
7,95
9,183
6,342
7,43
2,85
7,191
7,274
5,215
7,189
11,164
7,175
7,101
9,19
7,167
7,411
2,239
2,760
9,652
4,86
2,396
7,365
2,380
7,107
7,229
7,153
7,377
7,158
6,456
7,293
7,483
7,137
7,172
2,252
2,52
7,190
8,304
7,303
7,257
2,314
5,146
7,171
7,92
2,91
5,382
7,79
2,414
7,185
7,145
7,147
7,265
7,113
7,150
7,7
2,129
7,242
7,26
7,138
9,309
7,477
7,157
9,184
7,41
2,10
7,136
2,254
6,2
3,126
7,154
7,61
5,266
2,3
7,144
9,71
2,128
7,272
7,439
2,178
7,121
7,102
2,643
2,339
2,324
7,83
6,80
2,88
7,296
7,288
7,259
9,6
7,42
7,495
7,232
7,163
7,1
7,366
2,4
7,261
3,29
7,119
7,519
7,289
7,419
7,51
7,48
7,402
7,22
7,54
5,40
7,97
7,333
7,32
4,578
2,602
2,131
7,135
7,57
7,132
7,18
7,14
7,179
7,275
7,349
7,283
2,455
7,481
7,285
7,210
7,59
7,104
7,9
7,263
7,39
7,284
7,220
7,5
7,233
7,264
2,223
7,222
7,398
7,576
2,451
7,231
7,253
5,374
7,16
2,556
2,277
7,367
7,244
7,44
7,114
7,353
7,318
2,90
7,120
7,186
7,523
2,249
7,118
9,68
7,93
7,64
7,404
5,267
7,250
5,310
2,361
7,430
2,177
7,72
7,371
7,78
2,270
7,273
7,31
7,47
7,62
7,17
7,96
7,161
9,74
7,334
7,46
2,156
7,116
7,23
2,75
7,56
7,216
5,326
7,255
7,67
7,37
7,478
7,278
7,159
2,209
7,379
7,200
7,509
7,319
7,235
7,447
9,221
7,228
7,188
7,702
7,49
7,269
7,133
7,87
2,428
7,688
7,581
7,596
7,389
7,655
7,553
9,599
7,549
7,641
7,570
7,124
7,646
7,579
7,388
7,676
7,624
2,678
7,705
6,287
9,482
9,387
2,525
9,491
7,492
7,485
7,558
7,400
7,406
7,416
7,390
2,465
2,665
2,450
7,165
2,322
7,496
7,320
7,170
7,354
7,352
2,431
7,58
7,243
7,340
7,559
7,444
7,609
7,457
7,403
7,507
7,276
2,476
7,38
2,202
7,351
7,355
9,433
7,111
7,109
7,338
7,50
7,182
7,203
2,33
7,386
7,474
7,795
7,701
7,781
7,262
7,792
7,794
2,793
7,770
7,290
7,115
2,524
8,34
7,13
7,21
2,15
7,708
9,797
2,737
2,736
7,180
7,786
7,773
7,745
7,771
7,734
7,709
7,731
7,772
7,251
7,743
7,236
7,748
7,749
7,798
7,787
9,445
7,187
7,217
9,732
9,493
2,566
2,657
9,656
2,454
7,427
2,585
2,535
9,659
7,697
7,149
7,84
7,789
2,321
2,744
2,488
7,106
7,199
2,82
2,751
7,429
9,616
7,785
7,593
7,778
7,469
7,765
9,484
7,738
7,204
7,311
7,733
7,726
9,327
9,729
9,345
7,258
7,730
9,707
7,631
2,768
2,500
2,644
2,791
7,110
7,681
9,166
7,764
9,424
7,757
7,413
2,647
7,784
7,472
9,763
9,776
2,572
2,66
7,53
2,117
7,645
9,70
2,247
2,346
2,181
2,24
7,291
2,421
2,160
