20,833
19,565
46,831
22,845
33,640
52,769
45,767
19,682
19,739
13,713
12,797
19,832
48,732
24,762
33,691
16,642
19,756
53,795
19,367
44,711
2,776
33,810
20,671
22,607
51,747
41,822
16,318
33,494
54,669
12,853
16,847
20,818
20,751
40,114
51,687
28,793
54,731
53,608
6,559
6,645
20,707
20,353
20,839
30,771
51,543
33,750
30,723
19,322
20,689
45,763
20,817
47,714
20,709
27,802
19,676
20,746
39,653
50,598
19,573
42,184
27,748
53,179
6,782
29,638
16,675
20,571
20,761
19,579
54,595
33,485
48,304
41,646
41,719
51,778
53,619
48,672
41,615
47,734
20,555
53,764
19,774
21,848
33,668
33,677
51,216
21,212
7,695
25,685
51,305
19,820
38,605
20,686
20,826
19,787
48,841
48,789
33,825
27,819
33,840
11,704
28,416
47,792
53,850
28,829
22,575
24,790
42,712
33,814
19,737
20,740
21,532
22,170
53,568
19,588
53,48
19,550
22,566
19,754
42,547
33,843
20,718
20,725
28,816
49,849
33,806
20,661
20,842
20,437
50,824
16,429
19,652
18,462
19,259
20,518
49,94
19,524
28,19
20,109
41,479
27,478
20,567
20,9
51,326
19,246
52,604
6,618
20,692
53,226
17,422
33,558
53,766
33,267
48,639
36,445
51,800
47,17
33,378
47,727
16,418
23,770
20,328
54,706
27,384
54,374
20,253
33,643
19,234
29,345
19,854
19,670
20,830
14,59
20,131
45,681
6,745
39,852
51,696
33,834
19,779
20,773
33,637
6,708
46,610
19,683
20,512
4,557
19,520
20,654
22,625
20,611
41,626
33,499
20,563
41,393
29,634
48,587
33,589
54,651
19,535
43,562
33,678
48,743
20,585
48,757
53,622
32,788
15,693
20,530
18,118
40,442
24,702
19,703
20,721
20,541
20,656
19,755
5,684
20,781
14,516
30,627
20,644
19,722
53,453
47,522
16,255
19,556
20,423
21,657
19,796
31,837
20,309
29,443
20,600
19,552
36,803
20,738
19,597
28,663
49,617
22,574
29,635
20,591
50,649
26,716
49,705
19,623
29,780
33,641
19,760
29,694
6,580
29,724
19,630
53,458
19,799
22,648
20,759
47,658
19,667
22,477
51,504
6,551
20,592
22,741
19,513
19,472
19,544
20,596
51,459
20,469
20,167
16,444
33,515
51,377
29,338
19,2
33,8
29,435
19,295
22,528
41,401
48,386
19,380
48,534
30,385
33,249
36,55
5,381
16,427
20,483
20,362
1,388
20,390
54,475
19,317
20,144
22,468
29,237
9,187
29,484
28,315
20,449
20,564
19,726
19,465
20,481
28,599
20,700
19,578
37,620
20,323
29,749
20,583
33,116
19,577
28,594
19,768
19,394
20,343
47,169
3,433
19,329
19,344
22,199
7,744
19,283
20,398
19,265
19,506
19,222
21,519
15,655
21,81
28,440
20,375
33,349
29,330
19,526
48,498
28,662
22,650
5,493
19,432
19,266
19,365
20,276
20,12
20,136
19,229
48,68
6,368
21,90
19,133
21,476
21,364
28,537
20,279
28,402
22,209
51,132
12,141
19,348
6,400
19,570
19,614
20,680
19,542
19,452
6,51
51,32
29,193
45,715
30,511
19,593
19,752
48,473
19,569
19,601
42,492
19,502
19,501
48,404
48,327
19,730
19,728
19,697
20,572
19,447
13,391
19,436
20,497
20,742
19,508
19,673
47,772
33,699
47,688
19,733
20,586
20,431
19,603
19,500
20,523
20,214
51,263
20,576
33,293
51,42
48,306
6,439
48,221
34,126
20,122
51,41
20,134
19,233
48,92
19,121
33,270
21,357
6,185
19,56
19,448
8,303
51,514
48,308
19,406
29,335
19,49
20,257
20,609
19,415
19,236
51,584
19,67
20,366
19,482
48,66
20,142
19,710
21,173
19,110
19,190
19,161
19,413
51,127
20,180
20,271
19,313
33,138
51,546
20,290
19,147
48,231
49,23
20,631
48,616
19,488
19,346
51,208
20,521
19,268
22,387
6,33
19,1
21,302
21,311
19,347
19,213
55,93
51,392
19,399
20,296
48,549
19,128
19,188
19,529
19,242
19,53
21,79
19,165
20,43
19,403
19,621
19,430
6,582
51,495
20,227
48,505
52,291
34,525
20,503
19,679
19,456
20,215
51,218
20,461
19,171
19,319
20,203
20,517
20,420
20,510
19,355
20,333
19,331
33,467
20,86
48,735
21,82
20,480
19,613
19,647
20,354
19,466
19,441
21,228
19,111
19,352
19,341
20,359
19,463
20,105
19,260
20,24
19,256
50,280
19,324
20,264
19,117
33,112
19,297
46,4
19,240
19,189
33,160
19,106
48,14
33,211
51,88
19,27
20,130
19,289
19,159
46,225
20,31
19,272
29,16
20,65
19,149
19,332
19,207
34,172
48,219
19,244
19,561
19,312
19,241
19,252
6,247
29,278
19,371
19,250
19,548
19,428
19,195
19,275
19,64
20,232
20,300
19,168
20,298
19,337
19,307
19,358
20,238
19,104
19,340
19,101
19,36
51,301
20,316
19,334
20,137
19,123
20,356
19,61
19,163
19,54
6,140
19,98
19,44
20,220
19,47
19,285
19,373
19,230
19,206
19,784
19,855
20,539
48,861
20,28
19,808
19,720
6,450
19,46
19,851
20,785
19,99
19,181
33,152
21,108
20,97
19,277
20,192
19,813
19,70
19,5
19,22
20,659
19,857
19,660
33,15
19,859
19,166
19,314
10,178
6,828
19,83
20,407
33,248
48,197
19,273
19,201
48,531
19,860
19,157
19,396
19,120
19,821
19,701
19,286
19,805
19,777
19,823
21,632
19,612
19,84
19,419
19,674
19,624
19,815
19,336
19,125
19,858
19,507
19,801
33,835
33,536
19,758
19,698
19,150
51,553
35,491
51,412
19,665
19,287
19,154
19,235
19,310
19,91
20,451
33,269
19,540
19,666
19,85
19,405
20,370
20,460
19,581
19,471
19,414
19,408
19,274
19,446
19,496
20,261
19,434
48,35
19,25
19,360
19,89
19,45
19,487
19,177
20,74
33,425
20,664
19,155
33,143
19,129
19,527
19,58
19,243
19,145
19,6
19,490
19,113
20,75
19,103
19,38
19,62
19,80
20,205
19,18
6,254
19,115
19,148
33,223
19,151
19,37
19,294
19,29
19,69
19,198
19,162
20,164
4,489
20,636
19,383
19,282
20,438
19,602
21,633
5,95
19,417
19,409
19,204
19,538
19,509
20,71
19,457
19,382
19,426
19,339
19,96
19,350
19,554
19,690
19,76
20,411
5,376
19,196
19,284
19,474
19,454
33,153
19,202
19,13
19,124
19,239
19,245
19,455
6,135
19,52
19,258
19,320
19,397
19,395
19,224
20,156
19,78
19,158
1,102
19,183
33,545
19,533
19,3
19,372
19,174
19,7
6,50
33,379
33,107
7,119
19,60
19,20
19,200
19,470
5,26
19,73
19,139
13,281
19,191
19,194
19,72
9,77
19,34
19,210
33,176
19,57
19,606
6,838
33,836
19,560
5,765
33,351
6,63
19,844
6,629
6,811
33,421
19,464
33,827
19,717
19,175
19,809
19,410
19,590
33,846
19,363
33,804
19,783
19,251
19,39
6,486
33,856
19,40
19,182
19,812
19,369
19,146
19,262
33,342
6,807
19,736
6,217
19,753
19,791
19,288
19,786
19,325
6,87
19,424
6,729
19,186
19,299
19,798
19,628
33,100
19,321
19,21
19,775
33,292
6,10
33,794
33,389
33,30
33,361
33,11
