32,753
31,746
34,76
20,762
24,775
33,512
28,668
40,486
24,706
31,696
44,758
43,699
6,780
23,260
6,711
27,691
12,499
23,796
38,45
40,130
6,206
20,89
17,669
50,632
43,735
28,703
41,724
41,790
20,756
42,782
12,754
21,169
3,777
6,716
41,759
45,761
19,123
4,755
24,774
20,663
31,661
33,788
39,583
26,511
41,739
17,694
12,577
20,690
48,606
5,752
20,767
30,747
53,685
20,383
43,766
16,63
23,713
4,468
24,127
39,679
34,741
12,750
41,672
15,619
41,727
53,742
18,693
14,722
40,717
52,714
34,528
13,504
44,608
17,660
17,510
41,605
41,698
13,728
30,634
33,635
43,526
1,574
33,502
6,417
39,372
46,537
48,473
33,432
41,544
14,282
30,589
30,337
14,557
39,224
39,710
12,721
20,626
41,385
41,529
44,405
38,395
35,426
44,617
24,595
41,671
8,552
37,515
43,666
5,667
53,551
5,615
39,603
28,683
26,522
6,569
17,680
53,505
14,627
20,516
14,723
35,686
44,466
41,719
4,725
44,689
34,637
41,564
35,568
28,286
41,306
23,464
23,453
48,436
42,313
23,28
31,329
30,77
31,218
44,268
44,494
44,440
44,514
44,449
34,769
29,378
30,65
29,783
44,598
6,700
28,625
44,720
43,654
37,662
34,452
41,597
17,256
31,438
36,105
11,240
54,673
17,590
44,612
32,638
38,533
4,622
53,565
38,563
44,664
41,506
4,670
30,692
30,675
43,348
42,541
38,381
44,459
13,584
35,618
23,548
6,546
49,650
3,384
39,408
31,358
29,312
14,779
6,27
47,642
38,718
30,441
39,740
42,592
45,300
44,518
41,227
42,211
40,628
42,213
2,99
11,443
40,639
4,677
3,35
53,155
44,392
41,195
44,98
44,174
11,30
22,462
41,237
44,393
41,422
40,226
38,542
16,298
6,376
41,294
43,305
24,580
47,198
25,331
25,336
41,134
40,192
42,315
41,196
47,682
37,540
43,591
25,148
32,391
24,271
45,547
47,567
6,653
42,704
39,418
38,280
41,630
45,415
28,463
4,687
26,594
44,357
40,360
49,434
44,550
14,629
13,536
6,490
30,368
25,140
31,520
18,125
41,302
30,458
53,11
33,100
41,517
20,141
6,343
24,480
25,308
28,325
34,461
13,245
41,623
48,531
13,364
44,497
35,521
12,534
39,684
23,460
4,601
27,620
11,543
43,715
44,139
44,420
41,212
22,142
24,610
22,651
41,586
4,151
33,425
20,423
6,508
51,73
40,401
36,347
42,539
40,498
33,399
39,561
42,538
45,640
41,621
44,487
44,475
30,649
30,562
42,575
41,571
44,611
44,316
31,648
13,633
53,712
41,442
41,613
30,407
42,350
44,409
40,554
14,410
10,489
4,122
7,176
4,448
43,607
33,501
44,695
16,614
53,532
43,446
41,560
45,301
42,194
43,205
21,207
17,162
44,582
42,335
41,168
5,143
33,208
4,369
45,103
39,588
44,573
44,397
53,281
49,555
44,248
41,307
22,344
44,108
5,25
4,332
14,279
4,362
5,230
39,55
44,12
41,363
43,530
44,323
13,81
43,373
43,513
44,545
37,328
32,527
27,173
44,375
44,152
45,394
13,219
41,359
43,604
27,479
43,341
42,587
37,299
41,330
11,241
37,234
41,370
30,471
41,600
41,503
41,412
3,636
4,467
4,658
4,674
4,193
44,470
41,36
42,8
43,201
41,20
37,246
44,214
25,69
44,435
4,292
44,437
20,295
4,225
13,197
41,317
4,238
44,356
41,112
44,94
44,297
38,60
45,95
53,183
29,342
44,43
4,85
41,191
44,274
20,215
44,189
55,164
42,175
44,101
53,19
44,167
41,411
6,239
4,760
53,652
13,86
4,396
41,365
5,380
44,107
40,229
41,153
40,377
41,158
35,456
41,293
41,483
44,137
41,172
4,252
6,52
44,190
47,304
44,303
41,257
4,314
25,146
41,171
41,92
6,91
22,382
36,79
4,414
44,185
41,145
44,147
44,265
42,113
44,150
41,7
4,129
41,242
45,26
41,138
53,309
45,477
45,157
53,184
41,41
3,10
44,136
4,254
31,2
11,126
43,154
44,61
22,266
4,3
36,144
53,71
4,128
41,272
44,439
9,178
44,121
44,102
4,643
4,339
6,324
41,83
33,80
4,88
44,296
44,288
41,259
53,6
44,42
41,495
45,232
41,163
41,1
41,366
4,4
44,261
10,29
41,119
41,519
41,289
43,419
41,51
41,48
41,402
44,22
41,54
20,40
44,97
44,333
41,32
14,578
6,602
4,131
41,135
43,57
41,132
41,18
43,14
44,179
44,275
41,349
44,283
6,455
44,481
41,285
44,210
44,59
44,104
41,9
42,263
44,39
41,284
43,220
41,5
44,233
41,264
4,223
44,222
41,398
41,576
4,451
44,231
44,253
27,374
41,16
4,556
4,277
44,367
44,244
44,44
41,114
41,353
41,318
6,90
44,120
41,186
41,523
4,249
44,118
53,68
44,93
41,64
44,404
25,267
41,250
21,310
4,361
42,430
4,177
44,72
41,371
41,78
6,270
44,273
45,31
44,47
41,62
41,17
44,96
41,161
53,74
44,334
41,46
4,156
41,116
41,23
4,75
45,56
44,216
21,326
41,255
43,67
41,37
41,478
44,278
41,159
4,209
44,379
44,200
41,509
44,319
44,235
41,447
53,221
41,228
41,188
41,702
44,49
44,269
41,133
44,87
4,428
41,688
41,581
41,596
41,389
44,655
44,553
53,599
41,549
44,641
41,570
41,124
45,646
41,579
41,388
41,676
44,624
4,678
41,705
33,287
53,482
52,387
4,525
53,491
44,492
44,485
41,558
44,400
46,406
44,416
41,390
4,465
6,665
6,450
45,165
6,322
41,496
41,320
41,170
41,354
41,352
4,431
41,58
41,243
41,340
41,559
41,444
41,609
41,457
41,403
45,507
41,276
4,476
41,38
4,202
41,351
41,355
53,433
44,111
41,109
44,338
41,50
41,182
44,203
4,33
41,386
41,474
41,795
41,701
41,781
41,262
44,792
41,794
6,793
41,770
41,290
41,115
6,524
47,34
41,13
44,21
4,15
41,708
53,797
6,737
6,736
41,180
41,786
44,773
41,745
41,771
44,734
41,709
41,731
41,772
41,251
41,743
41,236
41,748
41,749
41,798
41,787
53,445
41,187
41,217
53,732
53,493
6,566
6,657
53,656
6,454
41,427
6,585
6,535
53,659
41,697
41,149
41,84
41,789
6,321
7,744
6,488
41,106
41,199
6,82
6,751
41,429
53,616
41,785
41,593
41,778
41,469
41,765
53,484
41,738
41,204
46,311
41,733
41,726
53,327
53,729
53,345
41,258
41,730
53,707
41,631
6,768
6,500
6,644
6,791
41,110
41,681
53,166
41,764
53,424
41,757
41,413
6,647
41,784
41,472
53,763
53,776
6,572
6,66
41,53
6,117
41,645
53,70
6,247
6,346
6,181
6,24
41,291
6,421
6,160
