1,825
34,1225
50,1247
54,1178
1,1182
34,1177
35,1222
1,996
1,1236
35,1239
50,1061
50,546
34,1097
34,1246
1,1112
1,856
1,1055
34,1185
35,1244
34,1046
34,1167
35,446
1,971
35,1229
1,1232
34,1224
1,987
1,1206
50,1184
35,520
1,1253
1,1179
1,968
35,1252
1,1077
35,1238
1,932
50,1191
50,1176
1,1085
35,619
34,988
35,913
50,1139
1,1140
35,1205
50,568
35,1223
1,1022
50,1148
50,414
1,776
34,670
50,1218
35,1168
52,1133
35,1195
52,667
54,804
1,623
50,964
35,1128
46,1159
1,632
1,865
1,783
50,586
35,843
50,1157
1,976
38,979
1,1033
33,1111
35,949
1,947
38,871
35,755
35,1132
54,516
1,502
37,322
1,1102
16,1180
34,901
35,937
38,848
35,1221
35,391
50,889
35,1203
46,1153
37,1169
35,535
35,1090
35,739
1,874
53,867
1,982
1,744
54,759
35,1149
1,407
35,1110
35,1109
1,1240
52,955
1,462
1,1227
1,727
35,558
7,1065
50,1219
37,1213
1,1135
34,1151
35,1241
1,615
37,1141
1,607
35,1173
1,270
36,752
49,765
36,1114
12,1188
1,767
1,894
48,594
1,1198
1,842
35,296
35,832
1,970
5,823
37,641
1,1142
35,785
37,773
37,725
36,1129
34,421
9,1117
1,1175
37,1234
1,1200
37,1230
1,1040
37,1212
51,1174
1,521
35,926
38,669
50,868
35,251
37,1171
37,1158
2,1120
37,466
34,927
1,675
1,552
14,940
50,792
1,1093
1,1044
1,455
1,571
35,981
37,953
21,510
11,1197
1,1030
37,1025
37,1026
1,1087
36,935
1,345
1,1215
17,529
37,1056
37,898
37,777
1,365
37,1201
13,1242
1,1235
1,951
50,756
37,797
34,610
34,1143
37,341
35,748
38,651
1,816
37,980
36,808
39,719
37,423
1,908
37,1125
37,1154
37,896
37,966
39,303
18,880
37,628
1,318
38,1181
1,1095
1,1138
37,872
37,1013
37,1192
37,1237
50,499
35,914
37,1243
35,794
37,1051
37,1103
1,1052
50,531
38,828
37,1163
37,1152
31,604
7,1228
6,385
4,1122
37,509
37,1194
53,1189
37,1116
19,1131
27,663
1,668
37,775
26,681
37,1001
42,995
37,1210
37,830
35,1127
37,1170
3,905
37,1130
37,1211
30,1078
37,409
37,1084
28,977
32,271
40,638
50,873
37,393
37,1193
38,1119
9,1092
37,672
35,699
37,403
12,892
37,1164
37,1049
7,1012
22,1249
37,1006
37,938
37,761
37,969
37,847
37,350
37,354
25,430
37,406
37,899
23,637
35,1126
37,993
37,1183
37,974
50,386
37,674
1,1144
37,1081
1,989
37,973
37,355
37,572
37,608
37,442
37,213
37,189
37,1220
37,286
1,272
43,513
7,309
35,850
37,508
37,852
37,737
37,944
37,1094
37,434
38,844
37,401
37,357
37,684
37,923
37,612
37,1079
37,702
50,616
37,720
37,500
37,860
37,321
37,791
37,904
37,811
37,717
37,232
37,734
37,1024
37,707
37,424
37,1075
37,729
37,269
37,747
37,602
37,790
1,419
37,538
37,240
37,360
37,362
36,489
37,273
39,329
37,1072
37,460
37,382
37,465
37,812
37,353
37,344
37,786
37,802
37,593
37,855
37,829
37,566
38,963
37,473
37,264
37,1156
37,965
37,554
37,1108
39,1136
37,939
37,408
37,343
37,585
37,447
37,262
37,916
37,936
35,858
37,550
37,439
37,461
7,247
37,644
1,945
37,718
37,486
37,338
37,551
37,664
37,478
37,528
37,577
37,656
37,870
15,1104
8,960
37,284
41,849
37,443
37,1004
37,781
37,250
38,879
37,691
37,763
37,706
37,1039
37,925
37,517
37,714
37,787
37,771
37,1050
37,220
37,890
37,692
37,503
37,1002
37,768
37,622
37,613
37,1123
37,475
37,324
37,745
37,1106
37,437
37,749
37,950
37,1187
37,754
1,713
37,1038
37,545
36,626
37,911
37,328
33,295
37,780
37,640
37,1034
37,203
37,201
28,444
37,441
37,560
37,840
37,857
37,959
37,582
39,736
37,906
37,900
11,511
37,798
37,770
37,1209
37,793
37,313
37,690
37,245
37,339
10,361
20,1003
37,796
37,620
37,415
37,716
37,351
37,288
37,396
37,305
37,789
37,479
37,603
37,530
37,834
37,310
37,555
37,693
37,268
37,910
37,526
37,817
37,1009
37,678
37,864
37,590
50,595
37,564
37,753
37,494
37,553
37,377
37,534
37,533
37,156
37,519
1,962
37,459
37,405
37,598
37,882
37,346
37,1019
37,398
37,512
37,1216
37,676
37,1186
37,639
37,501
37,922
37,1214
37,467
37,1035
37,1199
37,665
37,609
35,575
37,1029
37,983
37,601
1,381
37,199
37,645
37,492
37,930
37,687
37,998
37,347
37,282
37,741
37,1059
37,348
37,801
37,333
37,371
37,686
37,751
37,482
37,778
39,304
37,758
37,624
37,1060
37,184
37,174
37,204
38,562
37,1076
37,1172
37,760
37,319
1,234
37,853
37,942
37,1071
37,231
37,541
37,683
37,374
37,248
37,450
39,671
37,1010
1,573
37,182
37,148
37,1070
37,420
37,611
37,642
37,866
37,1018
37,722
37,402
37,144
37,81
39,158
37,180
37,312
37,334
37,135
37,958
37,515
37,428
37,155
37,113
37,146
37,118
37,139
37,173
37,196
37,138
37,218
37,862
37,1053
37,818
37,655
37,703
37,788
37,440
37,631
37,918
37,588
37,657
37,967
37,694
37,557
55,648
37,1047
37,934
37,306
37,367
37,876
37,505
37,289
37,316
37,984
37,618
37,1005
37,1100
37,454
37,1099
37,723
37,539
37,779
37,715
37,652
39,221
37,277
37,1020
37,799
37,731
37,1226
37,412
37,543
37,281
37,477
37,764
37,1000
37,659
37,294
37,456
37,504
37,822
37,358
37,733
37,851
37,827
37,1115
37,433
37,567
37,302
37,1107
37,366
37,359
37,1037
37,861
37,757
37,1165
37,885
37,774
37,909
37,952
37,330
37,845
37,488
37,1101
37,480
37,730
37,1063
37,709
37,394
37,831
37,742
37,743
37,810
37,915
37,1086
37,1150
37,666
37,524
37,833
37,795
37,819
37,649
37,917
37,507
37,411
37,311
37,416
38,314
37,495
37,474
37,746
37,425
37,1091
37,1096
39,721
37,1098
9,807
7,581
37,1008
37,634
28,711
37,308
37,336
37,895
1,836
37,1088
37,673
37,565
37,1146
37,1067
37,1137
37,946
37,1105
37,1204
37,370
37,451
37,929
37,536
37,893
37,331
37,498
37,547
37,696
37,436
37,682
37,954
37,1054
39,978
37,888
37,704
37,265
37,469
37,679
37,735
37,379
37,726
37,540
10,712
37,375
37,387
37,225
37,293
37,238
37,1048
37,592
37,578
37,903
37,1202
37,661
41,1166
37,383
37,1021
37,496
37,576
37,1155
37,869
37,803
37,327
37,907
37,589
37,1023
37,1162
37,897
37,636
37,491
37,453
37,548
37,468
37,838
37,485
37,732
35,878
37,1124
37,487
37,471
37,1118
37,1042
37,766
37,591
37,580
37,629
37,584
37,991
37,650
37,762
37,826
37,1069
37,912
37,369
37,997
37,606
37,373
37,242
37,332
37,452
37,404
37,902
37,556
37,212
37,859
37,532
37,633
37,990
37,689
37,323
37,214
37,563
37,839
50,256
37,1036
37,1073
37,449
7,1082
1,1031
37,614
37,708
37,527
37,384
37,941
37,400
39,349
37,685
37,846
37,325
37,887
37,627
37,597
37,948
37,646
37,260
37,368
37,291
37,472
37,975
1,740
37,986
29,388
37,630
37,587
37,418
7,884
37,933
37,579
37,806
37,992
37,464
37,92
37,215
37,417
37,202
37,654
37,257
37,399
37,643
37,1217
37,985
37,1017
37,463
37,600
37,1134
37,207
37,972
37,596
37,292
37,635
37,280
37,660
37,337
37,863
37,1043
37,647
37,583
37,1007
37,542
37,700
37,1064
1,490
37,800
37,710
37,1014
37,677
37,569
37,919
37,999
37,470
37,522
37,724
37,617
37,1058
37,784
37,301
37,181
37,924
37,431
37,931
37,883
37,782
37,920
37,680
37,886
37,599
37,653
37,1190
37,422
37,805
37,621
37,1028
37,192
37,881
37,380
37,352
37,891
37,1041
37,525
37,769
37,243
37,875
37,957
37,484
37,658
39,1068
37,326
37,820
37,435
37,1032
37,317
37,276
35,427
37,943
37,290
37,570
37,476
37,320
37,497
37,662
37,410
37,523
37,815
37,824
37,364
37,506
37,274
37,413
37,226
37,395
37,854
37,481
37,169
37,224
37,397
37,209
37,307
37,152
37,71
37,76
24,1290
37,86
37,194
37,688
37,356
5,258
37,544
37,124
37,1062
37,122
37,176
37,429
37,340
37,1207
37,197
37,140
37,537
37,1045
37,1147
37,1089
37,1066
37,342
37,445
37,1080
37,198
37,205
37,363
37,625
37,1208
37,559
37,728
37,574
37,821
37,921
37,1113
37,695
37,254
37,103
1,85
37,219
37,90
37,101
37,168
37,95
37,772
37,78
37,46
37,120
37,137
37,300
37,94
37,372
37,928
37,93
37,151
1,261
37,77
37,55
37,514
41,279
1,131
37,154
37,244
37,217
37,104
37,30
37,10
37,74
37,110
37,88
37,68
1,132
37,57
37,87
37,36
37,116
37,193
37,43
37,1273
37,62
37,1276
37,22
37,1284
37,1277
37,24
37,1279
37,19
37,41
37,7
39,34
37,1298
37,1289
37,48
37,18
37,115
37,21
37,141
37,1283
37,6
37,1278
37,2
47,14
37,159
37,191
37,53
37,84
36,1272
37,190
37,20
37,1297
39,1282
37,1291
37,42
37,1145
37,26
37,13
37,1015
37,392
10,750
37,241
37,298
37,73
37,432
37,1260
39,1255
37,1254
37,1258
10,1259
37,1264
37,1257
37,1261
37,1256
37,1263
39,1262
37,701
37,252
37,438
37,837
37,249
37,227
37,253
37,206
37,179
37,235
37,170
37,458
37,267
37,239
37,275
37,956
37,278
37,236
37,89
37,51
37,61
37,44
37,216
39,283
37,483
37,255
37,47
37,50
37,39
37,153
37,3
1,38
37,69
37,12
37,315
37,11
37,1270
37,54
37,163
37,188
37,223
37,112
37,809
37,67
37,29
37,149
37,58
37,1275
37,106
37,56
37,233
37,97
37,1285
37,1271
37,1286
34,79
37,4
39,59
37,100
37,1299
37,1057
37,1161
37,1268
37,91
37,63
37,1245
37,128
37,123
37,605
37,83
1,389
47,147
37,814
37,178
37,25
37,177
37,70
37,160
37,493
37,164
37,426
37,167
37,33
37,31
37,1274
37,1281
37,166
37,35
37,1266
37,1294
37,60
37,105
37,15
37,107
37,102
37,80
37,1265
37,72
37,8
37,17
37,5
37,23
37,186
37,65
37,1292
37,45
7,1
37,16
37,1295
37,52
37,37
37,1280
37,1296
37,1293
37,1288
37,1267
37,165
36,9
39,1269
37,285
37,195
37,1287
37,187
37,108
37,136
37,49
37,121
37,64
37,161
37,222
37,175
37,1233
37,877
37,994
37,549
37,126
37,183
37,561
37,130
37,119
37,96
11,109
37,28
1,66
37,117
37,27
37,82
37,127
37,75
37,40
37,150
37,208
37,98
37,145
37,143
46,1160
37,211
37,297
11,99
37,1011
11,172
11,32
37,1300
37,378
44,1121
44,287
44,237
44,133
44,200
44,335
44,114
44,518
45,1027
44,705
44,1016
1,210
1,835
1,129
47,157
1,246
50,230
54,1074
34,738
35,1083
1,457
52,259
35,697
35,142
34,1231
35,1250
1,171
1,448
34,1248
34,1251
35,698
54,813
54,1196
1,266
1,841
35,228
38,299
34,111
1,376
1,134
1,961
1,229
1,390
34,125
35,263
54,185
1,162
