2,1206
20,1208
20,1210
20,1064
20,1219
4,1236
20,703
21,1232
20,1207
14,1157
9,1199
2,1082
14,1112
19,1212
14,1095
10,889
21,1144
9,1227
14,876
14,1118
21,1005
14,954
14,1089
20,1042
19,561
21,1087
21,591
14,1223
5,1139
14,928
2,1222
2,908
14,784
8,1077
14,891
14,1056
14,912
4,1228
14,1215
14,655
6,946
14,970
14,996
13,532
14,581
2,485
21,722
1,751
10,829
14,1192
21,1194
14,514
14,831
13,1197
14,633
14,967
20,500
14,1030
11,952
1,386
14,1221
10,880
14,1032
14,1166
14,1001
14,697
9,1133
12,659
14,993
20,1163
14,1196
19,1053
14,520
14,978
14,1204
14,1147
6,798
14,981
20,1101
12,850
13,1060
12,1153
10,1079
14,1195
14,1022
14,1010
12,1205
14,1116
14,636
1,701
14,1052
14,927
14,602
14,522
14,1094
3,853
14,351
14,745
14,811
11,1067
11,583
14,772
14,1086
14,863
14,716
5,564
6,385
14,816
14,725
14,580
14,1231
14,1176
6,882
20,411
14,660
9,920
14,913
10,374
5,288
21,631
14,683
22,393
12,518
14,621
14,400
14,577
14,1046
14,667
14,1114
14,554
14,456
20,723
11,720
11,953
6,959
12,1122
14,937
14,1058
14,543
14,982
14,578
6,791
14,511
20,1049
8,740
12,1098
5,692
9,727
13,593
20,427
14,415
13,493
20,430
6,1115
9,841
14,1031
14,919
6,861
11,1217
1,1224
14,1161
1,773
14,823
14,565
14,626
8,1120
13,991
14,979
14,1076
14,1182
14,526
14,1008
14,894
14,830
14,969
14,947
14,999
14,1105
14,704
14,512
14,428
11,612
14,486
14,744
14,1132
14,466
13,842
14,980
14,1063
14,817
10,1029
14,775
14,568
13,681
14,730
7,781
14,851
14,1068
14,762
14,608
30,729
14,690
14,1141
14,944
8,767
14,611
11,930
14,1016
14,549
14,1121
14,609
14,790
14,865
14,825
14,1143
14,1047
13,845
14,984
14,1119
14,888
13,590
14,843
14,708
14,641
14,685
4,574
13,1211
14,1225
14,642
14,1198
14,1202
14,1226
20,698
14,972
9,1051
14,1156
9,1184
14,837
11,684
14,1177
14,713
14,1229
14,1164
9,1126
14,801
14,924
14,917
14,1216
14,1235
14,1218
14,1158
14,872
14,1209
14,1185
14,1136
14,916
14,1017
14,1234
14,1138
20,1036
14,1104
14,1220
9,709
14,1175
14,800
14,1088
14,921
11,584
9,465
14,1146
9,1169
14,918
14,962
14,1142
14,788
14,1055
14,1129
14,765
14,1128
14,802
11,629
14,777
11,1075
14,1018
14,669
14,896
14,824
14,938
14,529
14,388
14,792
14,854
14,535
20,1069
12,878
14,1180
14,810
13,1170
14,1171
14,285
14,915
14,1151
14,1092
13,652
9,1154
14,1168
14,334
14,1173
1,645
14,412
14,657
14,846
14,503
6,995
14,318
14,866
14,1109
14,983
1,910
14,1125
14,809
14,1145
14,625
14,505
12,732
14,1004
14,771
14,968
14,1024
14,855
14,956
13,743
14,1083
14,1045
14,1131
14,640
10,933
14,524
14,1165
14,1000
14,760
14,1174
14,617
14,1187
6,955
14,884
14,904
14,1048
14,752
14,844
14,536
14,632
14,1044
14,1200
12,587
14,1034
14,828
9,1123
4,717
14,813
14,869
14,974
14,1003
14,840
14,1090
14,1135
14,1084
14,769
1,1040
20,964
14,502
14,1021
14,1106
14,754
14,1006
28,1113
6,966
14,832
14,594
14,682
14,691
14,618
14,1137
14,1189
14,1002
14,712
14,1213
14,793
14,961
14,895
14,1230
14,1214
14,677
14,348
14,1178
14,936
11,934
14,932
14,1188
14,395
14,734
9,1152
14,1111
14,997
8,1043
14,758
1,906
14,676
14,903
17,646
14,1148
14,925
14,668
14,1071
14,949
14,1140
14,540
14,875
13,322
12,735
14,747
14,544
14,390
21,1097
14,1183
14,569
14,941
14,702
29,893
14,582
4,647
14,1059
14,1134
14,768
14,960
14,858
14,929
9,990
14,672
15,1130
14,1020
14,864
14,551
14,282
14,601
14,886
14,513
14,449
14,1110
14,623
14,988
14,779
14,736
11,572
14,1124
14,320
14,586
14,275
14,384
14,812
14,592
12,635
14,380
14,1167
14,1062
14,746
14,883
6,1033
12,506
14,958
14,852
14,976
14,494
14,562
14,497
14,898
14,527
14,870
27,731
14,530
11,787
14,987
20,794
14,897
14,573
14,1093
14,733
14,689
14,403
14,501
12,822
14,1054
14,902
14,821
14,627
14,662
14,780
14,671
13,710
14,445
14,839
14,539
14,566
14,1023
14,948
14,1149
14,877
14,686
13,890
14,867
14,911
14,885
14,776
14,973
12,1014
14,1091
14,1072
14,567
14,1028
14,1027
14,1080
14,498
1,695
14,600
14,940
14,488
14,496
14,558
14,556
14,408
14,432
14,439
14,437
14,674
14,795
14,1057
14,1150
14,579
14,576
14,738
14,441
14,422
14,198
14,93
14,95
14,286
14,489
14,257
14,157
14,236
14,311
14,477
14,806
14,696
14,610
14,994
12,724
14,458
14,860
14,596
14,1099
14,785
14,820
14,1009
14,504
14,1107
14,835
14,826
14,805
14,679
14,656
14,763
14,541
14,721
14,1061
14,418
14,650
14,753
14,649
14,766
14,874
14,750
14,922
14,957
14,783
14,926
14,807
14,1085
14,899
14,847
14,943
14,1100
14,986
14,670
16,764
14,654
14,510
14,665
14,818
14,387
14,862
14,588
14,658
14,827
14,310
14,375
14,680
14,394
14,223
14,1038
14,571
14,705
14,473
14,247
14,749
14,620
14,129
14,86
14,232
14,280
14,315
14,484
14,675
14,538
14,545
14,459
14,302
14,172
14,255
11,343
14,434
14,333
14,1015
14,585
14,971
14,546
14,859
14,624
14,507
14,266
14,209
14,349
1,219
14,517
14,443
14,435
14,292
14,104
14,354
14,552
1,542
14,164
14,214
14,188
14,151
14,297
14,347
14,737
14,550
14,416
14,848
14,360
1,371
14,598
14,352
12,267
14,338
14,128
14,433
14,487
14,834
14,296
14,871
14,977
14,799
14,856
14,1041
14,1073
14,475
14,139
14,833
14,401
14,1070
14,350
14,604
14,321
23,471
14,85
14,98
14,312
14,189
14,234
14,242
14,560
14,190
14,367
14,357
14,225
30,206
14,238
14,328
14,180
14,341
14,589
14,362
14,303
14,379
14,460
14,84
14,246
24,261
14,326
14,786
14,638
14,1103
14,256
14,942
10,814
14,399
14,548
14,218
14,173
14,193
14,141
14,143
14,279
14,277
14,78
14,63
14,313
14,363
14,105
14,472
14,220
14,688
14,605
14,323
14,421
14,1162
14,442
14,905
14,426
14,91
14,797
14,452
14,366
14,340
14,892
14,719
14,327
14,1190
14,998
14,228
14,224
14,210
14,254
14,339
14,474
14,715
14,270
14,121
14,213
14,186
14,289
14,202
14,290
14,252
14,378
14,112
14,308
14,156
14,273
14,836
4,1096
14,204
14,230
14,265
14,65
14,881
14,229
14,448
14,163
14,222
14,97
14,171
14,89
14,755
14,69
11,335
14,88
14,678
14,287
14,241
14,179
14,127
14,140
14,276
14,212
14,203
14,492
14,200
14,476
14,92
14,353
14,547
14,165
14,262
14,317
14,570
14,192
14,184
14,531
14,615
14,653
6,346
14,796
14,329
14,324
14,849
14,240
14,300
14,248
14,417
14,306
14,344
14,634
14,185
14,616
14,307
14,707
14,178
14,301
14,628
14,243
14,939
14,907
14,450
14,409
14,414
14,272
14,161
14,446
14,482
14,1159
14,706
14,253
14,264
14,490
14,951
14,603
14,423
14,398
14,413
14,1127
14,613
14,365
25,444
14,463
14,170
14,259
14,274
14,137
14,94
14,174
14,169
14,71
14,64
14,258
14,516
14,382
14,183
14,208
31,480
14,108
14,138
14,838
14,368
14,700
12,176
14,103
14,249
14,109
14,250
14,117
14,742
14,931
14,131
14,373
14,110
14,130
14,56
14,211
14,99
14,464
14,694
14,757
14,1155
14,1026
14,756
14,1025
14,622
14,1035
14,714
14,639
14,356
14,759
14,316
14,396
11,607
14,1181
14,739
14,559
14,533
14,1108
14,508
14,521
14,644
14,761
14,1065
14,619
14,331
14,661
6,606
14,168
14,455
14,614
14,741
14,555
14,406
14,782
14,525
14,519
14,726
14,963
30,231
14,693
14,673
14,804
14,1037
14,914
14,453
14,534
14,381
14,563
14,391
14,372
14,770
14,597
14,803
14,887
14,965
14,748
14,945
14,553
14,336
14,425
14,778
14,528
14,819
14,537
14,1201
14,1012
14,1013
14,950
14,451
14,599
14,278
14,495
14,637
14,728
14,361
14,467
14,901
14,330
14,197
14,975
14,1039
14,1203
14,461
14,868
14,1233
14,342
14,293
14,575
6,1019
14,291
14,181
14,195
14,111
14,216
14,251
12,648
14,436
14,457
14,364
14,470
14,392
14,808
14,478
14,900
14,389
14,1007
14,1172
14,1193
14,36
14,66
14,13
14,74
14,37
14,124
23,35
14,58
14,22
14,177
14,75
14,30
14,45
14,39
14,43
14,53
14,115
14,664
14,125
14,199
14,40
14,73
14,15
14,989
14,61
14,23
14,33
14,383
14,299
14,19
14,20
14,28
14,10
14,50
14,42
14,52
14,55
14,102
14,404
14,284
14,447
14,126
14,215
14,76
14,245
5,175
14,440
14,595
14,410
14,509
14,217
14,44
14,149
14,1066
14,304
14,499
14,332
14,298
14,194
14,227
14,419
13,1186
14,1078
14,167
14,54
14,152
14,187
14,221
14,81
12,1081
14,233
14,114
14,260
13,57
14,483
14,150
18,294
14,370
14,24
14,132
14,3
14,144
14,5
14,7
14,1237
14,9
14,4
14,70
14,2
14,79
14,153
14,14
14,72
14,25
14,8
14,21
14,26
26,51
14,17
14,1238
14,47
14,27
14,424
14,120
14,122
14,134
14,789
14,909
14,397
14,182
14,481
14,630
9,454
14,100
14,101
14,283
14,133
14,207
14,59
14,239
14,268
14,159
14,281
14,62
14,337
14,49
14,718
14,83
14,118
14,191
14,16
14,491
14,146
14,87
14,469
14,123
14,82
14,515
14,80
14,557
14,68
14,295
14,1191
14,879
14,666
14,325
14,992
14,420
14,462
14,1074
14,355
14,136
14,358
14,269
14,67
9,271
14,1117
14,1160
14,438
14,244
14,11
14,18
14,235
14,155
14,237
14,305
14,402
14,116
14,148
14,263
14,34
14,145
14,166
14,205
23,405
14,41
14,985
14,107
14,154
14,923
14,314
13,345
14,113
14,158
14,815
14,142
12,77
14,468
14,377
14,135
14,119
14,29
14,106
14,147
14,1050
14,196
14,1102
14,857
14,479
14,376
14,1179
14,1011
14,687
14,711
14,429
14,699
14,935
14,201
14,873
14,319
14,60
14,162
14,651
14,90
14,369
14,663
14,309
14,643
14,523
14,160
14,48
14,407
14,774
14,226
14,38
14,6
14,359
14,431
14,12
14,32
14,1
14,46
20,31
21,96
