7,667
5,680
2,672
1,649
5,652
7,651
4,634
2,671
4,669
5,660
2,510
4,656
2,631
5,647
5,598
5,594
2,682
3,107
5,515
2,405
4,138
2,474
4,481
1,519
5,507
2,552
5,639
2,646
3,495
2,617
4,553
1,658
5,616
2,527
5,584
7,543
2,535
5,654
5,583
2,558
2,636
3,664
2,608
4,655
2,666
4,653
2,629
2,676
2,599
4,560
1,601
2,358
2,644
2,446
2,678
2,71
5,633
5,588
2,145
2,395
2,234
2,550
7,426
2,485
7,430
2,429
2,374
5,302
7,129
7,308
2,327
2,416
2,82
3,257
2,8
2,52
2,489
6,152
2,143
2,421
4,587
2,612
2,579
2,623
5,565
2,90
4,486
1,600
2,452
2,378
2,534
5,549
2,352
5,195
1,432
7,353
2,454
5,417
2,473
2,546
2,363
2,330
1,216
2,228
2,427
2,491
2,536
5,453
1,410
2,400
4,541
5,334
2,350
4,555
2,595
2,663
2,637
1,650
2,643
2,563
2,657
2,508
3,681
2,662
2,372
5,626
2,404
1,590
2,513
4,465
5,478
2,447
5,246
5,611
2,613
5,554
1,580
2,566
5,529
7,568
2,476
5,597
2,591
2,551
2,521
2,574
3,573
5,562
2,585
2,511
2,537
2,412
5,632
5,592
2,576
2,578
2,610
2,642
2,615
2,487
2,533
2,530
1,497
1,455
2,544
2,556
2,630
2,531
7,456
5,479
2,268
4,517
4,282
2,422
5,444
2,509
4,351
2,218
2,329
5,326
2,420
5,451
2,518
2,461
5,394
5,528
4,437
2,324
2,548
5,213
5,202
2,645
5,624
2,496
2,460
2,226
5,545
2,204
5,356
2,377
7,127
2,270
2,159
2,217
2,73
2,249
2,291
2,449
2,337
2,72
2,40
4,442
2,459
2,64
2,364
2,419
2,101
2,439
2,609
2,577
2,561
2,606
1,684
2,532
2,618
2,538
2,614
2,581
2,525
1,559
2,539
2,540
5,214
2,677
2,635
2,564
2,607
2,596
2,431
2,492
2,665
7,409
5,297
2,406
2,141
2,462
2,340
2,488
2,522
5,418
2,467
5,475
2,307
5,493
2,381
2,296
2,231
2,120
2,285
2,277
2,391
1,56
2,211
2,524
2,122
2,362
5,271
2,498
5,298
2,503
2,247
2,463
2,86
5,441
2,567
2,28
2,283
2,317
2,266
2,506
2,117
2,184
2,433
2,361
2,483
2,336
2,342
2,322
2,345
1,79
2,280
2,241
3,436
2,178
2,259
2,237
2,162
2,132
2,424
5,256
2,411
2,80
5,371
2,97
7,229
7,166
2,390
2,413
7,325
5,526
1,179
2,286
2,457
2,67
2,466
2,490
2,393
2,575
2,369
2,379
7,471
2,176
5,289
2,398
2,253
2,232
2,512
2,621
2,49
2,288
2,240
2,207
5,276
2,320
2,124
2,542
2,458
2,335
5,239
2,469
2,220
2,354
2,105
1,294
2,279
4,375
7,275
2,470
7,435
2,382
2,384
2,401
2,516
2,161
2,263
2,206
2,386
2,316
2,209
5,125
2,258
2,75
2,331
2,370
2,244
2,160
5,198
2,48
2,205
2,248
2,357
2,494
2,200
2,281
2,272
7,168
2,365
2,373
2,151
5,328
2,265
2,119
2,227
2,43
7,60
2,30
1,188
5,110
2,34
2,438
2,287
4,167
2,238
2,434
2,181
5,158
4,41
2,189
4,100
2,299
2,304
2,113
7,389
2,224
2,278
2,501
4,675
2,679
2,619
2,245
2,500
2,480
2,520
7,686
5,640
2,628
2,589
2,502
2,45
2,402
2,104
2,20
2,319
2,53
5,255
2,332
2,355
5,225
2,22
2,292
2,313
2,685
2,368
2,423
2,54
2,84
2,348
2,215
2,586
5,264
2,55
2,338
5,203
2,315
2,482
2,11
2,273
7,174
2,343
7,499
2,66
2,408
2,383
2,468
2,208
2,472
2,146
2,106
2,102
2,314
2,89
2,61
2,221
7,318
2,261
2,210
2,121
2,222
2,144
2,76
2,157
2,149
2,26
2,196
2,59
2,135
2,284
2,260
2,91
2,17
2,194
2,3
2,99
7,235
2,171
2,301
2,445
2,477
2,366
2,47
2,83
2,312
2,115
2,62
2,192
2,183
2,165
2,150
2,37
2,93
2,219
2,13
2,251
5,341
7,236
2,77
2,156
2,155
2,295
2,116
2,359
2,230
2,109
5,163
2,262
2,95
2,128
2,24
2,4
2,223
2,344
2,387
7,137
2,88
2,290
2,118
2,103
2,311
2,51
2,32
2,164
2,68
2,415
2,133
2,175
2,33
2,191
2,254
2,112
2,193
2,243
2,428
2,199
2,269
2,131
2,323
7,440
2,443
2,310
2,58
2,2
2,142
2,514
2,333
2,5
2,339
7,274
2,10
2,360
2,180
2,139
2,16
2,186
2,94
2,108
2,380
2,367
2,153
7,154
7,92
7,190
7,300
2,136
2,35
2,98
2,504
2,267
2,425
2,19
2,185
2,388
7,134
2,250
2,85
2,252
2,15
2,25
2,27
2,14
2,233
2,197
2,38
7,57
2,396
2,126
2,182
2,170
2,39
2,148
2,303
2,78
7,87
7,114
7,130
7,50
2,31
2,44
2,81
2,392
2,638
2,407
2,173
2,399
2,111
2,7
2,172
2,12
2,187
2,397
7,212
2,9
7,23
2,177
2,46
7,346
2,21
7,42
2,147
2,123
2,18
2,293
2,74
2,29
2,140
2,604
2,376
2,622
4,347
2,670
2,523
7,464
2,661
2,321
2,602
2,582
2,96
2,36
7,683
2,69
2,625
2,570
2,448
2,659
2,648
2,414
2,63
2,620
2,385
7,603
2,572
7,593
2,309
2,505
2,484
2,668
2,674
2,547
7,169
2,571
7,242
2,557
2,70
7,641
7,403
2,627
2,349
2,1
2,569
2,201
2,6
2,305
2,673
7,450
2,605
2,306
2,65
