96,667
82,680
26,672
6,649
81,652
99,651
73,634
40,671
62,669
83,660
52,510
73,656
14,631
79,647
90,598
80,594
26,682
56,107
89,515
53,405
64,138
53,474
62,481
8,519
79,507
28,552
79,639
40,646
61,495
48,617
66,553
3,658
82,616
48,527
87,584
97,543
14,535
77,654
76,583
40,558
36,636
58,664
47,608
68,655
53,666
63,653
16,629
42,676
40,599
66,560
1,601
40,358
53,644
53,446
54,678
40,71
77,633
82,588
28,145
47,395
30,234
24,550
97,426
40,485
101,430
33,429
40,374
82,302
97,129
97,308
40,327
40,416
40,82
59,257
40,8
29,52
12,489
93,152
40,143
40,421
68,587
40,612
16,579
53,623
92,565
40,90
67,486
7,600
30,452
40,378
26,534
85,549
14,352
80,195
9,432
97,353
40,454
87,417
26,473
36,546
40,363
34,330
2,216
53,228
40,427
34,491
40,536
84,453
9,410
48,400
72,541
82,334
51,350
67,555
24,595
10,663
40,637
2,650
46,643
40,563
29,657
40,508
57,681
40,662
40,372
76,626
40,404
8,590
40,513
67,465
82,478
40,447
82,246
92,611
28,613
87,554
5,580
40,566
83,529
97,568
40,476
82,597
40,591
29,551
40,521
34,574
58,573
75,562
29,585
23,511
45,537
40,412
86,632
86,592
13,576
12,578
29,610
38,642
40,615
40,487
40,533
40,530
9,497
4,455
22,544
40,556
49,630
44,531
97,456
76,479
20,268
73,517
70,282
52,422
82,444
40,509
63,351
40,218
40,329
83,326
38,420
76,451
22,518
40,461
89,394
80,528
73,437
48,324
36,548
85,213
82,202
25,645
82,624
26,496
40,460
28,226
78,545
41,204
82,356
43,377
95,127
40,270
52,159
40,217
42,73
40,249
40,291
32,449
40,337
29,72
40,40
62,442
40,459
40,64
53,364
40,419
40,101
40,439
14,609
40,577
30,561
29,606
6,684
50,532
53,618
40,538
47,614
40,581
40,525
9,559
40,539
40,540
78,214
40,677
20,635
15,564
40,607
39,596
40,431
40,492
40,665
97,409
82,297
40,406
53,141
40,462
40,340
43,488
40,522
92,418
14,467
91,475
40,307
82,493
53,381
40,296
40,231
40,120
40,285
27,277
29,391
9,56
40,211
53,524
45,122
40,362
88,271
40,498
82,298
40,503
40,247
43,463
52,86
83,441
40,567
40,28
40,283
50,317
40,266
40,506
43,117
40,184
40,433
27,361
40,483
40,336
48,342
40,322
40,345
2,79
40,280
53,241
60,436
40,178
10,259
40,237
40,162
40,132
37,424
85,256
21,411
40,80
75,371
51,97
94,229
100,166
40,390
40,413
97,325
82,526
1,179
17,286
53,457
35,67
52,466
40,490
40,393
31,575
53,369
40,379
97,471
40,176
82,289
40,398
40,253
40,232
40,512
45,621
40,49
40,288
40,240
53,207
81,276
40,320
40,124
40,542
40,458
52,335
81,239
40,469
15,220
40,354
52,105
6,294
40,279
65,375
97,275
53,470
96,435
40,382
40,384
40,401
40,516
40,161
53,263
40,206
43,386
40,316
11,209
83,125
40,258
40,75
40,331
40,370
44,244
19,160
86,198
53,48
40,205
40,248
40,357
40,494
44,200
40,281
40,272
97,168
40,365
40,373
40,151
86,328
40,265
40,119
33,227
40,43
97,60
40,30
5,188
89,110
51,34
40,438
40,287
69,167
40,238
40,434
40,181
77,158
74,41
40,189
70,100
40,299
40,304
53,113
98,389
40,224
40,278
40,501
71,675
33,679
40,619
40,245
40,500
40,480
40,520
97,686
82,640
40,628
40,589
40,502
40,45
40,402
40,104
40,20
53,319
40,53
89,255
40,332
40,355
82,225
40,22
40,292
40,313
40,685
40,368
39,423
40,54
40,84
40,348
48,215
40,586
82,264
40,55
40,338
82,203
40,315
18,482
40,11
40,273
97,174
40,343
94,499
40,66
40,408
40,383
40,468
40,208
40,472
40,146
40,106
40,102
40,314
40,89
40,61
40,221
97,318
40,261
40,210
40,121
33,222
40,144
40,76
40,157
32,149
40,26
40,196
40,59
40,135
18,284
40,260
40,91
53,17
40,194
52,3
40,99
97,235
40,171
40,301
40,445
40,477
40,366
40,47
40,83
40,312
40,115
43,62
40,192
40,183
40,165
40,150
55,37
53,93
53,219
53,13
40,251
87,341
97,236
40,77
40,156
40,155
40,295
40,116
40,359
40,230
40,109
82,163
40,262
40,95
40,128
40,24
40,4
53,223
40,344
40,387
97,137
40,88
40,290
40,118
40,103
40,311
40,51
40,32
40,164
40,68
40,415
40,133
40,175
40,33
40,191
40,254
40,112
40,193
40,243
40,428
40,199
40,269
40,131
40,323
97,440
40,443
40,310
40,58
40,2
40,142
40,514
40,333
40,5
40,339
97,274
40,10
40,360
40,180
40,139
40,16
40,186
40,94
40,108
40,380
40,367
40,153
95,154
97,92
97,190
97,300
40,136
40,35
40,98
40,504
40,267
40,425
40,19
40,185
40,388
97,134
40,250
40,85
40,252
53,15
40,25
40,27
53,14
40,233
40,197
40,38
97,57
40,396
40,126
40,182
40,170
40,39
40,148
40,303
40,78
97,87
97,114
97,130
100,50
40,31
40,44
40,81
40,392
40,638
40,407
40,173
40,399
40,111
40,7
40,172
40,12
40,187
53,397
97,212
40,9
97,23
40,177
40,46
97,346
40,21
96,42
53,147
40,123
40,18
40,293
40,74
40,29
40,140
40,604
40,376
40,622
71,347
40,670
53,523
98,464
40,661
40,321
40,602
40,582
40,96
40,36
97,683
40,69
40,625
40,570
40,448
40,659
40,648
40,414
40,63
40,620
40,385
97,603
40,572
97,593
40,309
40,505
40,484
40,668
40,674
40,547
97,169
40,571
97,242
40,557
40,70
94,641
97,403
53,627
40,349
40,1
40,569
53,201
40,6
40,305
40,673
97,450
40,605
53,306
53,65
