8,753
8,746
8,76
6,762
6,775
8,512
8,668
9,486
6,706
8,696
9,758
9,699
2,780
6,260
2,711
7,691
4,499
6,796
9,45
9,130
2,206
6,89
5,669
11,632
9,735
8,703
9,724
9,790
6,756
9,782
4,754
6,169
2,777
2,716
9,759
9,761
5,123
2,755
6,774
6,663
8,661
8,788
9,583
7,511
9,739
5,694
4,577
6,690
10,606
2,752
6,767
8,747
11,685
6,383
9,766
5,63
6,713
2,468
6,127
9,679
8,741
4,750
9,672
4,619
9,727
11,742
5,693
4,722
9,717
11,714
8,528
4,504
9,608
5,660
5,510
9,605
9,698
4,728
8,634
8,635
9,526
1,574
8,502
2,417
9,372
9,537
10,473
8,432
9,544
4,282
8,589
8,337
4,557
9,224
9,710
4,721
6,626
9,385
9,529
9,405
9,395
8,426
9,617
6,595
9,671
2,552
9,515
9,666
2,667
11,551
2,615
9,603
8,683
7,522
2,569
5,680
11,505
4,627
6,516
4,723
8,686
9,466
9,719
2,725
9,689
8,637
9,564
8,568
8,286
9,306
6,464
6,453
10,436
9,313
6,28
8,329
8,77
8,218
9,268
9,494
9,440
9,514
9,449
8,769
8,378
8,65
8,783
9,598
2,700
8,625
9,720
9,654
9,662
8,452
9,597
5,256
8,438
9,105
3,240
12,673
5,590
9,612
8,638
9,533
2,622
11,565
9,563
9,664
9,506
2,670
8,692
8,675
9,348
9,541
9,381
9,459
4,584
8,618
6,548
2,546
11,650
2,384
9,408
8,358
8,312
4,779
2,27
10,642
9,718
8,441
9,740
9,592
9,300
9,518
9,227
9,211
9,628
9,213
1,99
3,443
9,639
2,677
2,35
11,155
9,392
9,195
9,98
9,174
3,30
6,462
9,237
9,393
9,422
9,226
9,542
5,298
2,376
9,294
9,305
6,580
10,198
6,331
6,336
9,134
9,192
9,315
9,196
10,682
9,540
9,591
6,148
8,391
6,271
9,547
10,567
2,653
9,704
9,418
9,280
9,630
9,415
8,463
2,687
7,594
9,357
9,360
11,434
9,550
4,629
4,536
2,490
8,368
6,140
8,520
5,125
9,302
8,458
11,11
8,100
9,517
6,141
2,343
6,480
6,308
8,325
8,461
4,245
9,623
10,531
4,364
9,497
8,521
4,534
9,684
6,460
2,601
7,620
3,543
9,715
9,139
9,420
9,212
6,142
6,610
6,651
9,586
2,151
8,425
6,423
2,508
11,73
9,401
9,347
9,539
9,498
8,399
9,561
9,538
9,640
9,621
9,487
9,475
8,649
8,562
9,575
9,571
9,611
9,316
8,648
4,633
11,712
9,442
9,613
8,407
9,350
9,409
9,554
4,410
3,489
2,122
2,176
2,448
9,607
8,501
9,695
5,614
11,532
9,446
9,560
9,301
9,194
9,205
6,207
5,162
9,582
9,335
9,168
2,143
8,208
2,369
9,103
9,588
9,573
9,397
11,281
11,555
9,248
9,307
6,344
9,108
2,25
2,332
4,279
2,362
2,230
9,55
9,12
9,363
9,530
9,323
4,81
9,373
9,513
9,545
9,328
8,527
7,173
9,375
9,152
9,394
4,219
9,359
9,604
7,479
9,341
9,587
9,299
9,330
3,241
9,234
9,370
8,471
9,600
9,503
9,412
2,636
2,467
2,658
2,674
2,193
9,470
9,36
9,8
9,201
9,20
9,246
9,214
6,69
9,435
2,292
9,437
6,295
2,225
4,197
9,317
2,238
9,356
9,112
9,94
9,297
9,60
9,95
11,183
8,342
9,43
2,85
9,191
9,274
6,215
9,189
13,164
9,175
9,101
11,19
9,167
9,411
2,239
2,760
11,652
4,86
2,396
9,365
2,380
9,107
9,229
9,153
9,377
9,158
8,456
9,293
9,483
9,137
9,172
2,252
2,52
9,190
10,304
9,303
9,257
2,314
6,146
9,171
9,92
2,91
6,382
9,79
2,414
9,185
9,145
9,147
9,265
9,113
9,150
9,7
2,129
9,242
9,26
9,138
11,309
9,477
9,157
11,184
9,41
2,10
9,136
2,254
8,2
3,126
9,154
9,61
6,266
2,3
9,144
11,71
2,128
9,272
9,439
2,178
9,121
9,102
2,643
2,339
2,324
9,83
8,80
2,88
9,296
9,288
9,259
11,6
9,42
9,495
9,232
9,163
9,1
9,366
2,4
9,261
3,29
9,119
9,519
9,289
9,419
9,51
9,48
9,402
9,22
9,54
6,40
9,97
9,333
9,32
4,578
2,602
2,131
9,135
9,57
9,132
9,18
9,14
9,179
9,275
9,349
9,283
2,455
9,481
9,285
9,210
9,59
9,104
9,9
9,263
9,39
9,284
9,220
9,5
9,233
9,264
2,223
9,222
9,398
9,576
2,451
9,231
9,253
7,374
9,16
2,556
2,277
9,367
9,244
9,44
9,114
9,353
9,318
2,90
9,120
9,186
9,523
2,249
9,118
11,68
9,93
9,64
9,404
6,267
9,250
6,310
2,361
9,430
2,177
9,72
9,371
9,78
2,270
9,273
9,31
9,47
9,62
9,17
9,96
9,161
11,74
9,334
9,46
2,156
9,116
9,23
2,75
9,56
9,216
6,326
9,255
9,67
9,37
9,478
9,278
9,159
2,209
9,379
9,200
9,509
9,319
9,235
9,447
11,221
9,228
9,188
9,702
9,49
9,269
9,133
9,87
2,428
9,688
9,581
9,596
9,389
9,655
9,553
11,599
9,549
9,641
9,570
9,124
9,646
9,579
9,388
9,676
9,624
2,678
9,705
8,287
11,482
11,387
2,525
11,491
9,492
9,485
9,558
9,400
9,406
9,416
9,390
2,465
2,665
2,450
9,165
2,322
9,496
9,320
9,170
9,354
9,352
2,431
9,58
9,243
9,340
9,559
9,444
9,609
9,457
9,403
9,507
9,276
2,476
9,38
2,202
9,351
9,355
11,433
9,111
9,109
9,338
9,50
9,182
9,203
2,33
9,386
9,474
9,795
9,701
9,781
9,262
9,792
9,794
2,793
9,770
9,290
9,115
2,524
10,34
9,13
9,21
2,15
9,708
11,797
2,737
2,736
9,180
9,786
9,773
9,745
9,771
9,734
9,709
9,731
9,772
9,251
9,743
9,236
9,748
9,749
9,798
9,787
11,445
9,187
9,217
11,732
11,493
2,566
2,657
11,656
2,454
9,427
2,585
2,535
11,659
9,697
9,149
9,84
9,789
2,321
2,744
2,488
9,106
9,199
2,82
2,751
9,429
11,616
9,785
9,593
9,778
9,469
9,765
11,484
9,738
9,204
9,311
9,733
9,726
11,327
11,729
11,345
9,258
9,730
11,707
9,631
2,768
2,500
2,644
2,791
9,110
9,681
11,166
9,764
11,424
9,757
9,413
2,647
9,784
9,472
11,763
11,776
2,572
2,66
9,53
2,117
9,645
11,70
2,247
2,346
2,181
2,24
9,291
2,421
2,160
