13,374
18,735
18,664
8,665
9,710
8,704
5,660
18,326
5,699
13,672
5,650
6,602
7,356
22,540
10,667
8,599
13,617
10,638
11,716
17,695
13,655
13,693
5,555
13,627
13,697
5,696
11,621
6,588
13,604
13,589
5,132
2,570
8,259
10,289
11,401
5,571
5,56
11,622
17,568
13,493
13,728
12,647
8,709
11,734
5,670
5,629
13,714
10,715
18,700
11,686
13,720
8,712
15,579
16,536
13,631
5,541
18,293
5,637
8,733
5,731
5,633
17,657
18,603
8,616
5,576
22,479
12,572
11,598
22,452
6,587
15,724
12,623
13,727
5,708
13,711
22,674
17,651
22,600
17,713
11,565
18,702
8,701
18,634
18,684
11,654
13,669
17,630
11,680
11,543
13,510
11,492
13,594
13,561
15,721
11,546
5,641
17,258
15,535
22,460
6,688
13,642
9,692
5,433
13,517
3,521
13,440
13,485
18,482
5,624
12,325
5,564
13,529
12,620
9,530
13,575
13,26
17,671
11,658
5,321
5,656
13,628
19,524
13,538
5,478
13,126
5,380
5,198
5,218
5,367
17,430
17,416
5,409
18,539
17,498
12,652
13,368
13,515
6,648
11,501
6,406
3,109
8,509
11,673
10,668
5,593
5,698
3,690
5,542
8,608
14,488
20,646
12,581
5,606
18,679
22,722
12,247
5,96
15,360
16,534
5,338
6,580
13,643
20,619
13,551
12,459
5,601
12,613
13,442
10,516
5,456
20,46
12,591
9,188
17,508
13,649
15,103
13,424
5,322
18,553
17,566
3,635
3,585
5,502
5,717
13,597
10,489
6,659
5,514
6,560
17,499
3,567
8,497
11,388
11,494
11,145
5,398
4,473
5,435
13,413
5,486
13,454
18,531
5,662
18,389
6,339
13,528
10,470
12,120
11,309
17,429
13,436
22,420
18,396
17,350
3,507
13,372
10,294
5,184
5,242
22,385
13,300
1,487
11,618
5,523
5,316
5,370
5,466
14,450
13,65
5,395
12,519
22,513
13,36
3,58
18,45
13,563
5,160
5,677
5,644
12,544
5,490
5,547
18,341
13,353
5,462
18,60
5,74
13,245
13,153
17,586
5,506
13,449
12,314
17,477
15,238
11,329
13,511
5,392
5,549
17,432
8,362
13,504
13,292
18,505
3,394
1,277
18,354
5,554
20,230
3,471
3,422
13,483
22,268
5,343
15,11
8,330
5,9
12,423
5,129
1,481
11,178
20,290
13,225
19,439
20,119
13,31
6,166
11,111
5,170
5,324
13,550
5,315
5,124
5,375
3,303
18,61
5,146
11,384
18,319
5,200
21,219
22,279
5,311
11,467
23,469
13,444
11,453
13,127
5,334
12,455
5,274
18,227
3,239
5,474
5,237
5,37
13,297
6,148
5,226
13,157
5,224
5,128
13,520
5,661
5,345
5,7
13,23
11,203
5,251
5,241
13,196
13,183
13,234
5,426
12,313
13,271
13,141
5,270
5,182
13,105
5,191
6,265
5,295
13,215
5,181
12,147
17,197
4,348
22,573
5,552
18,605
18,415
5,537
5,443
17,512
5,386
11,557
22,412
6,390
5,522
13,187
5,363
6,189
12,558
12,12
11,70
5,451
5,427
13,441
5,491
12,468
5,205
13,342
5,556
5,318
12,287
13,359
13,28
11,138
5,403
12,140
13,100
13,161
5,13
5,6
6,4
8,33
5,16
5,192
6,59
20,64
5,261
18,82
5,52
5,276
5,149
14,142
5,43
22,387
13,102
5,114
18,173
6,5
13,266
13,222
5,280
11,32
13,465
5,582
22,437
18,425
6,336
5,233
18,211
6,361
5,286
22,495
13,636
16,382
5,400
13,607
5,480
5,484
5,323
13,337
3,185
6,331
20,272
5,344
5,383
12,162
5,17
5,136
22,244
5,418
5,615
13,463
22,283
5,545
5,496
6,86
5,291
6,236
5,41
12,320
12,90
18,168
13,257
5,377
5,1
6,112
5,29
5,263
5,116
5,177
5,47
13,475
13,121
5,327
5,216
18,55
5,448
13,308
13,332
13,137
5,206
5,10
6,592
5,457
5,199
5,317
13,107
5,164
5,369
13,249
13,404
5,106
5,248
5,306
13,378
5,373
5,737
5,685
13,405
5,125
5,458
5,421
5,626
5,22
5,262
6,408
5,93
5,340
5,123
13,476
13,518
5,333
5,75
5,92
13,175
5,683
5,229
18,25
5,104
5,40
5,24
5,718
5,51
5,101
5,464
5,569
6,666
5,610
5,574
5,639
5,675
5,625
13,632
5,221
5,73
5,730
6,726
5,676
5,115
22,682
22,691
22,472
5,736
5,596
5,583
5,577
20,500
22,611
5,612
5,252
5,201
6,30
5,21
5,19
5,89
5,91
5,209
5,366
5,88
13,281
5,223
5,195
22,307
5,118
5,68
5,35
6,328
5,38
5,379
5,50
6,194
6,256
6,80
22,288
5,139
5,298
22,193
5,304
5,357
5,85
5,44
5,143
5,27
13,95
5,407
5,278
5,445
6,584
13,364
5,365
5,253
13,67
22,446
5,152
5,208
5,110
13,335
13,431
12,376
5,310
5,42
5,346
5,172
5,165
22,381
5,156
13,240
5,231
5,371
22,135
13,72
5,113
5,167
5,217
5,18
5,15
5,186
5,169
5,144
6,48
5,34
13,207
5,2
22,84
13,267
13,246
13,393
5,243
21,299
13,414
5,8
5,83
5,3
5,351
5,63
5,179
5,352
5,57
5,81
13,108
13,202
5,503
5,411
5,402
5,154
5,264
13,461
5,204
5,133
5,312
13,447
5,49
5,296
13,213
22,235
5,122
5,284
5,355
5,174
20,190
5,347
5,39
5,260
5,214
5,62
5,210
5,134
22,87
5,77
5,250
5,79
5,130
5,20
5,117
5,97
5,254
5,131
22,180
5,159
5,419
13,54
5,94
5,98
5,53
5,255
5,71
5,158
5,176
5,275
13,397
13,228
5,150
22,723
5,548
5,76
22,527
13,706
13,438
5,562
13,732
5,66
22,78
5,725
22,578
5,703
13,410
5,434
5,707
22,694
5,349
5,705
5,533
5,719
5,417
5,689
5,220
5,399
22,729
5,559
22,155
22,678
22,302
5,687
5,358
5,609
5,526
5,273
5,681
5,653
5,525
5,212
5,640
13,595
22,69
5,590
5,99
5,14
22,663
5,232
22,305
13,614
5,301
5,151
22,391
13,285
5,532
22,428
5,645
5,269
5,163
13,171
13,282
