38,374
48,735
48,664
21,665
23,710
21,704
13,660
48,326
10,699
38,672
10,650
16,602
20,356
61,540
26,667
21,599
38,617
26,638
30,716
45,695
39,655
39,693
13,555
39,627
39,697
10,696
27,621
19,588
38,604
39,589
9,132
2,570
21,259
25,289
31,401
10,571
12,56
31,622
46,568
39,493
38,728
34,647
22,709
27,734
10,670
10,629
38,714
26,715
50,700
28,686
39,720
22,712
41,579
44,536
38,631
10,541
48,293
10,637
21,733
10,731
12,633
46,657
48,603
21,616
10,576
60,479
34,572
31,598
59,452
16,587
41,724
32,623
39,727
10,708
39,711
60,674
46,651
60,600
45,713
28,565
48,702
21,701
48,634
48,684
27,654
38,669
46,630
30,680
30,543
38,510
30,492
39,594
39,561
41,721
27,546
10,641
45,258
41,535
61,460
19,688
39,642
24,692
10,433
39,517
5,521
39,440
36,485
48,482
10,624
34,325
11,564
38,529
32,620
24,530
39,575
38,26
45,671
31,658
9,321
10,656
38,628
52,524
39,538
8,478
39,126
10,380
12,198
12,218
10,367
45,430
45,416
10,409
50,539
46,498
35,652
38,368
38,515
19,648
28,501
19,406
6,109
22,509
27,673
26,668
10,593
12,698
3,690
12,542
22,608
40,488
55,646
34,581
10,606
49,679
60,722
34,247
12,96
42,360
43,534
10,338
19,580
38,643
53,619
37,551
34,459
11,601
33,613
38,442
26,516
8,456
53,46
34,591
23,188
46,508
39,649
42,103
38,424
10,322
48,553
47,566
3,635
5,585
13,502
10,717
38,597
26,489
16,659
10,514
16,560
46,499
4,567
21,497
28,388
28,494
30,145
13,398
7,473
10,435
36,413
12,486
39,454
49,531
13,662
50,389
14,339
38,528
25,470
34,120
30,309
46,429
38,436
60,420
50,396
46,350
3,507
38,372
26,294
10,184
12,242
60,385
39,300
1,487
30,618
12,523
9,316
12,370
12,466
40,450
39,65
10,395
34,519
61,513
38,36
6,58
50,45
38,563
12,160
10,677
12,644
34,544
13,490
10,547
48,341
38,353
10,462
48,60
10,74
39,245
39,153
46,586
13,506
39,449
34,314
45,477
41,238
28,329
38,511
10,392
10,549
46,432
21,362
39,504
38,292
49,505
4,394
1,277
48,354
10,554
56,230
6,471
6,422
38,483
60,268
12,343
42,11
22,330
10,9
34,423
12,129
1,481
30,178
54,290
38,225
51,439
55,119
38,31
15,166
28,111
10,170
9,324
38,550
10,315
10,124
10,375
4,303
50,61
12,146
28,384
48,319
10,200
57,219
60,279
12,311
29,467
62,469
39,444
30,453
38,127
10,334
34,455
12,274
50,227
6,239
10,474
8,237
10,37
36,297
15,148
12,226
38,157
10,224
10,128
38,520
8,661
10,345
10,7
38,23
31,203
10,251
10,241
38,196
38,183
39,234
12,426
34,313
38,271
38,141
10,270
10,182
39,105
10,191
14,265
10,295
38,215
12,181
34,147
46,197
7,348
60,573
10,552
48,605
48,415
10,537
10,443
46,512
10,386
29,557
60,412
15,390
10,522
38,187
10,363
16,189
34,558
34,12
30,70
10,451
10,427
39,441
10,491
34,468
10,205
39,342
10,556
12,318
34,287
38,359
39,28
28,138
10,403
34,140
38,100
38,161
12,13
10,6
16,4
22,33
10,16
10,192
16,59
55,64
10,261
48,82
10,52
10,276
10,149
40,142
10,43
60,387
38,102
10,114
49,173
19,5
39,266
39,222
10,280
27,32
39,465
10,582
60,437
49,425
16,336
10,233
48,211
16,361
10,286
60,495
38,636
43,382
10,400
39,607
10,480
10,484
10,323
38,337
6,185
18,331
55,272
10,344
10,383
34,162
10,17
10,136
60,244
10,418
10,615
38,463
60,283
9,545
10,496
14,86
10,291
16,236
12,41
34,320
34,90
50,168
38,257
10,377
10,1
17,112
10,29
12,263
10,116
12,177
10,47
36,475
39,121
10,327
10,216
49,55
10,448
38,308
39,332
38,137
10,206
12,10
14,592
12,457
10,199
10,317
39,107
10,164
12,369
38,249
39,404
10,106
10,248
10,306
38,378
10,373
10,737
10,685
38,405
10,125
10,458
10,421
10,626
10,22
10,262
14,408
10,93
10,340
10,123
38,476
38,518
10,333
10,75
10,92
39,175
10,683
10,229
49,25
10,104
10,40
10,24
10,718
10,51
10,101
10,464
10,569
16,666
10,610
10,574
10,639
10,675
10,625
39,632
10,221
12,73
10,730
16,726
10,676
10,115
60,682
60,691
60,472
10,736
10,596
10,583
10,577
55,500
60,611
10,612
10,252
10,201
16,30
10,21
10,19
10,89
10,91
10,209
10,366
10,88
38,281
10,223
10,195
60,307
10,118
8,68
10,35
16,328
10,38
10,379
10,50
15,194
16,256
16,80
60,288
10,139
10,298
60,193
10,304
10,357
10,85
10,44
10,143
10,27
39,95
10,407
10,278
10,445
16,584
39,364
10,365
10,253
39,67
60,446
10,152
10,208
10,110
38,335
39,431
34,376
10,310
10,42
10,346
10,172
10,165
61,381
10,156
36,240
10,231
10,371
59,135
39,72
10,113
10,167
10,217
10,18
10,15
10,186
10,169
10,144
16,48
10,34
38,207
10,2
60,84
39,267
39,246
39,393
10,243
58,299
38,414
10,8
10,83
10,3
10,351
10,63
10,179
10,352
10,57
10,81
39,108
39,202
10,503
10,411
10,402
10,154
10,264
39,461
10,204
10,133
10,312
38,447
10,49
10,296
39,213
60,235
10,122
10,284
10,355
10,174
56,190
10,347
10,39
10,260
10,214
10,62
10,210
10,134
60,87
10,77
10,250
10,79
10,130
10,20
10,117
10,97
12,254
10,131
61,180
10,159
10,419
39,54
10,94
10,98
10,53
10,255
10,71
10,158
10,176
10,275
39,397
39,228
10,150
60,723
10,548
10,76
60,527
39,706
39,438
10,562
39,732
10,66
60,78
10,725
60,578
10,703
39,410
10,434
10,707
60,694
10,349
10,705
10,533
10,719
10,417
10,689
10,220
10,399
60,729
10,559
60,155
60,678
60,302
10,687
10,358
10,609
10,526
10,273
10,681
10,653
10,525
10,212
10,640
39,595
60,69
10,590
10,99
10,14
60,663
10,232
60,305
39,614
10,301
10,151
60,391
39,285
10,532
60,428
10,645
10,269
10,163
39,171
39,282
