7,753
7,746
7,76
5,762
5,775
7,512
7,668
8,486
5,706
7,696
8,758
8,699
2,780
5,260
2,711
6,691
4,499
5,796
8,45
8,130
2,206
5,89
4,669
10,632
8,735
7,703
8,724
8,790
5,756
8,782
4,754
5,169
2,777
2,716
8,759
8,761
4,123
2,755
5,774
5,663
7,661
7,788
8,583
6,511
8,739
4,694
4,577
5,690
9,606
2,752
5,767
7,747
10,685
5,383
8,766
4,63
5,713
2,468
5,127
8,679
7,741
4,750
8,672
4,619
8,727
10,742
4,693
4,722
8,717
10,714
7,528
4,504
8,608
4,660
4,510
8,605
8,698
4,728
7,634
7,635
8,526
1,574
7,502
2,417
8,372
8,537
9,473
7,432
8,544
4,282
7,589
7,337
4,557
8,224
8,710
4,721
5,626
8,385
8,529
8,405
8,395
7,426
8,617
5,595
8,671
2,552
8,515
8,666
2,667
10,551
2,615
8,603
7,683
6,522
2,569
4,680
10,505
4,627
5,516
4,723
7,686
8,466
8,719
2,725
8,689
7,637
8,564
7,568
7,286
8,306
5,464
5,453
9,436
8,313
5,28
7,329
7,77
7,218
8,268
8,494
8,440
8,514
8,449
7,769
7,378
7,65
7,783
8,598
2,700
7,625
8,720
8,654
8,662
7,452
8,597
4,256
7,438
8,105
3,240
11,673
4,590
8,612
7,638
8,533
2,622
10,565
8,563
8,664
8,506
2,670
7,692
7,675
8,348
8,541
8,381
8,459
4,584
7,618
5,548
2,546
10,650
2,384
8,408
7,358
7,312
4,779
2,27
9,642
8,718
7,441
8,740
8,592
8,300
8,518
8,227
8,211
8,628
8,213
1,99
3,443
8,639
2,677
2,35
10,155
8,392
8,195
8,98
8,174
3,30
5,462
8,237
8,393
8,422
8,226
8,542
4,298
2,376
8,294
8,305
5,580
9,198
5,331
5,336
8,134
8,192
8,315
8,196
9,682
8,540
8,591
5,148
7,391
5,271
8,547
9,567
2,653
8,704
8,418
8,280
8,630
8,415
7,463
2,687
6,594
8,357
8,360
10,434
8,550
4,629
4,536
2,490
7,368
5,140
7,520
4,125
8,302
7,458
10,11
7,100
8,517
5,141
2,343
5,480
5,308
7,325
7,461
4,245
8,623
9,531
4,364
8,497
7,521
4,534
8,684
5,460
2,601
6,620
3,543
8,715
8,139
8,420
8,212
5,142
5,610
5,651
8,586
2,151
7,425
5,423
2,508
10,73
8,401
8,347
8,539
8,498
7,399
8,561
8,538
8,640
8,621
8,487
8,475
7,649
7,562
8,575
8,571
8,611
8,316
7,648
4,633
10,712
8,442
8,613
7,407
8,350
8,409
8,554
4,410
3,489
2,122
2,176
2,448
8,607
7,501
8,695
4,614
10,532
8,446
8,560
8,301
8,194
8,205
5,207
4,162
8,582
8,335
8,168
2,143
7,208
2,369
8,103
8,588
8,573
8,397
10,281
10,555
8,248
8,307
5,344
8,108
2,25
2,332
4,279
2,362
2,230
8,55
8,12
8,363
8,530
8,323
4,81
8,373
8,513
8,545
8,328
7,527
6,173
8,375
8,152
8,394
4,219
8,359
8,604
6,479
8,341
8,587
8,299
8,330
3,241
8,234
8,370
7,471
8,600
8,503
8,412
2,636
2,467
2,658
2,674
2,193
8,470
8,36
8,8
8,201
8,20
8,246
8,214
5,69
8,435
2,292
8,437
5,295
2,225
4,197
8,317
2,238
8,356
8,112
8,94
8,297
8,60
8,95
10,183
7,342
8,43
2,85
8,191
8,274
5,215
8,189
12,164
8,175
8,101
10,19
8,167
8,411
2,239
2,760
10,652
4,86
2,396
8,365
2,380
8,107
8,229
8,153
8,377
8,158
7,456
8,293
8,483
8,137
8,172
2,252
2,52
8,190
9,304
8,303
8,257
2,314
5,146
8,171
8,92
2,91
5,382
8,79
2,414
8,185
8,145
8,147
8,265
8,113
8,150
8,7
2,129
8,242
8,26
8,138
10,309
8,477
8,157
10,184
8,41
2,10
8,136
2,254
7,2
3,126
8,154
8,61
5,266
2,3
8,144
10,71
2,128
8,272
8,439
2,178
8,121
8,102
2,643
2,339
2,324
8,83
7,80
2,88
8,296
8,288
8,259
10,6
8,42
8,495
8,232
8,163
8,1
8,366
2,4
8,261
3,29
8,119
8,519
8,289
8,419
8,51
8,48
8,402
8,22
8,54
5,40
8,97
8,333
8,32
4,578
2,602
2,131
8,135
8,57
8,132
8,18
8,14
8,179
8,275
8,349
8,283
2,455
8,481
8,285
8,210
8,59
8,104
8,9
8,263
8,39
8,284
8,220
8,5
8,233
8,264
2,223
8,222
8,398
8,576
2,451
8,231
8,253
6,374
8,16
2,556
2,277
8,367
8,244
8,44
8,114
8,353
8,318
2,90
8,120
8,186
8,523
2,249
8,118
10,68
8,93
8,64
8,404
5,267
8,250
5,310
2,361
8,430
2,177
8,72
8,371
8,78
2,270
8,273
8,31
8,47
8,62
8,17
8,96
8,161
10,74
8,334
8,46
2,156
8,116
8,23
2,75
8,56
8,216
5,326
8,255
8,67
8,37
8,478
8,278
8,159
2,209
8,379
8,200
8,509
8,319
8,235
8,447
10,221
8,228
8,188
8,702
8,49
8,269
8,133
8,87
2,428
8,688
8,581
8,596
8,389
8,655
8,553
10,599
8,549
8,641
8,570
8,124
8,646
8,579
8,388
8,676
8,624
2,678
8,705
7,287
10,482
10,387
2,525
10,491
8,492
8,485
8,558
8,400
8,406
8,416
8,390
2,465
2,665
2,450
8,165
2,322
8,496
8,320
8,170
8,354
8,352
2,431
8,58
8,243
8,340
8,559
8,444
8,609
8,457
8,403
8,507
8,276
2,476
8,38
2,202
8,351
8,355
10,433
8,111
8,109
8,338
8,50
8,182
8,203
2,33
8,386
8,474
8,795
8,701
8,781
8,262
8,792
8,794
2,793
8,770
8,290
8,115
2,524
9,34
8,13
8,21
2,15
8,708
10,797
2,737
2,736
8,180
8,786
8,773
8,745
8,771
8,734
8,709
8,731
8,772
8,251
8,743
8,236
8,748
8,749
8,798
8,787
10,445
8,187
8,217
10,732
10,493
2,566
2,657
10,656
2,454
8,427
2,585
2,535
10,659
8,697
8,149
8,84
8,789
2,321
2,744
2,488
8,106
8,199
2,82
2,751
8,429
10,616
8,785
8,593
8,778
8,469
8,765
10,484
8,738
8,204
8,311
8,733
8,726
10,327
10,729
10,345
8,258
8,730
10,707
8,631
2,768
2,500
2,644
2,791
8,110
8,681
10,166
8,764
10,424
8,757
8,413
2,647
8,784
8,472
10,763
10,776
2,572
2,66
8,53
2,117
8,645
10,70
2,247
2,346
2,181
2,24
8,291
2,421
2,160
