99,1288
60,1285
60,1229
80,1254
16,1294
83,1290
60,1302
85,1153
56,1242
56,1262
56,1292
60,1102
60,282
60,1185
98,1240
96,998
65,1197
60,1238
93,1300
98,1168
56,1174
60,1187
60,1303
93,1299
60,1210
60,1272
83,1280
14,645
60,1247
16,1271
60,1054
60,1037
60,238
60,613
90,670
87,1156
60,823
60,1189
82,1255
60,757
60,1276
80,1230
101,1307
15,1172
60,946
70,621
60,434
14,913
87,1219
60,685
16,860
60,1209
61,365
60,682
60,1148
59,956
87,1281
97,995
25,509
16,1109
60,636
60,1047
60,540
60,563
60,958
60,438
82,1184
91,405
87,651
56,1231
59,825
88,1139
60,528
60,1146
60,1186
60,1118
87,1092
60,845
60,925
15,1235
67,1130
81,1308
77,1261
60,1068
14,1074
60,700
66,1016
58,619
60,1266
98,921
60,982
81,1232
25,399
57,1076
60,417
16,1282
51,1151
15,1226
56,1287
61,853
87,1142
84,1049
87,379
93,288
76,1056
60,859
40,826
96,794
60,809
63,1190
60,1245
60,915
25,1160
56,1183
93,1202
61,666
86,591
81,1066
60,1220
25,353
89,467
93,616
25,635
60,862
35,833
92,800
60,485
60,1297
94,1257
69,1286
52,1234
21,1104
80,1162
25,1128
80,1216
17,691
25,751
87,448
60,964
61,708
25,866
25,1127
60,1144
46,1256
25,492
25,950
60,1199
60,1289
18,1295
25,1233
60,1277
25,1030
25,469
64,916
16,1205
16,941
25,1243
59,1225
25,345
67,1133
25,999
60,1081
60,1175
60,1293
37,1129
15,626
78,428
72,1201
29,1196
14,1070
25,1181
25,1284
80,1112
25,1131
60,502
60,1006
11,721
25,1000
73,1071
15,819
25,716
25,1055
60,962
79,1249
25,1052
60,1171
27,817
41,1214
60,1163
25,1032
25,326
3,1244
25,1122
25,799
60,523
25,877
25,697
60,1221
60,991
25,840
60,1173
60,1008
4,987
26,850
60,609
25,1278
25,1304
25,1157
87,949
25,801
25,1027
25,1119
25,1192
7,1105
25,1134
54,954
60,740
25,1028
87,977
20,679
25,899
25,208
25,297
72,906
25,805
25,765
25,934
25,1298
25,1296
60,1283
25,1301
25,1218
25,1228
25,544
25,161
25,1269
25,404
25,1018
59,886
80,611
25,443
25,959
25,1085
25,253
22,667
25,473
23,450
74,695
25,402
48,287
12,378
19,994
25,856
25,764
25,1087
25,1200
75,974
25,1147
25,930
25,631
32,1136
25,503
25,989
6,1023
25,815
25,1079
25,565
25,696
25,1152
87,975
25,1115
87,615
26,213
25,923
27,1050
25,395
25,1126
25,846
25,649
25,795
25,888
25,488
25,658
5,955
25,1239
25,1159
25,430
25,790
25,785
25,908
25,1241
25,383
25,1179
93,1188
25,1265
25,1258
25,984
25,1259
60,966
25,1203
25,706
57,1215
25,358
25,420
25,269
25,1043
25,919
25,1260
25,842
25,1044
25,654
1,407
25,1161
24,1072
25,331
25,185
25,477
25,394
60,910
25,603
72,396
25,624
25,577
25,735
25,699
25,980
25,914
16,607
25,971
25,324
25,836
25,944
25,802
25,755
25,928
25,715
62,1264
25,907
25,876
25,376
25,347
25,789
25,644
25,262
25,855
25,1154
25,705
25,1208
25,496
68,804
25,546
25,837
25,472
25,986
25,922
25,191
25,527
25,869
25,1073
25,236
25,254
25,759
25,973
27,320
25,357
25,549
25,798
25,863
25,676
25,532
38,316
25,444
25,895
60,838
43,688
25,243
10,662
25,366
25,988
25,215
25,1213
25,196
25,743
24,811
25,929
25,1123
25,1251
25,1270
25,604
25,981
25,722
14,963
25,1064
25,589
25,612
25,260
25,879
25,766
25,709
25,848
25,871
25,359
60,704
25,1167
25,1275
28,285
25,873
27,717
25,841
25,887
25,844
25,750
25,573
25,1077
25,538
25,812
25,931
25,594
25,1042
25,961
25,1057
25,336
25,632
25,249
25,574
25,1108
25,672
25,690
25,281
25,517
25,1021
25,1113
25,1191
25,1031
25,227
25,657
25,470
25,880
25,550
23,1083
25,1060
25,1194
25,1029
25,481
24,633
25,306
25,322
25,211
25,200
25,233
25,997
25,720
25,882
25,872
25,454
25,1124
93,663
25,1125
25,386
25,1279
25,978
23,1088
31,1141
23,453
25,1069
25,1250
25,380
24,1114
25,990
25,421
25,835
25,414
25,768
25,425
25,1246
25,1204
25,828
25,427
25,409
25,293
25,1001
25,460
25,356
25,1022
25,1003
72,993
87,1039
25,489
25,1010
25,520
25,796
25,329
60,1035
25,936
25,1099
25,767
25,983
25,318
25,729
25,397
25,752
25,687
25,1166
36,596
25,665
33,1121
25,1143
25,1075
25,1004
25,948
25,511
25,683
25,255
25,436
25,373
25,889
25,1135
25,480
25,821
25,622
100,728
25,416
25,967
25,1007
25,553
25,385
25,985
25,992
25,661
25,308
25,924
25,1116
25,797
27,733
25,564
25,774
25,1101
25,1176
25,419
25,222
25,300
25,363
25,898
25,338
25,829
25,507
25,1094
60,1137
25,933
25,599
73,937
25,656
25,461
25,225
25,491
25,277
25,1082
25,1045
25,874
25,1117
25,839
25,583
25,598
25,263
25,458
25,452
25,852
25,832
49,465
25,1053
25,957
25,1089
25,1149
25,335
25,951
60,769
25,431
25,814
60,782
25,349
25,433
30,628
25,266
61,398
25,142
25,157
27,680
25,593
25,432
25,555
25,343
25,578
25,568
25,515
25,572
25,466
25,439
25,793
25,206
25,543
25,271
25,435
25,370
25,242
25,235
34,352
25,602
25,518
25,557
25,146
25,938
25,451
25,884
60,508
25,495
25,777
25,423
25,671
25,120
25,145
25,762
25,745
25,711
25,702
25,810
25,1120
37,1046
25,1274
60,585
44,442
25,625
25,710
25,181
23,367
25,1180
25,787
25,1267
24,707
25,426
25,854
25,1019
25,415
25,581
25,535
25,344
25,1236
25,446
38,664
25,668
50,960
25,818
25,311
25,784
25,1038
25,1017
25,917
25,1111
25,1103
25,1252
25,552
25,542
25,1065
25,834
25,1150
25,1106
25,736
25,1014
25,703
25,808
25,422
25,355
25,806
25,424
25,1158
25,1237
25,516
25,279
25,510
25,659
25,410
25,412
25,501
25,223
25,372
25,524
25,459
25,342
25,730
27,878
25,497
25,827
25,1012
25,561
25,1227
25,234
25,533
25,483
25,783
25,776
25,1090
25,1178
25,775
25,259
25,870
25,830
25,570
25,713
25,327
25,1061
25,996
25,1140
25,885
25,881
25,362
25,559
25,674
25,820
25,911
25,935
25,901
25,1212
25,970
25,280
58,1051
25,525
25,1211
25,1005
25,296
25,354
25,478
25,246
25,900
25,113
25,560
25,303
25,732
27,307
25,231
25,455
25,731
25,861
95,726
25,1020
25,788
25,1198
23,298
27,779
25,610
25,953
25,851
25,1011
25,479
25,1132
25,725
25,675
60,447
25,741
25,896
25,1086
27,150
25,237
25,401
25,531
25,512
25,694
25,268
25,361
25,244
25,494
25,382
25,325
25,608
25,1033
25,539
25,332
25,758
25,292
25,218
25,229
25,152
25,718
25,575
25,723
25,673
25,772
24,341
25,681
25,927
25,778
25,754
25,1067
25,1138
25,1059
25,647
25,413
25,567
25,232
25,822
25,920
25,791
25,1080
25,351
24,639
25,744
25,623
25,945
25,640
25,1025
25,875
25,334
25,617
25,348
25,712
25,317
25,556
25,1096
25,1110
25,1155
25,698
25,943
25,952
25,1002
25,387
25,883
25,1036
25,865
25,734
25,1164
25,748
25,1058
25,212
25,660
25,1224
25,475
25,456
25,346
25,701
25,780
25,390
25,267
25,595
25,505
25,641
25,605
25,600
25,597
25,286
25,646
25,500
25,620
25,965
25,193
25,289
25,388
25,562
25,643
25,807
22,771
25,739
25,669
25,763
25,571
25,693
68,918
25,530
25,304
25,381
25,498
25,278
25,137
25,868
25,727
25,677
25,369
25,590
25,947
25,197
25,159
25,642
25,537
25,847
25,686
25,894
25,592
25,714
25,513
25,514
25,295
25,174
47,1024
25,1026
25,968
25,719
25,283
25,265
25,339
39,761
25,309
25,749
25,738
25,153
27,411
84,313
24,892
25,566
25,134
25,781
25,301
25,258
25,226
25,241
25,652
25,857
25,123
25,1009
25,178
25,59
25,476
25,1040
25,391
25,93
25,190
25,330
25,1177
25,891
25,471
25,172
25,1182
25,792
25,221
25,692
25,1195
25,1034
25,291
25,770
25,678
25,1098
25,773
87,1015
18,909
25,554
71,547
25,1100
25,449
25,932
25,586
25,526
25,482
25,429
25,1165
25,207
25,315
25,418
25,979
25,580
25,558
25,653
25,905
25,601
25,490
25,210
25,545
25,276
25,1091
25,393
25,171
25,831
25,522
33,333
25,816
25,893
53,541
25,389
25,618
25,536
45,684
25,824
25,484
25,637
25,867
25,519
25,323
25,360
25,474
25,1248
25,228
25,310
25,182
25,529
25,849
25,813
25,588
25,926
25,499
25,305
25,843
25,1169
25,441
25,368
25,194
25,655
25,437
25,1084
25,290
25,753
25,340
25,912
25,141
25,256
25,1253
25,1305
25,1291
82,1306
25,274
25,400
25,204
25,273
25,468
25,638
25,445
25,904
25,786
25,384
25,803
25,314
25,689
25,737
25,760
25,408
25,364
25,534
25,187
25,902
25,747
25,1041
25,587
25,275
25,1063
25,634
25,746
27,464
25,1273
25,440
25,247
25,462
25,406
25,582
55,169
25,858
25,1097
25,245
25,1268
25,1223
25,1062
25,252
25,220
25,132
25,940
25,149
25,463
25,969
19,506
23,1217
25,261
25,96
25,156
25,328
25,155
25,60
25,30
25,5
25,51
25,80
25,180
25,98
25,166
25,44
42,28
25,85
25,48
25,392
25,170
25,136
25,606
25,1312
25,1309
25,1310
25,1316
25,1314
25,1315
25,1313
25,1319
99,1318
25,125
67,504
25,371
22,648
25,627
25,165
25,897
25,107
25,188
25,1078
25,375
25,264
25,284
59,214
25,1193
25,1206
25,1263
25,312
25,192
25,203
25,177
25,377
25,251
25,976
25,630
25,144
25,250
25,890
25,650
25,569
25,199
25,202
25,201
25,164
25,50
25,205
25,95
25,576
25,579
25,1207
25,124
25,614
25,175
25,139
25,374
25,52
25,23
25,13
25,65
25,756
25,61
73,84
25,109
25,162
25,54
25,14
25,7
25,1325
25,25
25,47
25,76
25,34
25,319
25,1170
25,186
25,128
25,148
25,493
25,112
25,32
25,403
25,195
25,33
25,127
25,1330
25,22
60,45
25,1321
25,3
25,29
25,119
25,176
25,299
25,147
25,63
25,548
25,183
25,217
25,198
25,111
25,37
25,55
25,75
25,73
25,41
25,38
25,1335
25,1320
25,189
9,66
25,1329
25,86
25,143
25,2
25,12
25,26
25,163
25,79
25,91
25,106
25,31
25,18
8,62
60,40
25,230
25,78
25,151
25,64
25,89
25,74
25,629
25,584
25,1327
32,1328
25,100
25,116
25,53
25,140
82,71
22,158
25,1107
25,239
25,56
25,88
25,724
25,302
25,94
25,337
25,11
25,1334
25,1324
25,99
25,114
25,10
25,9
25,21
25,1331
25,70
25,154
25,110
25,87
25,17
25,224
25,168
25,486
25,321
25,551
25,1145
25,179
25,248
25,257
25,81
25,1095
25,160
25,864
25,350
25,130
25,46
25,942
2,131
25,97
25,972
25,1048
25,216
22,105
25,939
25,272
25,209
25,487
23,270
25,103
25,138
25,36
25,49
25,1311
25,69
25,57
25,101
25,219
25,77
25,72
25,121
25,35
25,122
25,19
25,457
25,294
25,24
25,115
25,104
25,126
25,68
25,742
25,129
25,20
25,15
25,1333
25,90
25,1323
25,58
25,1326
25,1336
25,1
25,1093
25,521
13,16
13,108
87,43
13,42
13,173
13,133
13,4
13,240
84,135
13,118
13,82
60,92
60,1332
84,1222
97,1013
56,39
60,67
99,6
61,27
61,1317
60,903
60,1322
56,102
82,8
98,117
56,167
60,83
99,184
