1,1206
5,1208
5,1210
5,1064
5,1219
1,1236
5,703
5,1232
5,1207
4,1157
3,1199
1,1082
4,1112
5,1212
4,1095
3,889
5,1144
3,1227
4,876
4,1118
5,1005
4,954
4,1089
5,1042
5,561
5,1087
5,591
4,1223
2,1139
4,928
1,1222
1,908
4,784
3,1077
4,891
4,1056
4,912
1,1228
4,1215
4,655
2,946
4,970
4,996
4,532
4,581
1,485
5,722
1,751
3,829
4,1192
5,1194
4,514
4,831
4,1197
4,633
4,967
5,500
4,1030
3,952
1,386
4,1221
3,880
4,1032
4,1166
4,1001
4,697
3,1133
3,659
4,993
5,1163
4,1196
5,1053
4,520
4,978
4,1204
4,1147
2,798
4,981
5,1101
3,850
4,1060
3,1153
3,1079
4,1195
4,1022
4,1010
3,1205
4,1116
4,636
1,701
4,1052
4,927
4,602
4,522
4,1094
1,853
4,351
4,745
4,811
3,1067
3,583
4,772
4,1086
4,863
4,716
2,564
2,385
4,816
4,725
4,580
4,1231
4,1176
2,882
5,411
4,660
3,920
4,913
3,374
2,288
5,631
4,683
5,393
3,518
4,621
4,400
4,577
4,1046
4,667
4,1114
4,554
4,456
5,723
3,720
3,953
2,959
3,1122
4,937
4,1058
4,543
4,982
4,578
2,791
4,511
5,1049
3,740
3,1098
2,692
3,727
4,593
5,427
4,415
4,493
5,430
2,1115
3,841
4,1031
4,919
2,861
3,1217
1,1224
4,1161
1,773
4,823
4,565
4,626
3,1120
4,991
4,979
4,1076
4,1182
4,526
4,1008
4,894
4,830
4,969
4,947
4,999
4,1105
4,704
4,512
4,428
3,612
4,486
4,744
4,1132
4,466
4,842
4,980
4,1063
4,817
3,1029
4,775
4,568
4,681
4,730
2,781
4,851
4,1068
4,762
4,608
7,729
4,690
4,1141
4,944
3,767
4,611
3,930
4,1016
4,549
4,1121
4,609
4,790
4,865
4,825
4,1143
4,1047
4,845
4,984
4,1119
4,888
4,590
4,843
4,708
4,641
4,685
1,574
4,1211
4,1225
4,642
4,1198
4,1202
4,1226
5,698
4,972
3,1051
4,1156
3,1184
4,837
3,684
4,1177
4,713
4,1229
4,1164
3,1126
4,801
4,924
4,917
4,1216
4,1235
4,1218
4,1158
4,872
4,1209
4,1185
4,1136
4,916
4,1017
4,1234
4,1138
5,1036
4,1104
4,1220
3,709
4,1175
4,800
4,1088
4,921
3,584
3,465
4,1146
3,1169
4,918
4,962
4,1142
4,788
4,1055
4,1129
4,765
4,1128
4,802
3,629
4,777
3,1075
4,1018
4,669
4,896
4,824
4,938
4,529
4,388
4,792
4,854
4,535
5,1069
3,878
4,1180
4,810
4,1170
4,1171
4,285
4,915
4,1151
4,1092
4,652
3,1154
4,1168
4,334
4,1173
1,645
4,412
4,657
4,846
4,503
2,995
4,318
4,866
4,1109
4,983
1,910
4,1125
4,809
4,1145
4,625
4,505
3,732
4,1004
4,771
4,968
4,1024
4,855
4,956
4,743
4,1083
4,1045
4,1131
4,640
3,933
4,524
4,1165
4,1000
4,760
4,1174
4,617
4,1187
2,955
4,884
4,904
4,1048
4,752
4,844
4,536
4,632
4,1044
4,1200
3,587
4,1034
4,828
3,1123
1,717
4,813
4,869
4,974
4,1003
4,840
4,1090
4,1135
4,1084
4,769
1,1040
5,964
4,502
4,1021
4,1106
4,754
4,1006
6,1113
2,966
4,832
4,594
4,682
4,691
4,618
4,1137
4,1189
4,1002
4,712
4,1213
4,793
4,961
4,895
4,1230
4,1214
4,677
4,348
4,1178
4,936
3,934
4,932
4,1188
4,395
4,734
3,1152
4,1111
4,997
3,1043
4,758
1,906
4,676
4,903
4,646
4,1148
4,925
4,668
4,1071
4,949
4,1140
4,540
4,875
4,322
3,735
4,747
4,544
4,390
5,1097
4,1183
4,569
4,941
4,702
6,893
4,582
1,647
4,1059
4,1134
4,768
4,960
4,858
4,929
3,990
4,672
4,1130
4,1020
4,864
4,551
4,282
4,601
4,886
4,513
4,449
4,1110
4,623
4,988
4,779
4,736
3,572
4,1124
4,320
4,586
4,275
4,384
4,812
4,592
3,635
4,380
4,1167
4,1062
4,746
4,883
2,1033
3,506
4,958
4,852
4,976
4,494
4,562
4,497
4,898
4,527
4,870
6,731
4,530
3,787
4,987
5,794
4,897
4,573
4,1093
4,733
4,689
4,403
4,501
3,822
4,1054
4,902
4,821
4,627
4,662
4,780
4,671
4,710
4,445
4,839
4,539
4,566
4,1023
4,948
4,1149
4,877
4,686
4,890
4,867
4,911
4,885
4,776
4,973
3,1014
4,1091
4,1072
4,567
4,1028
4,1027
4,1080
4,498
1,695
4,600
4,940
4,488
4,496
4,558
4,556
4,408
4,432
4,439
4,437
4,674
4,795
4,1057
4,1150
4,579
4,576
4,738
4,441
4,422
4,198
4,93
4,95
4,286
4,489
4,257
4,157
4,236
4,311
4,477
4,806
4,696
4,610
4,994
3,724
4,458
4,860
4,596
4,1099
4,785
4,820
4,1009
4,504
4,1107
4,835
4,826
4,805
4,679
4,656
4,763
4,541
4,721
4,1061
4,418
4,650
4,753
4,649
4,766
4,874
4,750
4,922
4,957
4,783
4,926
4,807
4,1085
4,899
4,847
4,943
4,1100
4,986
4,670
4,764
4,654
4,510
4,665
4,818
4,387
4,862
4,588
4,658
4,827
4,310
4,375
4,680
4,394
4,223
4,1038
4,571
4,705
4,473
4,247
4,749
4,620
4,129
4,86
4,232
4,280
4,315
4,484
4,675
4,538
4,545
4,459
4,302
4,172
4,255
3,343
4,434
4,333
4,1015
4,585
4,971
4,546
4,859
4,624
4,507
4,266
4,209
4,349
1,219
4,517
4,443
4,435
4,292
4,104
4,354
4,552
1,542
4,164
4,214
4,188
4,151
4,297
4,347
4,737
4,550
4,416
4,848
4,360
1,371
4,598
4,352
3,267
4,338
4,128
4,433
4,487
4,834
4,296
4,871
4,977
4,799
4,856
4,1041
4,1073
4,475
4,139
4,833
4,401
4,1070
4,350
4,604
4,321
6,471
4,85
4,98
4,312
4,189
4,234
4,242
4,560
4,190
4,367
4,357
4,225
7,206
4,238
4,328
4,180
4,341
4,589
4,362
4,303
4,379
4,460
4,84
4,246
6,261
4,326
4,786
4,638
4,1103
4,256
4,942
3,814
4,399
4,548
4,218
4,173
4,193
4,141
4,143
4,279
4,277
4,78
4,63
4,313
4,363
4,105
4,472
4,220
4,688
4,605
4,323
4,421
4,1162
4,442
4,905
4,426
4,91
4,797
4,452
4,366
4,340
4,892
4,719
4,327
4,1190
4,998
4,228
4,224
4,210
4,254
4,339
4,474
4,715
4,270
4,121
4,213
4,186
4,289
4,202
4,290
4,252
4,378
4,112
4,308
4,156
4,273
4,836
1,1096
4,204
4,230
4,265
4,65
4,881
4,229
4,448
4,163
4,222
4,97
4,171
4,89
4,755
4,69
3,335
4,88
4,678
4,287
4,241
4,179
4,127
4,140
4,276
4,212
4,203
4,492
4,200
4,476
4,92
4,353
4,547
4,165
4,262
4,317
4,570
4,192
4,184
4,531
4,615
4,653
2,346
4,796
4,329
4,324
4,849
4,240
4,300
4,248
4,417
4,306
4,344
4,634
4,185
4,616
4,307
4,707
4,178
4,301
4,628
4,243
4,939
4,907
4,450
4,409
4,414
4,272
4,161
4,446
4,482
4,1159
4,706
4,253
4,264
4,490
4,951
4,603
4,423
4,398
4,413
4,1127
4,613
4,365
6,444
4,463
4,170
4,259
4,274
4,137
4,94
4,174
4,169
4,71
4,64
4,258
4,516
4,382
4,183
4,208
7,480
4,108
4,138
4,838
4,368
4,700
3,176
4,103
4,249
4,109
4,250
4,117
4,742
4,931
4,131
4,373
4,110
4,130
4,56
4,211
4,99
4,464
4,694
4,757
4,1155
4,1026
4,756
4,1025
4,622
4,1035
4,714
4,639
4,356
4,759
4,316
4,396
3,607
4,1181
4,739
4,559
4,533
4,1108
4,508
4,521
4,644
4,761
4,1065
4,619
4,331
4,661
2,606
4,168
4,455
4,614
4,741
4,555
4,406
4,782
4,525
4,519
4,726
4,963
7,231
4,693
4,673
4,804
4,1037
4,914
4,453
4,534
4,381
4,563
4,391
4,372
4,770
4,597
4,803
4,887
4,965
4,748
4,945
4,553
4,336
4,425
4,778
4,528
4,819
4,537
4,1201
4,1012
4,1013
4,950
4,451
4,599
4,278
4,495
4,637
4,728
4,361
4,467
4,901
4,330
4,197
4,975
4,1039
4,1203
4,461
4,868
4,1233
4,342
4,293
4,575
2,1019
4,291
4,181
4,195
4,111
4,216
4,251
3,648
4,436
4,457
4,364
4,470
4,392
4,808
4,478
4,900
4,389
4,1007
4,1172
4,1193
4,36
4,66
4,13
4,74
4,37
4,124
6,35
4,58
4,22
4,177
4,75
4,30
4,45
4,39
4,43
4,53
4,115
4,664
4,125
4,199
4,40
4,73
4,15
4,989
4,61
4,23
4,33
4,383
4,299
4,19
4,20
4,28
4,10
4,50
4,42
4,52
4,55
4,102
4,404
4,284
4,447
4,126
4,215
4,76
4,245
2,175
4,440
4,595
4,410
4,509
4,217
4,44
4,149
4,1066
4,304
4,499
4,332
4,298
4,194
4,227
4,419
4,1186
4,1078
4,167
4,54
4,152
4,187
4,221
4,81
3,1081
4,233
4,114
4,260
4,57
4,483
4,150
4,294
4,370
4,24
4,132
4,3
4,144
4,5
4,7
4,1237
4,9
4,4
4,70
4,2
4,79
4,153
4,14
4,72
4,25
4,8
4,21
4,26
6,51
4,17
4,1238
4,47
4,27
4,424
4,120
4,122
4,134
4,789
4,909
4,397
4,182
4,481
4,630
3,454
4,100
4,101
4,283
4,133
4,207
4,59
4,239
4,268
4,159
4,281
4,62
4,337
4,49
4,718
4,83
4,118
4,191
4,16
4,491
4,146
4,87
4,469
4,123
4,82
4,515
4,80
4,557
4,68
4,295
4,1191
4,879
4,666
4,325
4,992
4,420
4,462
4,1074
4,355
4,136
4,358
4,269
4,67
3,271
4,1117
4,1160
4,438
4,244
4,11
4,18
4,235
4,155
4,237
4,305
4,402
4,116
4,148
4,263
4,34
4,145
4,166
4,205
6,405
4,41
4,985
4,107
4,154
4,923
4,314
4,345
4,113
4,158
4,815
4,142
3,77
4,468
4,377
4,135
4,119
4,29
4,106
4,147
4,1050
4,196
4,1102
4,857
4,479
4,376
4,1179
4,1011
4,687
4,711
4,429
4,699
4,935
4,201
4,873
4,319
4,60
4,162
4,651
4,90
4,369
4,663
4,309
4,643
4,523
4,160
4,48
4,407
4,774
4,226
4,38
4,6
4,359
4,431
4,12
4,32
4,1
4,46
5,31
5,96
