5,1206
90,1208
93,1210
91,1064
93,1219
9,1236
93,703
98,1232
91,1207
78,1157
29,1199
4,1082
80,1112
89,1212
80,1095
32,889
97,1144
29,1227
78,876
78,1118
98,1005
80,954
80,1089
93,1042
89,561
98,1087
95,591
78,1223
14,1139
80,928
7,1222
4,908
80,784
23,1077
80,891
80,1056
80,912
11,1228
80,1215
80,655
18,946
79,970
80,996
52,532
80,581
6,485
95,722
2,751
32,829
78,1192
97,1194
81,514
80,831
47,1197
81,633
70,967
94,500
80,1030
34,952
1,386
80,1221
32,880
70,1032
70,1166
70,1001
80,697
27,1133
40,659
70,993
91,1163
70,1196
89,1053
80,520
80,978
80,1204
83,1147
17,798
70,981
90,1101
38,850
47,1060
39,1153
32,1079
70,1195
70,1022
73,1010
39,1205
70,1116
70,636
1,701
70,1052
70,927
74,602
70,522
74,1094
8,853
70,351
70,745
70,811
37,1067
34,583
81,772
70,1086
71,863
70,716
15,564
18,385
70,816
70,725
70,580
56,1231
70,1176
18,882
94,411
80,660
24,920
70,913
32,374
14,288
96,631
70,683
99,393
39,518
80,621
80,400
81,577
70,1046
71,667
73,1114
70,554
70,456
93,723
34,720
36,953
20,959
45,1122
70,937
70,1058
70,543
70,982
70,578
17,791
70,511
93,1049
23,740
39,1098
13,692
24,727
52,593
94,427
71,415
47,493
92,430
18,1115
30,841
70,1031
74,919
18,861
33,1217
1,1224
70,1161
1,773
70,823
71,565
70,626
23,1120
50,991
75,979
70,1076
70,1182
70,526
73,1008
70,894
70,830
84,969
70,947
80,999
70,1105
70,704
70,512
56,428
36,612
70,486
70,744
70,1132
70,466
47,842
71,980
70,1063
70,817
32,1029
70,775
70,568
51,681
56,730
21,781
58,851
74,1068
80,762
70,608
111,729
70,690
70,1141
70,944
22,767
70,611
34,930
70,1016
71,549
70,1121
70,609
70,790
70,865
71,825
82,1143
56,1047
52,845
70,984
71,1119
70,888
47,590
70,843
73,708
70,641
70,685
10,574
48,1211
70,1225
70,642
70,1198
67,1202
73,1226
94,698
70,972
29,1051
74,1156
31,1184
70,837
33,684
70,1177
70,713
70,1229
70,1164
29,1126
83,801
70,924
73,917
70,1216
70,1235
70,1218
55,1158
70,872
70,1209
70,1185
73,1136
70,916
74,1017
70,1234
70,1138
94,1036
70,1104
70,1220
26,709
70,1175
70,800
71,1088
71,921
33,584
27,465
70,1146
27,1169
70,918
70,962
70,1142
74,788
70,1055
70,1129
59,765
70,1128
73,802
35,629
74,777
34,1075
81,1018
74,669
74,896
70,824
74,938
70,529
70,388
57,792
71,854
57,535
94,1069
41,878
71,1180
71,810
51,1170
80,1171
70,285
70,915
73,1151
70,1092
51,652
25,1154
70,1168
70,334
70,1173
1,645
73,412
74,657
70,846
70,503
18,995
73,318
75,866
70,1109
74,983
1,910
74,1125
70,809
74,1145
70,625
70,505
41,732
70,1004
70,771
70,968
70,1024
58,855
75,956
51,743
73,1083
74,1045
70,1131
60,640
32,933
71,524
70,1165
70,1000
70,760
57,1174
73,617
70,1187
18,955
70,884
71,904
74,1048
71,752
70,844
74,536
71,632
70,1044
71,1200
46,587
75,1034
70,828
27,1123
9,717
71,813
59,869
70,974
70,1003
77,840
70,1090
70,1135
70,1084
70,769
1,1040
94,964
71,502
63,1021
70,1106
74,754
73,1006
107,1113
16,966
70,832
70,594
74,682
64,691
70,618
80,1137
74,1189
74,1002
74,712
73,1213
74,793
53,961
74,895
64,1230
77,1214
74,677
73,348
74,1178
75,936
36,934
70,932
70,1188
74,395
70,734
25,1152
74,1111
81,997
22,1043
66,758
3,906
74,676
70,903
87,646
74,1148
74,925
70,668
70,1071
74,949
71,1140
70,540
73,875
48,322
42,735
70,747
74,544
70,390
95,1097
60,1183
70,569
74,941
74,702
108,893
74,582
9,647
74,1059
71,1134
73,768
71,960
55,858
74,929
28,990
74,672
85,1130
74,1020
70,864
71,551
70,282
74,601
70,886
81,513
70,449
74,1110
70,623
59,988
70,779
64,736
36,572
66,1124
74,320
77,586
74,275
73,384
70,812
57,592
43,635
70,380
69,1167
74,1062
74,746
59,883
16,1033
39,506
77,958
70,852
70,976
73,494
70,562
71,497
70,898
74,527
53,870
106,731
70,530
36,787
70,987
94,794
73,897
74,573
74,1093
71,733
74,689
74,403
70,501
39,822
70,1054
74,902
74,821
59,627
74,662
74,780
74,671
51,710
74,445
74,839
74,539
74,566
73,1023
74,948
74,1149
72,877
75,686
52,890
73,867
74,911
74,885
74,776
74,973
38,1014
70,1091
71,1072
74,567
66,1028
74,1027
75,1080
74,498
1,695
74,600
66,940
74,488
74,496
61,558
74,556
74,408
70,432
74,439
75,437
64,674
74,795
74,1057
76,1150
73,579
74,576
74,738
73,441
71,422
74,198
74,93
73,95
72,286
70,489
70,257
74,157
71,236
74,311
71,477
60,806
74,696
66,610
74,994
38,724
74,458
75,860
70,596
74,1099
74,785
64,820
74,1009
74,504
74,1107
74,835
74,826
74,805
70,679
73,656
74,763
74,541
74,721
57,1061
74,418
74,650
74,753
74,649
74,766
74,874
74,750
74,922
74,957
73,783
74,926
74,807
73,1085
70,899
74,847
74,943
74,1100
74,986
74,670
86,764
74,654
65,510
71,665
59,818
74,387
74,862
74,588
70,658
70,827
70,310
75,375
75,680
74,394
74,223
74,1038
74,571
74,705
70,473
66,247
70,749
70,620
74,129
74,86
75,232
73,280
74,315
75,484
74,675
72,538
74,545
74,459
74,302
70,172
74,255
36,343
74,434
74,333
74,1015
70,585
74,971
74,546
59,859
70,624
75,507
74,266
74,209
74,349
1,219
75,517
74,443
74,435
74,292
55,104
73,354
73,552
1,542
74,164
70,214
73,188
74,151
73,297
74,347
73,737
74,550
74,416
75,848
74,360
1,371
80,598
73,352
41,267
74,338
74,128
74,433
73,487
74,834
74,296
64,871
74,977
73,799
74,856
74,1041
70,1073
73,475
73,139
74,833
74,401
74,1070
74,350
74,604
74,321
102,471
70,85
74,98
74,312
74,189
74,234
68,242
69,560
74,190
74,367
74,357
74,225
110,206
70,238
74,328
74,180
74,341
74,589
73,362
70,303
70,379
74,460
74,84
74,246
103,261
74,326
74,786
75,638
70,1103
74,256
74,942
32,814
70,399
74,548
73,218
74,173
74,193
74,141
74,143
66,279
74,277
59,78
74,63
74,313
74,363
74,105
74,472
74,220
74,688
74,605
71,323
74,421
75,1162
74,442
66,905
70,426
74,91
74,797
74,452
74,366
74,340
60,892
73,719
73,327
74,1190
74,998
73,228
74,224
70,210
75,254
69,339
74,474
75,715
74,270
75,121
74,213
73,186
73,289
74,202
73,290
74,252
74,378
74,112
63,308
74,156
74,273
74,836
10,1096
74,204
74,230
74,265
60,65
74,881
74,229
74,448
66,163
73,222
74,97
73,171
70,89
74,755
74,69
36,335
74,88
74,678
74,287
74,241
74,179
74,127
70,140
70,276
74,212
71,203
74,492
74,200
74,476
65,92
64,353
73,547
74,165
73,262
53,317
74,570
74,192
74,184
74,531
74,615
70,653
19,346
74,796
74,329
73,324
62,849
73,240
74,300
74,248
74,417
74,306
74,344
73,634
73,185
74,616
74,307
74,707
74,178
74,301
70,628
71,243
73,939
70,907
74,450
70,409
74,414
74,272
74,161
74,446
74,482
74,1159
74,706
74,253
73,264
71,490
70,951
74,603
74,423
74,398
74,413
74,1127
74,613
71,365
104,444
74,463
72,170
74,259
74,274
73,137
74,94
74,174
74,169
74,71
74,64
57,258
74,516
74,382
71,183
74,208
112,480
73,108
74,138
74,838
74,368
74,700
41,176
74,103
70,249
74,109
74,250
74,117
74,742
74,931
60,131
74,373
74,110
74,130
74,56
70,211
74,99
74,464
74,694
74,757
74,1155
74,1026
73,756
53,1025
59,622
74,1035
74,714
74,639
70,356
74,759
70,316
74,396
36,607
74,1181
74,739
74,559
74,533
64,1108
74,508
74,521
74,644
74,761
74,1065
74,619
74,331
73,661
18,606
74,168
74,455
73,614
74,741
74,555
74,406
74,782
70,525
74,519
74,726
74,963
109,231
74,693
74,673
74,804
70,1037
74,914
74,453
70,534
73,381
74,563
60,391
74,372
74,770
74,597
74,803
59,887
70,965
74,748
74,945
74,553
74,336
74,425
73,778
74,528
74,819
74,537
74,1201
74,1012
66,1013
74,950
60,451
74,599
74,278
74,495
74,637
74,728
73,361
74,467
74,901
74,330
57,197
74,975
71,1039
74,1203
74,461
74,868
74,1233
74,342
74,293
74,575
18,1019
73,291
74,181
74,195
80,111
74,216
74,251
42,648
74,436
74,457
74,364
74,470
74,392
70,808
74,478
74,900
74,389
74,1007
74,1172
74,1193
74,36
74,66
53,13
74,74
73,37
74,124
100,35
59,58
59,22
74,177
73,75
74,30
74,45
74,39
57,43
74,53
74,115
74,664
74,125
74,199
75,40
75,73
74,15
74,989
74,61
74,23
74,33
74,383
74,299
74,19
75,20
74,28
64,10
73,50
57,42
74,52
71,55
74,102
74,404
74,284
74,447
74,126
74,215
74,76
74,245
12,175
74,440
74,595
74,410
74,509
74,217
74,44
74,149
74,1066
74,304
74,499
73,332
74,298
74,194
74,227
75,419
52,1186
74,1078
74,167
74,54
70,152
74,187
74,221
71,81
44,1081
74,233
74,114
74,260
49,57
74,483
74,150
88,294
74,370
74,24
74,132
73,3
74,144
74,5
74,7
74,1237
74,9
74,4
74,70
74,2
74,79
74,153
70,14
74,72
74,25
73,8
73,21
74,26
105,51
70,17
74,1238
74,47
74,27
73,424
75,120
74,122
74,134
74,789
74,909
74,397
74,182
74,481
74,630
27,454
74,100
74,101
74,283
74,133
74,207
74,59
74,239
74,268
74,159
70,281
74,62
74,337
74,49
74,718
74,83
74,118
74,191
74,16
74,491
74,146
74,87
74,469
74,123
74,82
74,515
74,80
74,557
74,68
74,295
74,1191
74,879
74,666
74,325
74,992
74,420
74,462
74,1074
75,355
74,136
74,358
74,269
70,67
27,271
74,1117
70,1160
74,438
74,244
74,11
74,18
74,235
74,155
74,237
74,305
74,402
53,116
74,148
74,263
74,34
74,145
74,166
74,205
101,405
74,41
75,985
74,107
74,154
74,923
74,314
48,345
74,113
74,158
74,815
70,142
41,77
74,468
54,377
74,135
74,119
74,29
74,106
74,147
74,1050
74,196
59,1102
74,857
57,479
74,376
74,1179
74,1011
74,687
74,711
74,429
74,699
74,935
74,201
74,873
74,319
74,60
74,162
74,651
74,90
74,369
74,663
74,309
74,643
74,523
74,160
74,48
74,407
74,774
74,226
74,38
74,6
74,359
74,431
57,12
74,32
74,1
74,46
93,31
97,96
