2,462
2,334
2,437
2,570
2,596
2,564
2,213
2,405
2,374
2,419
2,415
2,357
2,403
2,396
2,295
2,291
2,394
2,414
2,603
2,527
2,493
2,263
2,382
2,439
2,339
2,387
2,363
2,255
2,207
2,337
2,362
2,408
2,298
2,401
2,253
2,356
2,384
2,413
2,368
2,317
2,286
2,325
2,389
2,488
2,432
2,297
2,257
2,379
2,388
2,311
2,573
2,453
2,391
2,509
2,407
2,380
2,395
2,134
2,423
2,463
2,305
2,179
2,233
2,468
2,404
2,452
2,461
2,321
2,443
2,445
2,385
2,381
2,429
2,377
2,544
2,517
2,543
1,434
2,557
2,524
2,569
2,538
2,539
2,560
2,568
2,498
2,410
2,265
2,276
2,520
2,326
2,549
2,536
2,597
2,446
2,608
2,282
2,307
2,426
2,537
2,571
2,598
2,360
2,402
2,607
2,440
2,427
2,430
2,469
2,361
2,567
2,559
2,555
2,599
2,457
2,575
2,578
2,422
2,167
2,260
2,482
2,467
2,523
2,474
2,518
2,460
2,485
2,466
2,484
2,478
2,476
3,458
2,604
2,616
2,398
2,561
2,358
2,315
2,438
2,456
2,546
2,565
2,455
2,352
2,448
2,375
2,424
2,487
2,450
2,181
2,617
2,470
2,428
2,320
2,481
2,601
2,581
2,412
2,496
2,500
2,505
2,610
2,492
2,591
2,586
2,503
2,605
2,472
2,519
2,522
2,441
2,347
2,247
2,587
2,600
2,525
2,589
2,313
2,551
2,308
2,281
2,563
2,491
2,324
2,494
2,431
2,535
2,506
2,489
2,471
2,486
2,531
2,270
2,508
2,365
2,582
2,261
2,572
2,206
2,333
2,201
2,444
2,238
2,532
2,244
2,515
2,228
2,590
2,274
2,275
2,293
2,214
2,550
2,355
2,300
2,367
2,376
2,372
2,553
2,230
2,222
2,310
2,198
2,435
2,383
2,169
2,287
2,548
2,272
2,386
2,204
2,306
2,364
2,335
2,354
2,359
2,514
2,199
2,436
2,323
2,399
2,177
2,235
2,328
2,521
2,547
2,196
2,256
2,417
2,301
2,187
2,231
2,353
2,421
2,473
2,454
2,344
2,219
2,322
2,397
2,371
2,400
2,237
2,449
2,366
2,451
2,442
2,285
2,176
2,545
2,269
2,280
2,409
2,416
2,172
2,420
2,192
2,223
2,392
2,530
2,507
2,585
2,584
2,528
2,574
2,350
2,533
2,369
2,592
2,162
2,343
2,232
2,259
2,346
2,224
2,211
2,502
2,227
2,266
2,327
2,243
2,252
2,378
2,197
2,290
2,215
2,248
2,314
2,336
2,342
2,296
2,288
2,338
2,370
2,168
2,225
2,229
2,279
2,292
2,341
2,318
2,526
2,241
2,249
2,110
2,216
2,283
2,475
2,542
2,299
2,490
2,351
2,240
2,303
2,656
2,330
2,329
2,316
2,319
2,294
2,271
2,579
2,529
2,411
2,497
2,309
2,390
2,234
2,312
2,254
2,264
2,418
2,111
2,251
2,149
2,146
2,128
2,138
2,178
2,191
2,166
2,96
2,593
2,103
2,139
2,144
2,217
2,210
2,208
2,194
2,158
2,153
2,159
2,157
2,140
2,104
2,566
2,101
2,130
2,556
2,125
2,480
2,106
2,145
2,425
2,459
2,107
2,245
2,332
2,331
2,203
2,189
2,477
2,117
2,170
2,302
2,115
2,349
2,273
2,122
2,226
2,513
2,340
2,501
2,594
2,595
2,534
2,611
2,161
2,156
2,221
2,123
2,180
2,188
2,127
2,108
2,82
2,588
2,160
2,70
2,541
2,193
2,202
2,183
2,209
2,246
2,133
2,174
2,200
2,182
2,348
2,433
2,464
2,583
2,465
2,554
2,576
2,602
2,606
2,147
2,218
2,483
2,53
2,447
2,504
2,552
2,609
2,540
2,580
2,577
2,258
2,406
2,615
2,612
2,620
2,619
2,63
2,499
2,129
2,562
2,164
2,81
2,61
2,190
2,236
2,155
2,220
2,5
2,11
2,49
2,284
2,345
2,479
2,510
2,653
2,495
2,262
2,267
2,242
2,250
2,660
2,558
2,304
2,34
2,32
2,126
2,12
2,18
2,77
2,25
2,23
2,95
2,47
2,36
2,88
2,121
2,31
2,33
2,118
2,87
2,175
2,185
2,69
2,28
2,30
2,114
2,72
2,119
2,20
2,19
2,85
1,26
2,24
2,98
2,56
2,38
2,21
2,22
2,86
2,43
2,73
2,75
2,65
2,44
2,79
2,74
2,116
2,105
2,55
2,58
2,135
2,93
2,154
2,165
2,57
2,278
2,212
2,124
2,137
2,52
2,120
2,68
2,71
2,143
2,60
2,163
2,195
2,39
2,59
2,268
2,131
2,92
2,91
2,67
2,42
2,64
2,89
2,6
2,3
2,14
2,99
2,41
2,35
2,141
2,7
2,9
2,16
2,136
2,277
2,15
2,8
2,50
2,90
2,48
2,184
2,51
2,37
2,1
2,2
2,4
2,13
2,46
2,151
2,171
2,186
2,173
2,239
2,29
2,27
2,112
2,97
2,66
2,83
2,152
2,17
2,10
2,76
2,54
2,373
2,142
2,150
2,113
2,205
2,148
2,80
2,102
2,109
2,40
2,62
2,94
2,84
2,45
2,655
2,659
2,393
2,650
2,613
1,649
2,516
2,289
2,647
3,621
3,614
3,511
3,100
3,636
3,622
3,626
3,632
3,634
3,642
3,624
3,633
3,646
3,623
3,631
3,635
3,641
3,643
3,630
3,628
3,625
3,648
3,638
3,644
3,640
2,627
3,645
2,639
2,629
1,637
1,132
2,662
1,661
2,652
2,658
1,657
1,654
2,618
2,651
1,512
1,78
