17,753
16,746
17,76
11,762
12,775
17,512
15,668
20,486
12,706
16,696
21,758
21,699
4,780
11,260
4,711
14,691
8,499
11,796
19,45
20,130
4,206
11,89
9,669
25,632
21,735
15,703
21,724
21,790
11,756
21,782
8,754
11,169
2,777
4,716
21,759
21,761
10,123
3,755
12,774
11,663
16,661
17,788
20,583
13,511
21,739
9,694
8,577
11,690
24,606
3,752
11,767
15,747
27,685
11,383
21,766
9,63
11,713
3,468
12,127
20,679
17,741
8,750
21,672
8,619
21,727
27,742
10,693
8,722
20,717
27,714
17,528
8,504
21,608
9,660
9,510
21,605
21,698
8,728
15,634
17,635
21,526
1,574
17,502
4,417
20,372
22,537
24,473
17,432
21,544
8,282
15,589
15,337
8,557
20,224
20,710
8,721
11,626
21,385
21,529
21,405
19,395
17,426
21,617
12,595
21,671
5,552
18,515
21,666
3,667
27,551
3,615
20,603
15,683
13,522
4,569
9,680
27,505
8,627
11,516
8,723
17,686
21,466
21,719
3,725
21,689
17,637
21,564
17,568
15,286
21,306
11,464
11,453
24,436
21,313
11,28
16,329
15,77
16,218
21,268
21,494
21,440
21,514
21,449
17,769
15,378
15,65
15,783
21,598
4,700
15,625
21,720
21,654
18,662
17,452
21,597
9,256
16,438
18,105
7,240
28,673
9,590
21,612
17,638
19,533
3,622
27,565
19,563
21,664
21,506
3,670
15,692
15,675
21,348
21,541
19,381
21,459
8,584
17,618
11,548
4,546
25,650
2,384
20,408
16,358
15,312
8,779
4,27
23,642
19,718
15,441
20,740
21,592
21,300
21,518
21,227
21,211
20,628
21,213
1,99
7,443
20,639
3,677
2,35
27,155
21,392
21,195
21,98
21,174
7,30
11,462
21,237
21,393
21,422
20,226
19,542
9,298
4,376
21,294
21,305
12,580
23,198
12,331
12,336
21,134
20,192
21,315
21,196
23,682
18,540
21,591
12,148
17,391
12,271
21,547
23,567
4,653
21,704
20,418
19,280
21,630
21,415
15,463
3,687
13,594
21,357
20,360
25,434
21,550
8,629
8,536
4,490
15,368
12,140
16,520
10,125
21,302
15,458
27,11
17,100
21,517
11,141
4,343
12,480
12,308
15,325
17,461
8,245
21,623
24,531
8,364
21,497
17,521
8,534
20,684
11,460
3,601
14,620
7,543
21,715
21,139
21,420
21,212
11,142
12,610
11,651
21,586
3,151
17,425
11,423
4,508
26,73
20,401
18,347
21,539
20,498
17,399
20,561
21,538
21,640
21,621
21,487
21,475
15,649
15,562
21,575
21,571
21,611
21,316
16,648
8,633
27,712
21,442
21,613
15,407
21,350
21,409
20,554
8,410
6,489
3,122
4,176
3,448
21,607
17,501
21,695
9,614
27,532
21,446
21,560
21,301
21,194
21,205
11,207
9,162
21,582
21,335
21,168
3,143
17,208
3,369
21,103
20,588
21,573
21,397
27,281
25,555
21,248
21,307
11,344
21,108
3,25
3,332
8,279
3,362
3,230
20,55
21,12
21,363
21,530
21,323
8,81
21,373
21,513
21,545
18,328
17,527
14,173
21,375
21,152
21,394
8,219
21,359
21,604
14,479
21,341
21,587
18,299
21,330
7,241
18,234
21,370
15,471
21,600
21,503
21,412
2,636
3,467
3,658
3,674
3,193
21,470
21,36
21,8
21,201
21,20
18,246
21,214
12,69
21,435
3,292
21,437
11,295
3,225
8,197
21,317
3,238
21,356
21,112
21,94
21,297
19,60
21,95
27,183
15,342
21,43
3,85
21,191
21,274
11,215
21,189
29,164
21,175
21,101
27,19
21,167
21,411
4,239
3,760
27,652
8,86
3,396
21,365
3,380
21,107
20,229
21,153
20,377
21,158
17,456
21,293
21,483
21,137
21,172
3,252
4,52
21,190
23,304
21,303
21,257
3,314
12,146
21,171
21,92
4,91
11,382
18,79
3,414
21,185
21,145
21,147
21,265
21,113
21,150
21,7
3,129
21,242
21,26
21,138
27,309
21,477
21,157
27,184
21,41
2,10
21,136
3,254
16,2
7,126
21,154
21,61
11,266
3,3
18,144
27,71
3,128
21,272
21,439
5,178
21,121
21,102
3,643
3,339
4,324
21,83
17,80
3,88
21,296
21,288
21,259
27,6
21,42
21,495
21,232
21,163
21,1
21,366
3,4
21,261
6,29
21,119
21,519
21,289
21,419
21,51
21,48
21,402
21,22
21,54
11,40
21,97
21,333
21,32
8,578
4,602
3,131
21,135
21,57
21,132
21,18
21,14
21,179
21,275
21,349
21,283
4,455
21,481
21,285
21,210
21,59
21,104
21,9
21,263
21,39
21,284
21,220
21,5
21,233
21,264
3,223
21,222
21,398
21,576
3,451
21,231
21,253
14,374
21,16
3,556
3,277
21,367
21,244
21,44
21,114
21,353
21,318
4,90
21,120
21,186
21,523
3,249
21,118
27,68
21,93
21,64
21,404
12,267
21,250
11,310
3,361
21,430
3,177
21,72
21,371
21,78
4,270
21,273
21,31
21,47
21,62
21,17
21,96
21,161
27,74
21,334
21,46
3,156
21,116
21,23
3,75
21,56
21,216
11,326
21,255
21,67
21,37
21,478
21,278
21,159
3,209
21,379
21,200
21,509
21,319
21,235
21,447
27,221
21,228
21,188
21,702
21,49
21,269
21,133
21,87
3,428
21,688
21,581
21,596
21,389
21,655
21,553
27,599
21,549
21,641
21,570
21,124
21,646
21,579
21,388
21,676
21,624
3,678
21,705
17,287
27,482
27,387
3,525
27,491
21,492
21,485
21,558
21,400
22,406
21,416
21,390
3,465
4,665
4,450
21,165
4,322
21,496
21,320
21,170
21,354
21,352
3,431
21,58
21,243
21,340
21,559
21,444
21,609
21,457
21,403
21,507
21,276
3,476
21,38
3,202
21,351
21,355
27,433
21,111
21,109
21,338
21,50
21,182
21,203
3,33
21,386
21,474
21,795
21,701
21,781
21,262
21,792
21,794
4,793
21,770
21,290
21,115
4,524
23,34
21,13
21,21
3,15
21,708
27,797
4,737
4,736
21,180
21,786
21,773
21,745
21,771
21,734
21,709
21,731
21,772
21,251
21,743
21,236
21,748
21,749
21,798
21,787
27,445
21,187
21,217
27,732
27,493
4,566
4,657
27,656
4,454
21,427
4,585
4,535
27,659
21,697
21,149
21,84
21,789
4,321
4,744
4,488
21,106
21,199
4,82
4,751
21,429
27,616
21,785
21,593
21,778
21,469
21,765
27,484
21,738
21,204
22,311
21,733
21,726
27,327
27,729
27,345
21,258
21,730
27,707
21,631
4,768
4,500
4,644
4,791
21,110
21,681
27,166
21,764
27,424
21,757
21,413
4,647
21,784
21,472
27,763
27,776
4,572
4,66
21,53
4,117
21,645
27,70
4,247
4,346
4,181
4,24
21,291
4,421
4,160
