6,753
6,746
6,76
5,762
5,775
6,512
6,668
6,486
5,706
6,696
6,758
6,699
2,780
5,260
2,711
5,691
4,499
5,796
6,45
6,130
2,206
5,89
4,669
8,632
6,735
6,703
6,724
6,790
5,756
6,782
4,754
5,169
2,777
2,716
6,759
6,761
4,123
2,755
5,774
5,663
6,661
6,788
6,583
5,511
6,739
4,694
4,577
5,690
7,606
2,752
5,767
6,747
8,685
5,383
6,766
4,63
5,713
2,468
5,127
6,679
6,741
4,750
6,672
4,619
6,727
8,742
4,693
4,722
6,717
8,714
6,528
4,504
6,608
4,660
4,510
6,605
6,698
4,728
6,634
6,635
6,526
1,574
6,502
2,417
6,372
6,537
7,473
6,432
6,544
4,282
6,589
6,337
4,557
6,224
6,710
4,721
5,626
6,385
6,529
6,405
6,395
6,426
6,617
5,595
6,671
2,552
6,515
6,666
2,667
8,551
2,615
6,603
6,683
5,522
2,569
4,680
8,505
4,627
5,516
4,723
6,686
6,466
6,719
2,725
6,689
6,637
6,564
6,568
6,286
6,306
5,464
5,453
7,436
6,313
5,28
6,329
6,77
6,218
6,268
6,494
6,440
6,514
6,449
6,769
6,378
6,65
6,783
6,598
2,700
6,625
6,720
6,654
6,662
6,452
6,597
4,256
6,438
6,105
3,240
9,673
4,590
6,612
6,638
6,533
2,622
8,565
6,563
6,664
6,506
2,670
6,692
6,675
6,348
6,541
6,381
6,459
4,584
6,618
5,548
2,546
8,650
2,384
6,408
6,358
6,312
4,779
2,27
7,642
6,718
6,441
6,740
6,592
6,300
6,518
6,227
6,211
6,628
6,213
1,99
3,443
6,639
2,677
2,35
8,155
6,392
6,195
6,98
6,174
3,30
5,462
6,237
6,393
6,422
6,226
6,542
4,298
2,376
6,294
6,305
5,580
7,198
5,331
5,336
6,134
6,192
6,315
6,196
7,682
6,540
6,591
5,148
6,391
5,271
6,547
7,567
2,653
6,704
6,418
6,280
6,630
6,415
6,463
2,687
5,594
6,357
6,360
8,434
6,550
4,629
4,536
2,490
6,368
5,140
6,520
4,125
6,302
6,458
8,11
6,100
6,517
5,141
2,343
5,480
5,308
6,325
6,461
4,245
6,623
7,531
4,364
6,497
6,521
4,534
6,684
5,460
2,601
5,620
3,543
6,715
6,139
6,420
6,212
5,142
5,610
5,651
6,586
2,151
6,425
5,423
2,508
8,73
6,401
6,347
6,539
6,498
6,399
6,561
6,538
6,640
6,621
6,487
6,475
6,649
6,562
6,575
6,571
6,611
6,316
6,648
4,633
8,712
6,442
6,613
6,407
6,350
6,409
6,554
4,410
3,489
2,122
2,176
2,448
6,607
6,501
6,695
4,614
8,532
6,446
6,560
6,301
6,194
6,205
5,207
4,162
6,582
6,335
6,168
2,143
6,208
2,369
6,103
6,588
6,573
6,397
8,281
8,555
6,248
6,307
5,344
6,108
2,25
2,332
4,279
2,362
2,230
6,55
6,12
6,363
6,530
6,323
4,81
6,373
6,513
6,545
6,328
6,527
5,173
6,375
6,152
6,394
4,219
6,359
6,604
5,479
6,341
6,587
6,299
6,330
3,241
6,234
6,370
6,471
6,600
6,503
6,412
2,636
2,467
2,658
2,674
2,193
6,470
6,36
6,8
6,201
6,20
6,246
6,214
5,69
6,435
2,292
6,437
5,295
2,225
4,197
6,317
2,238
6,356
6,112
6,94
6,297
6,60
6,95
8,183
6,342
6,43
2,85
6,191
6,274
5,215
6,189
10,164
6,175
6,101
8,19
6,167
6,411
2,239
2,760
8,652
4,86
2,396
6,365
2,380
6,107
6,229
6,153
6,377
6,158
6,456
6,293
6,483
6,137
6,172
2,252
2,52
6,190
7,304
6,303
6,257
2,314
5,146
6,171
6,92
2,91
5,382
6,79
2,414
6,185
6,145
6,147
6,265
6,113
6,150
6,7
2,129
6,242
6,26
6,138
8,309
6,477
6,157
8,184
6,41
2,10
6,136
2,254
6,2
3,126
6,154
6,61
5,266
2,3
6,144
8,71
2,128
6,272
6,439
2,178
6,121
6,102
2,643
2,339
2,324
6,83
6,80
2,88
6,296
6,288
6,259
8,6
6,42
6,495
6,232
6,163
6,1
6,366
2,4
6,261
3,29
6,119
6,519
6,289
6,419
6,51
6,48
6,402
6,22
6,54
5,40
6,97
6,333
6,32
4,578
2,602
2,131
6,135
6,57
6,132
6,18
6,14
6,179
6,275
6,349
6,283
2,455
6,481
6,285
6,210
6,59
6,104
6,9
6,263
6,39
6,284
6,220
6,5
6,233
6,264
2,223
6,222
6,398
6,576
2,451
6,231
6,253
5,374
6,16
2,556
2,277
6,367
6,244
6,44
6,114
6,353
6,318
2,90
6,120
6,186
6,523
2,249
6,118
8,68
6,93
6,64
6,404
5,267
6,250
5,310
2,361
6,430
2,177
6,72
6,371
6,78
2,270
6,273
6,31
6,47
6,62
6,17
6,96
6,161
8,74
6,334
6,46
2,156
6,116
6,23
2,75
6,56
6,216
5,326
6,255
6,67
6,37
6,478
6,278
6,159
2,209
6,379
6,200
6,509
6,319
6,235
6,447
8,221
6,228
6,188
6,702
6,49
6,269
6,133
6,87
2,428
6,688
6,581
6,596
6,389
6,655
6,553
8,599
6,549
6,641
6,570
6,124
6,646
6,579
6,388
6,676
6,624
2,678
6,705
6,287
8,482
8,387
2,525
8,491
6,492
6,485
6,558
6,400
6,406
6,416
6,390
2,465
2,665
2,450
6,165
2,322
6,496
6,320
6,170
6,354
6,352
2,431
6,58
6,243
6,340
6,559
6,444
6,609
6,457
6,403
6,507
6,276
2,476
6,38
2,202
6,351
6,355
8,433
6,111
6,109
6,338
6,50
6,182
6,203
2,33
6,386
6,474
6,795
6,701
6,781
6,262
6,792
6,794
2,793
6,770
6,290
6,115
2,524
7,34
6,13
6,21
2,15
6,708
8,797
2,737
2,736
6,180
6,786
6,773
6,745
6,771
6,734
6,709
6,731
6,772
6,251
6,743
6,236
6,748
6,749
6,798
6,787
8,445
6,187
6,217
8,732
8,493
2,566
2,657
8,656
2,454
6,427
2,585
2,535
8,659
6,697
6,149
6,84
6,789
2,321
2,744
2,488
6,106
6,199
2,82
2,751
6,429
8,616
6,785
6,593
6,778
6,469
6,765
8,484
6,738
6,204
6,311
6,733
6,726
8,327
8,729
8,345
6,258
6,730
8,707
6,631
2,768
2,500
2,644
2,791
6,110
6,681
8,166
6,764
8,424
6,757
6,413
2,647
6,784
6,472
8,763
8,776
2,572
2,66
6,53
2,117
6,645
8,70
2,247
2,346
2,181
2,24
6,291
2,421
2,160
