48,374
62,735
62,664
26,665
29,710
26,704
16,660
62,326
13,699
47,672
13,650
20,602
25,356
77,540
33,667
26,599
48,617
33,638
38,716
56,695
50,655
49,693
16,555
49,627
49,697
13,696
35,621
23,588
48,604
50,589
12,132
3,570
26,259
32,289
39,401
13,571
15,56
39,622
58,568
49,493
48,728
42,647
27,709
35,734
13,670
13,629
48,714
34,715
64,700
36,686
49,720
27,712
52,579
55,536
48,631
13,541
60,293
13,637
26,733
13,731
15,633
58,657
62,603
26,616
13,576
76,479
42,572
39,598
75,452
20,587
52,724
40,623
50,727
13,708
49,711
76,674
57,651
76,600
56,713
36,565
60,702
26,701
62,634
62,684
35,654
48,669
57,630
38,680
38,543
48,510
38,492
49,594
49,561
52,721
35,546
13,641
56,258
52,535
77,460
24,688
49,642
30,692
13,433
49,517
8,521
49,440
44,485
61,482
13,624
42,325
14,564
48,529
40,620
30,530
50,575
48,26
56,671
39,658
12,321
13,656
48,628
67,524
49,538
11,478
49,126
13,380
15,198
15,218
13,367
56,430
56,416
13,409
65,539
58,498
43,652
48,368
48,515
23,648
36,501
23,406
9,109
27,509
35,673
34,668
13,593
15,698
5,690
15,542
27,608
51,488
70,646
42,581
13,606
63,679
76,722
42,247
15,96
53,360
54,534
13,338
24,580
48,643
68,619
46,551
42,459
14,601
41,613
48,442
33,516
11,456
68,46
42,591
29,188
58,508
49,649
53,103
48,424
13,322
62,553
59,566
4,635
8,585
16,502
13,717
48,597
33,489
20,659
13,514
20,560
58,499
6,567
26,497
36,388
36,494
38,145
16,398
10,473
13,435
45,413
15,486
50,454
63,531
16,662
65,389
17,339
47,528
31,470
42,120
38,309
58,429
48,436
76,420
64,396
58,350
4,507
48,372
33,294
13,184
15,242
76,385
49,300
1,487
38,618
15,523
12,316
15,370
15,466
51,450
49,65
13,395
42,519
78,513
48,36
9,58
64,45
48,563
15,160
13,677
15,644
42,544
16,490
13,547
62,341
48,353
13,462
62,60
13,74
49,245
49,153
57,586
16,506
50,449
42,314
56,477
52,238
36,329
48,511
13,392
13,549
58,432
26,362
49,504
48,292
63,505
6,394
1,277
62,354
13,554
72,230
9,471
9,422
48,483
76,268
15,343
53,11
27,330
13,9
42,423
15,129
2,481
38,178
69,290
48,225
66,439
70,119
48,31
19,166
36,111
13,170
12,324
48,550
13,315
13,124
13,375
7,303
64,61
15,146
36,384
62,319
13,200
73,219
76,279
15,311
37,467
79,469
49,444
38,453
48,127
13,334
42,455
15,274
65,227
9,239
13,474
11,237
13,37
44,297
19,148
15,226
48,157
13,224
13,128
48,520
11,661
13,345
13,7
48,23
39,203
13,251
13,241
48,196
48,183
49,234
15,426
42,313
48,271
48,141
13,270
13,182
49,105
13,191
17,265
13,295
48,215
15,181
42,147
58,197
10,348
76,573
13,552
62,605
62,415
13,537
13,443
58,512
13,386
37,557
76,412
19,390
13,522
48,187
13,363
20,189
42,558
42,12
38,70
13,451
13,427
49,441
13,491
42,468
13,205
49,342
13,556
15,318
42,287
48,359
49,28
36,138
13,403
42,140
48,100
48,161
15,13
13,6
20,4
28,33
13,16
13,192
20,59
70,64
13,261
62,82
13,52
13,276
13,149
51,142
13,43
76,387
48,102
13,114
63,173
23,5
49,266
49,222
13,280
35,32
49,465
13,582
76,437
63,425
20,336
13,233
62,211
20,361
13,286
76,495
48,636
54,382
13,400
49,607
13,480
13,484
13,323
48,337
9,185
22,331
71,272
13,344
13,383
42,162
13,17
13,136
76,244
13,418
13,615
48,463
76,283
12,545
13,496
18,86
13,291
20,236
15,41
42,320
42,90
65,168
48,257
13,377
13,1
21,112
13,29
15,263
13,116
15,177
13,47
45,475
49,121
13,327
13,216
63,55
13,448
48,308
49,332
48,137
13,206
15,10
18,592
15,457
13,199
13,317
50,107
13,164
15,369
48,249
49,404
13,106
13,248
13,306
48,378
13,373
13,737
13,685
48,405
13,125
13,458
13,421
13,626
13,22
13,262
18,408
13,93
13,340
13,123
48,476
48,518
13,333
13,75
13,92
50,175
13,683
13,229
63,25
13,104
13,40
13,24
13,718
13,51
13,101
13,464
13,569
20,666
13,610
13,574
13,639
13,675
13,625
49,632
13,221
15,73
13,730
20,726
13,676
13,115
76,682
76,691
76,472
13,736
13,596
13,583
13,577
70,500
76,611
13,612
13,252
13,201
20,30
13,21
13,19
13,89
13,91
13,209
13,366
13,88
48,281
13,223
13,195
76,307
13,118
11,68
13,35
20,328
13,38
13,379
13,50
19,194
20,256
20,80
76,288
13,139
13,298
76,193
13,304
13,357
13,85
13,44
13,143
13,27
49,95
13,407
13,278
13,445
20,584
49,364
13,365
13,253
50,67
76,446
13,152
13,208
13,110
48,335
50,431
42,376
13,310
13,42
13,346
13,172
13,165
77,381
13,156
45,240
13,231
13,371
75,135
50,72
13,113
13,167
13,217
13,18
13,15
13,186
13,169
13,144
20,48
13,34
48,207
13,2
76,84
49,267
50,246
50,393
13,243
74,299
48,414
13,8
13,83
13,3
13,351
13,63
13,179
13,352
13,57
13,81
49,108
49,202
13,503
13,411
13,402
13,154
13,264
49,461
13,204
13,133
13,312
48,447
13,49
13,296
49,213
76,235
13,122
13,284
13,355
13,174
72,190
13,347
13,39
13,260
13,214
13,62
13,210
13,134
76,87
13,77
13,250
13,79
13,130
13,20
13,117
13,97
15,254
13,131
78,180
13,159
13,419
49,54
13,94
13,98
13,53
13,255
13,71
13,158
13,176
13,275
49,397
50,228
13,150
76,723
13,548
13,76
76,527
50,706
49,438
13,562
49,732
13,66
76,78
13,725
76,578
13,703
50,410
13,434
13,707
76,694
13,349
13,705
13,533
13,719
13,417
13,689
13,220
13,399
76,729
13,559
76,155
76,678
76,302
13,687
13,358
13,609
13,526
13,273
13,681
13,653
13,525
13,212
13,640
49,595
76,69
13,590
13,99
13,14
76,663
13,232
76,305
50,614
13,301
13,151
76,391
50,285
13,532
76,428
13,645
13,269
13,163
50,171
49,282
