181,374
225,735
223,664
105,665
113,710
105,704
77,660
223,326
59,699
168,672
41,650
87,602
104,356
260,540
118,667
105,599
178,617
118,638
139,716
206,695
192,655
189,693
77,555
189,627
189,697
33,696
124,621
99,588
186,604
192,589
27,132
4,570
105,259
117,289
144,401
46,571
64,56
140,622
212,568
189,493
182,728
155,647
109,709
122,734
46,670
33,629
188,714
121,715
233,700
129,686
189,720
110,712
199,579
205,536
172,631
33,541
218,293
46,637
107,733
45,731
68,633
215,657
222,603
107,616
47,576
252,479
158,572
142,598
250,452
87,587
200,724
146,623
194,727
45,708
189,711
252,674
210,651
252,600
207,713
132,565
218,702
108,701
223,634
225,684
122,654
183,669
210,630
138,680
139,543
184,510
139,492
189,594
189,561
198,721
124,546
33,641
208,258
198,535
259,460
103,688
189,642
115,692
33,433
189,517
11,521
189,440
163,485
219,482
33,624
159,325
61,564
186,529
145,620
115,530
194,575
187,26
206,671
143,658
23,321
31,656
170,628
239,524
189,538
22,478
189,126
33,380
66,198
73,218
60,367
207,430
209,416
33,409
235,539
216,498
162,652
175,368
173,515
99,648
126,501
101,406
13,109
109,509
123,673
121,668
33,593
68,698
7,690
72,542
111,608
197,488
244,646
158,581
45,606
232,679
254,722
153,247
72,96
201,360
204,534
46,338
102,580
177,643
241,619
167,551
151,459
62,601
147,613
185,442
120,516
21,456
240,46
152,591
114,188
213,508
189,649
201,103
187,424
58,322
221,553
217,566
5,635
12,585
76,502
29,717
176,597
119,489
89,659
33,514
94,560
213,499
9,567
106,497
128,388
131,494
136,145
76,398
20,473
33,435
166,413
69,486
193,454
231,531
77,662
235,389
81,339
169,528
116,470
160,120
139,309
216,429
180,436
257,420
233,396
212,350
6,507
171,372
118,294
33,184
70,242
253,385
190,300
1,487
136,618
72,523
25,316
72,370
65,466
195,450
189,65
56,395
148,519
261,513
180,36
17,58
234,45
182,563
65,160
51,677
65,644
149,544
79,490
28,547
224,341
174,353
45,462
226,60
33,74
189,245
189,153
211,586
78,506
193,449
156,314
208,477
200,238
133,329
181,511
33,392
33,549
212,432
107,362
189,504
186,292
229,505
8,394
2,277
225,354
42,554
246,230
15,471
14,422
176,483
258,268
66,343
202,11
110,330
43,9
157,423
71,129
3,481
136,178
242,290
183,225
238,439
243,119
180,31
85,166
126,111
33,170
26,324
182,550
49,315
33,124
29,375
10,303
233,61
63,146
127,384
224,319
30,200
248,219
255,279
68,311
135,467
262,469
189,444
137,453
173,127
31,334
154,455
71,274
236,227
18,239
52,474
21,237
47,37
164,297
84,148
69,226
184,157
33,224
33,128
179,520
21,661
33,345
33,7
170,23
141,203
53,251
40,241
176,196
173,183
189,234
66,426
161,313
180,271
179,141
33,270
34,182
189,105
48,191
80,265
42,295
176,215
75,181
152,147
214,197
19,348
252,573
36,552
222,605
220,415
48,537
44,443
213,512
33,386
134,557
251,412
86,390
33,522
180,187
49,363
95,189
157,558
156,12
138,70
33,451
33,427
189,441
47,491
150,468
29,205
189,342
33,556
68,318
154,287
181,359
189,28
130,138
33,403
151,140
180,100
176,161
69,13
28,6
90,4
112,33
33,16
33,192
88,59
244,64
54,261
227,82
43,52
47,276
39,149
196,142
33,43
253,387
179,102
33,114
230,173
100,5
189,266
189,222
33,280
125,32
189,465
33,582
252,437
230,425
91,336
33,233
224,211
92,361
33,286
253,495
183,636
203,382
37,400
189,607
55,480
59,484
33,323
180,337
16,185
98,331
245,272
32,344
33,383
161,162
49,17
33,136
252,244
33,418
38,615
180,463
252,283
24,545
33,496
82,86
33,291
92,236
67,41
157,320
158,90
237,168
173,257
52,377
47,1
97,112
33,29
67,263
33,116
66,177
33,47
165,475
189,121
33,327
33,216
228,55
48,448
183,308
191,332
180,137
47,206
71,10
83,592
71,457
35,199
55,317
194,107
33,164
65,369
170,249
189,404
51,106
33,248
33,306
179,378
58,373
33,737
57,685
179,405
33,125
33,458
47,421
33,626
33,22
46,262
82,408
33,93
33,340
33,123
180,476
183,518
33,333
33,75
33,92
194,175
33,683
33,229
231,25
49,104
50,40
52,24
36,718
33,51
33,101
33,464
53,569
93,666
47,610
33,574
33,639
33,675
33,625
189,632
47,221
74,73
33,730
88,726
47,676
33,115
258,682
256,691
252,472
34,736
33,596
33,583
33,577
243,500
252,611
33,612
33,252
33,201
92,30
33,21
33,19
33,89
33,91
33,209
33,366
46,88
183,281
33,223
48,195
252,307
49,118
21,68
33,35
92,328
33,38
56,379
33,50
84,194
90,256
96,80
254,288
33,139
33,298
252,193
46,304
33,357
33,85
33,44
33,143
33,27
191,95
33,407
33,278
33,445
92,584
191,364
33,365
33,253
194,67
252,446
33,152
33,208
33,110
180,335
194,431
157,376
33,310
52,42
33,346
33,172
33,165
259,381
33,156
165,240
33,231
33,371
250,135
194,72
33,113
33,167
33,217
33,18
33,15
33,186
33,169
33,144
92,48
33,34
179,207
33,2
256,84
191,267
193,246
193,393
33,243
249,299
183,414
33,8
33,83
47,3
33,351
33,63
33,179
33,352
33,57
33,81
190,108
189,202
33,503
33,411
33,402
33,154
33,264
190,461
33,204
33,133
33,312
180,447
33,49
33,296
191,213
257,235
33,122
33,284
33,355
46,174
247,190
33,347
33,39
33,260
33,214
33,62
33,210
33,134
258,87
33,77
33,250
33,79
33,130
33,20
33,117
33,97
74,254
33,131
261,180
33,159
33,419
191,54
33,94
33,98
33,53
33,255
33,71
33,158
33,176
33,275
190,397
194,228
46,150
255,723
33,548
33,76
258,527
194,706
189,438
33,562
189,732
33,66
251,78
33,725
253,578
33,703
194,410
33,434
33,707
252,694
33,349
33,705
33,533
33,719
33,417
33,689
33,220
33,399
252,729
33,559
252,155
252,678
252,302
33,687
33,358
33,609
33,526
33,273
33,681
33,653
33,525
33,212
33,640
189,595
252,69
33,590
33,99
33,14
252,663
33,232
252,305
194,614
33,301
33,151
254,391
194,285
33,532
252,428
33,645
33,269
33,163
194,171
189,282
