2,89
3,112
3,33
1,49
3,80
1,113
3,41
1,120
1,65
3,81
4,168
1,67
3,76
1,29
3,189
1,104
3,122
2,75
3,23
3,87
3,121
3,96
3,82
1,28
3,140
3,92
3,117
3,272
3,50
3,102
3,148
3,107
3,68
3,162
3,85
3,56
3,98
2,97
1,60
3,146
3,161
3,22
3,235
3,84
3,20
3,95
3,201
3,42
3,79
3,101
3,70
3,69
3,105
3,58
3,78
3,200
3,55
3,115
3,40
3,88
3,209
3,57
3,114
3,34
3,156
3,77
3,47
3,27
3,91
3,93
3,190
1,63
3,45
3,240
3,138
3,66
3,171
3,26
3,46
3,61
3,31
3,90
3,35
3,15
3,59
3,25
3,232
3,271
3,62
3,19
3,71
3,268
3,244
3,247
3,175
3,264
3,133
3,109
1,43
3,127
3,248
3,249
3,254
3,198
3,221
3,218
3,181
3,158
3,233
3,74
3,5
3,106
3,110
3,126
3,267
1,257
3,3
3,94
3,170
3,119
3,183
3,216
3,178
3,202
3,179
3,172
3,2
1,212
3,224
3,118
3,180
3,13
3,73
3,86
2,261
3,30
3,225
3,160
3,154
3,103
2,228
1,37
3,217
3,124
2,153
3,111
3,182
3,83
3,108
1,166
3,32
3,197
3,184
3,164
2,125
3,53
3,36
3,208
3,152
3,236
3,177
3,203
3,219
3,130
2,129
3,187
3,196
3,48
3,173
3,193
3,100
3,17
3,137
2,252
3,147
3,139
3,195
3,151
3,64
3,207
3,188
3,222
3,215
3,234
3,205
2,143
3,211
3,21
3,51
3,54
2,157
1,131
3,255
3,256
3,223
3,134
3,144
3,231
3,199
3,176
3,220
3,270
3,149
3,185
3,210
1,136
3,260
3,167
3,259
3,123
3,262
3,194
2,52
3,214
3,241
3,132
3,204
3,237
3,44
3,169
3,229
3,159
3,10
3,163
3,7
1,239
3,243
3,269
3,266
2,227
3,186
3,145
3,238
3,213
3,191
3,245
3,18
2,38
3,258
3,250
3,230
2,242
3,251
3,246
2,141
2,135
3,165
3,174
3,253
2,265
2,155
3,273
2,1
3,150
3,142
3,192
3,72
2,4
3,9
3,128
3,263
3,206
1,14
3,24
2,226
3,12
3,99
3,116
3,39
3,16
3,8
3,6
2,11
