9,135
6,167
2,130
4,219
4,278
12,276
9,223
17,192
8,162
6,325
18,201
17,287
14,343
9,265
8,299
5,319
4,235
5,382
6,341
5,141
4,123
5,182
4,381
4,304
4,395
9,418
4,378
6,448
5,222
4,298
4,349
9,449
17,396
7,87
12,406
14,76
17,455
5,405
4,364
4,397
5,311
9,458
5,463
9,473
17,467
9,13
9,36
5,215
17,153
4,344
17,432
12,438
5,371
12,322
4,279
8,216
17,194
9,307
9,294
17,121
17,208
4,470
12,421
8,474
8,54
17,6
9,52
9,303
4,138
9,224
17,380
17,433
9,63
8,110
17,331
16,379
9,315
8,35
17,353
4,246
9,321
17,360
9,317
9,392
9,146
17,372
16,269
5,180
17,460
9,387
5,206
9,189
4,273
8,383
9,231
9,357
17,242
7,476
9,258
7,237
17,184
17,106
17,103
9,115
7,114
17,156
9,295
9,89
17,462
12,339
17,61
4,176
17,79
17,97
17,197
5,165
5,318
8,227
9,290
8,270
12,388
4,301
16,400
17,284
7,232
9,267
17,347
4,257
9,183
16,332
4,209
4,255
5,291
9,217
16,327
9,384
9,158
12,456
9,239
9,316
16,359
9,305
4,8
9,342
9,60
12,401
17,336
9,323
9,187
9,233
9,252
9,157
14,101
9,124
9,296
17,171
17,72
17,49
4,179
18,127
9,109
16,57
4,113
9,37
17,166
17,147
16,86
17,45
9,111
9,82
17,186
17,102
4,33
9,168
9,71
17,51
7,320
9,66
17,75
12,172
9,408
16,12
17,454
17,361
9,466
17,338
17,414
5,160
10,459
4,354
4,461
16,434
9,11
12,425
8,377
9,398
17,435
4,285
4,328
9,90
16,196
9,281
9,253
7,211
9,203
10,272
9,329
12,247
17,429
9,345
9,245
7,236
9,370
9,373
14,148
12,261
17,251
7,250
16,404
8,170
9,243
16,326
16,140
12,205
4,260
5,221
17,126
9,154
9,155
8,14
10,293
17,375
17,202
7,42
16,297
9,367
17,175
9,362
17,145
4,210
7,150
11,151
9,200
7,161
9,83
12,96
9,207
9,213
7,137
9,214
9,330
17,104
9,108
9,59
17,313
4,85
17,47
17,95
9,136
9,228
9,68
9,44
4,300
7,366
16,363
9,457
17,465
4,444
12,346
17,259
8,283
9,144
10,142
7,174
9,314
16,193
8,149
16,164
12,262
9,356
9,185
7,81
9,92
17,107
9,229
8,129
16,70
4,84
4,352
17,77
17,99
7,351
9,306
12,58
17,139
17,248
9,119
16,152
16,238
9,181
17,374
9,254
12,302
16,134
17,310
9,169
12,451
7,427
5,73
9,67
15,26
4,46
9,178
9,391
12,266
17,440
12,424
17,422
16,348
17,416
12,7
13,478
17,32
7,280
16,1
9,376
17,275
9,439
9,389
9,446
12,407
17,472
4,218
4,204
4,241
17,264
7,274
17,105
17,100
5,177
16,282
17,125
16,368
13,442
9,34
9,369
17,420
9,355
16,244
5,98
9,234
9,249
12,337
18,324
7,308
9,402
11,212
4,292
17,413
12,65
17,56
9,195
9,230
15,9
4,415
9,94
9,394
7,15
7,277
9,286
13,118
12,120
9,436
9,417
9,64
9,78
18,74
16,220
12,426
12,477
16,271
16,410
10,365
17,334
4,335
6,412
10,288
17,112
9,132
4,464
9,256
12,431
1,358
8,173
16,268
16,131
15,447
9,468
4,199
17,289
17,471
7,445
5,163
9,430
15,27
16,21
9,80
17,423
6,93
4,191
4,50
4,69
7,240
17,122
8,39
9,159
8,5
16,31
4,40
7,23
12,263
9,4
4,225
9,411
18,312
8,469
9,190
5,399
9,333
4,437
4,62
13,128
12,198
18,390
9,25
8,30
4,24
13,17
9,55
9,143
1,450
7,385
3,419
9,41
4,20
9,428
4,133
16,117
16,226
4,453
9,91
3,53
5,43
17,48
15,22
17,18
9,88
15,116
18,16
10,38
18,188
17,309
14,403
4,29
9,340
17,350
14,441
4,393
4,3
12,452
4,443
9,19
14,28
12,386
6,2
11,409
8,475
9,10
