8,833
8,565
16,831
8,845
11,640
17,769
15,767
8,682
8,739
6,713
6,797
8,832
16,732
8,762
11,691
8,642
8,756
17,795
8,367
14,711
2,776
11,810
8,671
8,607
17,747
13,822
8,318
11,494
18,669
6,853
8,847
8,818
8,751
13,114
17,687
10,793
18,731
17,608
3,559
3,645
8,707
8,353
8,839
10,771
17,543
11,750
10,723
8,322
8,689
15,763
8,817
16,714
8,709
10,802
8,676
8,746
13,653
17,598
8,573
14,184
10,748
17,179
3,782
10,638
8,675
8,571
8,761
8,579
18,595
11,485
16,304
13,646
13,719
17,778
17,619
16,672
13,615
16,734
8,555
17,764
8,774
8,848
11,668
11,677
17,216
8,212
3,695
8,685
17,305
8,820
12,605
8,686
8,826
8,787
16,841
16,789
11,825
10,819
11,840
5,704
10,416
16,792
17,850
10,829
8,575
8,790
14,712
11,814
8,737
8,740
8,532
8,170
17,568
8,588
17,48
8,550
8,566
8,754
14,547
11,843
8,718
8,725
10,816
16,849
11,806
8,661
8,842
8,437
17,824
8,429
8,652
8,462
8,259
8,518
16,94
8,524
10,19
8,109
13,479
10,478
8,567
8,9
17,326
8,246
17,604
3,618
8,692
17,226
8,422
11,558
17,766
11,267
16,639
12,445
17,800
16,17
11,378
16,727
8,418
8,770
8,328
18,706
10,384
18,374
8,253
11,643
8,234
10,345
8,854
8,670
8,830
7,59
8,131
15,681
3,745
13,852
17,696
11,834
8,779
8,773
11,637
3,708
16,610
8,683
8,512
3,557
8,520
8,654
8,625
8,611
13,626
11,499
8,563
13,393
10,634
16,587
11,589
18,651
8,535
14,562
11,678
16,743
8,585
16,757
17,622
10,788
7,693
8,530
8,118
13,442
8,702
8,703
8,721
8,541
8,656
8,755
3,684
8,781
7,516
10,627
8,644
8,722
17,453
16,522
8,255
8,556
8,423
8,657
8,796
10,837
8,309
10,443
8,600
8,552
12,803
8,738
8,597
10,663
16,617
8,574
10,635
8,591
17,649
9,716
16,705
8,623
10,780
11,641
8,760
10,694
3,580
10,724
8,630
17,458
8,799
8,648
8,759
16,658
8,667
8,477
17,504
3,551
8,592
8,741
8,513
8,472
8,544
8,596
17,459
8,469
8,167
8,444
11,515
17,377
10,338
8,2
11,8
10,435
8,295
8,528
13,401
16,386
8,380
16,534
10,385
11,249
12,55
3,381
8,427
8,483
8,362
1,388
8,390
18,475
8,317
8,144
8,468
10,237
4,187
10,484
10,315
8,449
8,564
8,726
8,465
8,481
10,599
8,700
8,578
12,620
8,323
10,749
8,583
11,116
8,577
10,594
8,768
8,394
8,343
16,169
2,433
8,329
8,344
8,199
3,744
8,283
8,398
8,265
8,506
8,222
8,519
7,655
8,81
10,440
8,375
11,349
10,330
8,526
16,498
10,662
8,650
3,493
8,432
8,266
8,365
8,276
8,12
8,136
8,229
16,68
3,368
8,90
8,133
8,476
8,364
10,537
8,279
10,402
8,209
17,132
6,141
8,348
3,400
8,570
8,614
8,680
8,542
8,452
3,51
17,32
10,193
15,715
10,511
8,593
8,752
16,473
8,569
8,601
14,492
8,502
8,501
16,404
16,327
8,730
8,728
8,697
8,572
8,447
6,391
8,436
8,497
8,742
8,508
8,673
16,772
11,699
16,688
8,733
8,586
8,431
8,603
8,500
8,523
8,214
17,263
8,576
11,293
17,42
16,306
3,439
16,221
11,126
8,122
17,41
8,134
8,233
16,92
8,121
11,270
8,357
3,185
8,56
8,448
3,303
17,514
16,308
8,406
10,335
8,49
8,257
8,609
8,415
8,236
17,584
8,67
8,366
8,482
16,66
8,142
8,710
8,173
8,110
8,190
8,161
8,413
17,127
8,180
8,271
8,313
11,138
17,546
8,290
8,147
16,231
16,23
8,631
16,616
8,488
8,346
17,208
8,521
8,268
8,387
3,33
8,1
8,302
8,311
8,347
8,213
19,93
17,392
8,399
8,296
16,549
8,128
8,188
8,529
8,242
8,53
8,79
8,165
8,43
8,403
8,621
8,430
3,582
17,495
8,227
16,505
17,291
11,525
8,503
8,679
8,456
8,215
17,218
8,461
8,171
8,319
8,203
8,517
8,420
8,510
8,355
8,333
8,331
11,467
8,86
16,735
8,82
8,480
8,613
8,647
8,354
8,466
8,441
8,228
8,111
8,352
8,341
8,359
8,463
8,105
8,260
8,24
8,256
17,280
8,324
8,264
8,117
11,112
8,297
16,4
8,240
8,189
11,160
8,106
16,14
11,211
17,88
8,27
8,130
8,289
8,159
16,225
8,31
8,272
10,16
8,65
8,149
8,332
8,207
11,172
16,219
8,244
8,561
8,312
8,241
8,252
3,247
10,278
8,371
8,250
8,548
8,428
8,195
8,275
8,64
8,232
8,300
8,168
8,298
8,337
8,307
8,358
8,238
8,104
8,340
8,101
8,36
17,301
8,316
8,334
8,137
8,123
8,356
8,61
8,163
8,54
3,140
8,98
8,44
8,220
8,47
8,285
8,373
8,230
8,206
8,784
8,855
8,539
16,861
8,28
8,808
8,720
3,450
8,46
8,851
8,785
8,99
8,181
11,152
8,108
8,97
8,277
8,192
8,813
8,70
8,5
8,22
8,659
8,857
8,660
11,15
8,859
8,166
8,314
4,178
3,828
8,83
8,407
11,248
16,197
8,273
8,201
16,531
8,860
8,157
8,396
8,120
8,821
8,701
8,286
8,805
8,777
8,823
8,632
8,612
8,84
8,419
8,674
8,624
8,815
8,336
8,125
8,858
8,507
8,801
11,835
11,536
8,758
8,698
8,150
17,553
11,491
17,412
8,665
8,287
8,154
8,235
8,310
8,91
8,451
11,269
8,540
8,666
8,85
8,405
8,370
8,460
8,581
8,471
8,414
8,408
8,274
8,446
8,496
8,261
8,434
16,35
8,25
8,360
8,89
8,45
8,487
8,177
8,74
11,425
8,664
8,155
11,143
8,129
8,527
8,58
8,243
8,145
8,6
8,490
8,113
8,75
8,103
8,38
8,62
8,80
8,205
8,18
3,254
8,115
8,148
11,223
8,151
8,37
8,294
8,29
8,69
8,198
8,162
8,164
3,489
8,636
8,383
8,282
8,438
8,602
8,633
3,95
8,417
8,409
8,204
8,538
8,509
8,71
8,457
8,382
8,426
8,339
8,96
8,350
8,554
8,690
8,76
8,411
3,376
8,196
8,284
8,474
8,454
11,153
8,202
8,13
8,124
8,239
8,245
8,455
3,135
8,52
8,258
8,320
8,397
8,395
8,224
8,156
8,78
8,158
1,102
8,183
11,545
8,533
8,3
8,372
8,174
8,7
3,50
11,379
11,107
3,119
8,60
8,20
8,200
8,470
3,26
8,73
8,139
6,281
8,191
8,194
8,72
4,77
8,34
8,210
11,176
8,57
8,606
3,838
11,836
8,560
3,765
11,351
3,63
8,844
3,629
3,811
11,421
8,464
11,827
8,717
8,175
8,809
8,410
8,590
11,846
8,363
11,804
8,783
8,251
8,39
3,486
11,856
8,40
8,182
8,812
8,369
8,146
8,262
11,342
3,807
8,736
3,217
8,753
8,791
8,288
8,786
8,325
3,87
8,424
3,729
8,186
8,299
8,798
8,628
11,100
8,321
8,21
8,775
11,292
3,10
11,794
11,389
11,30
11,361
11,11
