16,712
16,728
16,737
25,724
16,701
16,600
40,618
16,508
16,646
16,654
16,656
17,505
16,719
16,739
16,643
16,669
16,664
16,504
41,686
16,616
16,729
16,677
40,596
16,633
40,734
39,718
16,715
16,723
16,702
40,545
16,685
16,671
16,722
25,571
16,406
16,720
16,512
16,756
16,735
41,727
16,370
16,546
16,364
16,427
16,621
40,564
16,351
16,521
23,632
16,732
41,687
16,659
10,526
16,604
16,731
21,705
9,615
16,601
23,506
16,672
16,714
16,611
16,644
40,708
40,479
16,648
16,559
16,588
16,547
40,710
16,667
16,581
17,469
16,553
17,647
40,636
16,638
16,562
16,688
16,585
40,520
16,262
16,630
16,560
14,613
16,419
16,699
16,476
16,590
16,456
16,529
16,570
16,623
23,662
19,272
16,401
16,524
39,403
8,609
40,321
16,346
16,649
16,645
14,386
14,368
16,661
16,652
22,706
16,461
62,284
16,625
40,550
11,586
40,670
16,634
16,610
17,703
3,543
25,683
38,352
20,721
40,568
40,363
16,208
16,535
60,541
16,379
40,497
11,418
29,528
16,444
37,640
16,695
16,607
16,655
16,591
52,680
16,573
16,673
36,696
33,593
68,400
12,709
16,658
2,657
16,540
16,446
16,393
57,319
50,453
16,660
40,438
16,462
50,507
31,744
27,675
16,287
5,264
16,192
4,484
16,679
50,347
20,460
12,605
14,390
44,382
26,405
16,236
18,454
7,578
7,247
40,488
37,378
28,522
51,407
50,425
50,502
16,330
40,373
51,276
50,483
51,285
16,274
50,435
50,491
17,249
15,415
51,515
50,441
16,514
56,374
50,486
51,327
62,381
51,377
50,487
50,429
51,574
55,542
51,463
50,525
51,450
51,455
16,493
16,220
50,238
51,320
50,243
50,413
16,387
50,316
50,354
51,443
40,492
35,397
16,189
7,412
40,150
65,404
50,248
51,537
16,241
50,385
51,299
50,211
24,408
50,232
50,306
46,430
51,464
50,577
50,494
13,567
16,258
50,384
50,255
51,627
50,235
50,270
50,181
50,177
51,532
50,594
49,608
5,421
16,296
50,383
50,694
50,414
4,503
51,411
50,556
50,442
51,513
50,361
51,642
58,209
50,329
50,348
51,325
51,475
50,227
51,449
50,283
51,436
50,307
51,239
50,162
51,266
50,434
54,212
50,297
51,196
50,184
50,301
50,223
50,345
50,259
51,500
51,197
32,490
51,579
50,554
50,392
50,641
51,576
50,480
50,228
51,290
50,288
51,253
62,372
51,440
51,350
51,225
50,375
50,252
48,278
50,176
51,598
50,575
51,395
34,626
51,472
51,416
50,231
50,206
51,595
51,240
53,628
51,561
51,268
51,582
16,277
51,275
50,154
51,201
51,603
50,185
50,750
50,747
51,755
51,745
51,758
50,653
51,760
50,757
51,753
50,742
50,748
51,752
51,746
51,749
51,751
41,743
52,761
16,523
51,552
16,527
51,467
45,332
51,549
51,451
51,530
50,353
50,366
50,221
50,359
51,256
50,322
50,555
50,254
51,280
50,202
51,485
16,291
51,237
67,355
51,300
51,424
50,340
51,519
50,580
50,459
51,389
51,614
51,282
50,544
62,265
50,433
1,380
50,289
50,589
50,305
50,439
51,651
50,311
50,309
50,637
51,639
50,445
50,224
50,668
50,344
50,597
50,587
50,251
51,207
51,315
50,230
51,631
50,195
50,312
51,295
50,698
16,516
50,388
51,313
51,612
50,399
50,509
51,563
50,367
50,583
50,557
50,409
50,716
50,398
51,394
51,622
50,432
50,437
50,465
50,635
50,458
50,410
59,293
50,468
50,539
16,267
50,334
66,349
51,343
51,362
50,428
62,606
50,338
51,302
50,260
50,242
59,357
51,308
51,342
50,518
50,717
50,331
51,182
50,175
51,279
50,261
50,365
50,689
50,510
50,551
51,423
50,304
40,326
51,318
50,726
50,697
51,269
51,681
50,707
50,317
50,617
50,693
6,692
51,629
51,725
50,730
50,676
50,496
50,323
50,666
51,736
51,691
51,733
51,569
50,682
51,665
51,489
50,538
40,548
16,402
50,599
50,481
63,263
66,452
50,572
50,482
51,584
51,558
50,498
50,213
51,501
50,200
50,391
50,376
51,624
50,704
50,324
50,678
50,273
50,360
4,180
51,470
50,690
51,198
62,333
50,740
51,466
50,471
50,328
50,294
50,188
50,286
50,448
50,203
51,193
51,244
16,592
50,684
50,565
50,663
50,536
51,298
16,137
51,336
51,341
50,166
50,229
50,310
51,271
50,199
50,763
50,764
51,754
50,149
50,191
51,257
16,194
50,499
61,110
16,292
50,426
47,369
50,477
51,602
51,219
50,422
50,478
50,358
50,142
51,711
50,533
50,126
50,431
51,417
51,64
50,112
51,172
51,65
50,114
50,25
51,218
50,81
51,741
51,122
50,23
50,46
50,152
50,566
51,30
50,70
49,123
40,179
50,76
50,100
51,7
50,214
50,128
51,473
50,447
50,335
50,650
50,19
50,51
50,770
50,40
51,98
50,26
50,173
51,132
51,120
50,700
50,738
51,303
50,215
51,155
50,713
50,281
49,141
50,140
50,5
50,79
50,15
51,115
50,337
51,420
50,54
50,127
64,102
50,31
50,69
50,517
51,67
50,216
50,8
50,33
50,74
50,29
51,55
50,14
51,89
50,32
50,84
51,28
50,72
24,1
14,47
50,3
51,41
50,97
51,90
50,6
50,39
50,133
50,82
51,762
50,11
51,27
50,21
50,125
50,765
51,44
50,769
51,43
50,768
51,135
50,183
50,190
50,68
50,161
50,159
50,124
50,92
50,234
50,168
50,246
41,147
51,531
50,134
50,66
50,153
50,106
50,60
50,77
50,20
50,22
50,2
50,10
50,93
47,45
50,109
51,101
51,78
50,131
51,58
50,157
50,144
50,24
50,103
50,35
1,146
50,62
51,48
50,18
51,767
50,13
50,87
51,36
51,17
50,37
49,63
50,83
50,9
50,16
50,42
51,136
51,766
51,339
51,205
51,71
50,396
50,178
50,52
51,222
51,356
50,116
34,107
50,474
50,96
50,511
51,534
50,314
50,204
51,138
50,91
50,151
50,50
68,139
50,148
30,88
50,38
50,111
51,80
51,86
50,210
50,61
50,12
50,117
50,73
50,186
50,75
51,620
51,105
50,165
50,85
50,104
51,187
50,163
50,121
51,95
50,169
50,108
51,56
50,143
34,164
50,113
51,129
40,233
50,226
50,759
50,619
50,94
50,59
50,49
50,119
50,34
50,4
50,160
50,250
50,495
43,158
50,245
50,457
50,171
50,217
24,170
50,57
50,99
16,53
42,674
42,371
16,145
16,118
16,167
16,174
16,156
41,130
