5,374
8,735
8,664
3,665
3,710
3,704
2,660
8,326
2,699
5,672
2,650
2,602
2,356
10,540
4,667
3,599
5,617
4,638
4,716
7,695
5,655
5,693
2,555
5,627
5,697
2,696
4,621
2,588
5,604
5,589
2,132
1,570
3,259
4,289
4,401
2,571
2,56
4,622
7,568
5,493
5,728
4,647
3,709
4,734
2,670
2,629
5,714
4,715
8,700
4,686
5,720
3,712
6,579
7,536
5,631
2,541
8,293
2,637
3,733
2,731
2,633
7,657
8,603
3,616
2,576
10,479
4,572
4,598
10,452
2,587
6,724
4,623
5,727
2,708
5,711
10,674
7,651
10,600
7,713
4,565
8,702
3,701
8,634
8,684
4,654
5,669
7,630
4,680
4,543
5,510
4,492
5,594
5,561
6,721
4,546
2,641
7,258
6,535
10,460
2,688
5,642
3,692
2,433
5,517
2,521
5,440
5,485
8,482
2,624
4,325
2,564
5,529
4,620
3,530
5,575
5,26
7,671
4,658
2,321
2,656
5,628
8,524
5,538
2,478
5,126
2,380
2,198
2,218
2,367
7,430
7,416
2,409
8,539
7,498
4,652
5,368
5,515
2,648
4,501
2,406
2,109
3,509
4,673
4,668
2,593
2,698
2,690
2,542
3,608
6,488
9,646
4,581
2,606
8,679
10,722
4,247
2,96
6,360
7,534
2,338
2,580
5,643
9,619
5,551
4,459
2,601
4,613
5,442
4,516
2,456
9,46
4,591
3,188
7,508
5,649
6,103
5,424
2,322
8,553
7,566
2,635
2,585
2,502
2,717
5,597
4,489
2,659
2,514
2,560
7,499
2,567
3,497
4,388
4,494
4,145
2,398
2,473
2,435
5,413
2,486
5,454
8,531
2,662
8,389
2,339
5,528
4,470
4,120
4,309
7,429
5,436
10,420
8,396
7,350
2,507
5,372
4,294
2,184
2,242
10,385
5,300
1,487
4,618
2,523
2,316
2,370
2,466
6,450
5,65
2,395
4,519
10,513
5,36
2,58
8,45
5,563
2,160
2,677
2,644
4,544
2,490
2,547
8,341
5,353
2,462
8,60
2,74
5,245
5,153
7,586
2,506
5,449
4,314
7,477
6,238
4,329
5,511
2,392
2,549
7,432
3,362
5,504
5,292
8,505
2,394
1,277
8,354
2,554
9,230
2,471
2,422
5,483
10,268
2,343
6,11
3,330
2,9
4,423
2,129
1,481
4,178
9,290
5,225
8,439
9,119
5,31
2,166
4,111
2,170
2,324
5,550
2,315
2,124
2,375
2,303
8,61
2,146
4,384
8,319
2,200
10,219
10,279
2,311
4,467
10,469
5,444
4,453
5,127
2,334
4,455
2,274
8,227
2,239
2,474
2,237
2,37
5,297
2,148
2,226
5,157
2,224
2,128
5,520
2,661
2,345
2,7
5,23
4,203
2,251
2,241
5,196
5,183
5,234
2,426
4,313
5,271
5,141
2,270
2,182
5,105
2,191
2,265
2,295
5,215
2,181
4,147
7,197
2,348
10,573
2,552
8,605
8,415
2,537
2,443
7,512
2,386
4,557
10,412
2,390
2,522
5,187
2,363
2,189
4,558
4,12
4,70
2,451
2,427
5,441
2,491
4,468
2,205
5,342
2,556
2,318
4,287
5,359
5,28
4,138
2,403
4,140
5,100
5,161
2,13
2,6
2,4
3,33
2,16
2,192
2,59
9,64
2,261
8,82
2,52
2,276
2,149
6,142
2,43
10,387
5,102
2,114
8,173
2,5
5,266
5,222
2,280
4,32
5,465
2,582
10,437
8,425
2,336
2,233
8,211
2,361
2,286
10,495
5,636
7,382
2,400
5,607
2,480
2,484
2,323
5,337
2,185
2,331
9,272
2,344
2,383
4,162
2,17
2,136
10,244
2,418
2,615
5,463
10,283
2,545
2,496
2,86
2,291
2,236
2,41
4,320
4,90
8,168
5,257
2,377
2,1
2,112
2,29
2,263
2,116
2,177
2,47
5,475
5,121
2,327
2,216
8,55
2,448
5,308
5,332
5,137
2,206
2,10
2,592
2,457
2,199
2,317
5,107
2,164
2,369
5,249
5,404
2,106
2,248
2,306
5,378
2,373
2,737
2,685
5,405
2,125
2,458
2,421
2,626
2,22
2,262
2,408
2,93
2,340
2,123
5,476
5,518
2,333
2,75
2,92
5,175
2,683
2,229
8,25
2,104
2,40
2,24
2,718
2,51
2,101
2,464
2,569
2,666
2,610
2,574
2,639
2,675
2,625
5,632
2,221
2,73
2,730
2,726
2,676
2,115
10,682
10,691
10,472
2,736
2,596
2,583
2,577
9,500
10,611
2,612
2,252
2,201
2,30
2,21
2,19
2,89
2,91
2,209
2,366
2,88
5,281
2,223
2,195
10,307
2,118
2,68
2,35
2,328
2,38
2,379
2,50
2,194
2,256
2,80
10,288
2,139
2,298
10,193
2,304
2,357
2,85
2,44
2,143
2,27
5,95
2,407
2,278
2,445
2,584
5,364
2,365
2,253
5,67
10,446
2,152
2,208
2,110
5,335
5,431
4,376
2,310
2,42
2,346
2,172
2,165
10,381
2,156
5,240
2,231
2,371
10,135
5,72
2,113
2,167
2,217
2,18
2,15
2,186
2,169
2,144
2,48
2,34
5,207
2,2
10,84
5,267
5,246
5,393
2,243
10,299
5,414
2,8
2,83
2,3
2,351
2,63
2,179
2,352
2,57
2,81
5,108
5,202
2,503
2,411
2,402
2,154
2,264
5,461
2,204
2,133
2,312
5,447
2,49
2,296
5,213
10,235
2,122
2,284
2,355
2,174
9,190
2,347
2,39
2,260
2,214
2,62
2,210
2,134
10,87
2,77
2,250
2,79
2,130
2,20
2,117
2,97
2,254
2,131
10,180
2,159
2,419
5,54
2,94
2,98
2,53
2,255
2,71
2,158
2,176
2,275
5,397
5,228
2,150
10,723
2,548
2,76
10,527
5,706
5,438
2,562
5,732
2,66
10,78
2,725
10,578
2,703
5,410
2,434
2,707
10,694
2,349
2,705
2,533
2,719
2,417
2,689
2,220
2,399
10,729
2,559
10,155
10,678
10,302
2,687
2,358
2,609
2,526
2,273
2,681
2,653
2,525
2,212
2,640
5,595
10,69
2,590
2,99
2,14
10,663
2,232
10,305
5,614
2,301
2,151
10,391
5,285
2,532
10,428
2,645
2,269
2,163
5,171
5,282
