4,1206
56,1208
57,1210
56,1064
57,1219
7,1236
57,703
59,1232
56,1207
47,1157
22,1199
4,1082
48,1112
55,1212
48,1095
24,889
59,1144
22,1227
47,876
47,1118
59,1005
48,954
48,1089
57,1042
55,561
59,1087
58,591
47,1223
12,1139
48,928
5,1222
4,908
48,784
19,1077
48,891
48,1056
48,912
9,1228
48,1215
48,655
15,946
47,970
48,996
37,532
48,581
4,485
58,722
2,751
24,829
47,1192
59,1194
49,514
48,831
33,1197
49,633
44,967
57,500
48,1030
25,952
1,386
48,1221
24,880
44,1032
44,1166
44,1001
48,697
22,1133
29,659
44,993
56,1163
44,1196
55,1053
48,520
48,978
48,1204
50,1147
14,798
44,981
56,1101
28,850
33,1060
28,1153
24,1079
44,1195
44,1022
44,1010
28,1205
44,1116
44,636
1,701
44,1052
44,927
44,602
44,522
44,1094
6,853
44,351
44,745
44,811
27,1067
25,583
49,772
44,1086
44,863
44,716
13,564
15,385
44,816
44,725
44,580
41,1231
44,1176
15,882
57,411
48,660
20,920
44,913
24,374
12,288
58,631
44,683
60,393
28,518
48,621
48,400
49,577
44,1046
44,667
44,1114
44,554
44,456
57,723
25,720
27,953
16,959
32,1122
44,937
44,1058
44,543
44,982
44,578
14,791
44,511
57,1049
19,740
28,1098
11,692
20,727
37,593
57,427
44,415
33,493
56,430
15,1115
22,841
44,1031
44,919
15,861
25,1217
1,1224
44,1161
1,773
44,823
44,565
44,626
19,1120
35,991
44,979
44,1076
44,1182
44,526
44,1008
44,894
44,830
50,969
44,947
48,999
44,1105
44,704
44,512
41,428
27,612
44,486
44,744
44,1132
44,466
33,842
44,980
44,1063
44,817
24,1029
44,775
44,568
36,681
41,730
17,781
41,851
44,1068
48,762
44,608
71,729
44,690
44,1141
44,944
18,767
44,611
25,930
44,1016
44,549
44,1121
44,609
44,790
44,865
44,825
49,1143
41,1047
37,845
44,984
44,1119
44,888
33,590
44,843
44,708
44,641
44,685
8,574
34,1211
44,1225
44,642
44,1198
43,1202
44,1226
57,698
44,972
22,1051
44,1156
23,1184
44,837
25,684
44,1177
44,713
44,1229
44,1164
22,1126
50,801
44,924
44,917
44,1216
44,1235
44,1218
40,1158
44,872
44,1209
44,1185
44,1136
44,916
44,1017
44,1234
44,1138
57,1036
44,1104
44,1220
21,709
44,1175
44,800
44,1088
44,921
25,584
22,465
44,1146
22,1169
44,918
44,962
44,1142
44,788
44,1055
44,1129
41,765
44,1128
44,802
26,629
44,777
25,1075
49,1018
44,669
44,896
44,824
44,938
44,529
44,388
41,792
44,854
41,535
57,1069
30,878
44,1180
44,810
36,1170
48,1171
44,285
44,915
44,1151
44,1092
36,652
20,1154
44,1168
44,334
44,1173
1,645
44,412
44,657
44,846
44,503
15,995
44,318
44,866
44,1109
44,983
1,910
44,1125
44,809
44,1145
44,625
44,505
30,732
44,1004
44,771
44,968
44,1024
41,855
44,956
36,743
44,1083
44,1045
44,1131
42,640
24,933
44,524
44,1165
44,1000
44,760
41,1174
44,617
44,1187
15,955
44,884
44,904
44,1048
44,752
44,844
44,536
44,632
44,1044
44,1200
32,587
44,1034
44,828
22,1123
7,717
44,813
41,869
44,974
44,1003
46,840
44,1090
44,1135
44,1084
44,769
1,1040
57,964
44,502
42,1021
44,1106
44,754
44,1006
67,1113
14,966
44,832
44,594
44,682
42,691
44,618
48,1137
44,1189
44,1002
44,712
44,1213
44,793
38,961
44,895
42,1230
46,1214
44,677
44,348
44,1178
44,936
27,934
44,932
44,1188
44,395
44,734
20,1152
44,1111
49,997
18,1043
43,758
3,906
44,676
44,903
53,646
44,1148
44,925
44,668
44,1071
44,949
44,1140
44,540
44,875
34,322
30,735
44,747
44,544
44,390
58,1097
42,1183
44,569
44,941
44,702
68,893
44,582
7,647
44,1059
44,1134
44,768
44,960
40,858
44,929
22,990
44,672
51,1130
44,1020
44,864
44,551
44,282
44,601
44,886
49,513
44,449
44,1110
44,623
41,988
44,779
42,736
27,572
43,1124
44,320
46,586
44,275
44,384
44,812
41,592
30,635
44,380
44,1167
44,1062
44,746
41,883
14,1033
28,506
46,958
44,852
44,976
44,494
44,562
44,497
44,898
44,527
38,870
66,731
44,530
27,787
44,987
57,794
44,897
44,573
44,1093
44,733
44,689
44,403
44,501
28,822
44,1054
44,902
44,821
41,627
44,662
44,780
44,671
36,710
44,445
44,839
44,539
44,566
44,1023
44,948
44,1149
44,877
44,686
37,890
44,867
44,911
44,885
44,776
44,973
28,1014
44,1091
44,1072
44,567
43,1028
44,1027
44,1080
44,498
1,695
44,600
43,940
44,488
44,496
42,558
44,556
44,408
44,432
44,439
44,437
42,674
44,795
44,1057
45,1150
44,579
44,576
44,738
44,441
44,422
44,198
44,93
44,95
44,286
44,489
44,257
44,157
44,236
44,311
44,477
42,806
44,696
43,610
44,994
28,724
44,458
44,860
44,596
44,1099
44,785
42,820
44,1009
44,504
44,1107
44,835
44,826
44,805
44,679
44,656
44,763
44,541
44,721
41,1061
44,418
44,650
44,753
44,649
44,766
44,874
44,750
44,922
44,957
44,783
44,926
44,807
44,1085
44,899
44,847
44,943
44,1100
44,986
44,670
52,764
44,654
42,510
44,665
41,818
44,387
44,862
44,588
44,658
44,827
44,310
44,375
44,680
44,394
44,223
44,1038
44,571
44,705
44,473
43,247
44,749
44,620
44,129
44,86
44,232
44,280
44,315
44,484
44,675
44,538
44,545
44,459
44,302
44,172
44,255
27,343
44,434
44,333
44,1015
44,585
44,971
44,546
41,859
44,624
44,507
44,266
44,209
44,349
1,219
44,517
44,443
44,435
44,292
40,104
44,354
44,552
1,542
44,164
44,214
44,188
44,151
44,297
44,347
44,737
44,550
44,416
44,848
44,360
1,371
48,598
44,352
30,267
44,338
44,128
44,433
44,487
44,834
44,296
42,871
44,977
44,799
44,856
44,1041
44,1073
44,475
44,139
44,833
44,401
44,1070
44,350
44,604
44,321
62,471
44,85
44,98
44,312
44,189
44,234
43,242
44,560
44,190
44,367
44,357
44,225
70,206
44,238
44,328
44,180
44,341
44,589
44,362
44,303
44,379
44,460
44,84
44,246
63,261
44,326
44,786
44,638
44,1103
44,256
44,942
24,814
44,399
44,548
44,218
44,173
44,193
44,141
44,143
43,279
44,277
41,78
44,63
44,313
44,363
44,105
44,472
44,220
44,688
44,605
44,323
44,421
44,1162
44,442
43,905
44,426
44,91
44,797
44,452
44,366
44,340
42,892
44,719
44,327
44,1190
44,998
44,228
44,224
44,210
44,254
44,339
44,474
44,715
44,270
44,121
44,213
44,186
44,289
44,202
44,290
44,252
44,378
44,112
42,308
44,156
44,273
44,836
8,1096
44,204
44,230
44,265
42,65
44,881
44,229
44,448
43,163
44,222
44,97
44,171
44,89
44,755
44,69
27,335
44,88
44,678
44,287
44,241
44,179
44,127
44,140
44,276
44,212
44,203
44,492
44,200
44,476
42,92
42,353
44,547
44,165
44,262
38,317
44,570
44,192
44,184
44,531
44,615
44,653
15,346
44,796
44,329
44,324
42,849
44,240
44,300
44,248
44,417
44,306
44,344
44,634
44,185
44,616
44,307
44,707
44,178
44,301
44,628
44,243
44,939
44,907
44,450
44,409
44,414
44,272
44,161
44,446
44,482
44,1159
44,706
44,253
44,264
44,490
44,951
44,603
44,423
44,398
44,413
44,1127
44,613
44,365
64,444
44,463
44,170
44,259
44,274
44,137
44,94
44,174
44,169
44,71
44,64
41,258
44,516
44,382
44,183
44,208
72,480
44,108
44,138
44,838
44,368
44,700
30,176
44,103
44,249
44,109
44,250
44,117
44,742
44,931
42,131
44,373
44,110
44,130
44,56
44,211
44,99
44,464
44,694
44,757
44,1155
44,1026
44,756
38,1025
41,622
44,1035
44,714
44,639
44,356
44,759
44,316
44,396
27,607
44,1181
44,739
44,559
44,533
42,1108
44,508
44,521
44,644
44,761
44,1065
44,619
44,331
44,661
15,606
44,168
44,455
44,614
44,741
44,555
44,406
44,782
44,525
44,519
44,726
44,963
69,231
44,693
44,673
44,804
44,1037
44,914
44,453
44,534
44,381
44,563
42,391
44,372
44,770
44,597
44,803
41,887
44,965
44,748
44,945
44,553
44,336
44,425
44,778
44,528
44,819
44,537
44,1201
44,1012
43,1013
44,950
42,451
44,599
44,278
44,495
44,637
44,728
44,361
44,467
44,901
44,330
41,197
44,975
44,1039
44,1203
44,461
44,868
44,1233
44,342
44,293
44,575
15,1019
44,291
44,181
44,195
48,111
44,216
44,251
30,648
44,436
44,457
44,364
44,470
44,392
44,808
44,478
44,900
44,389
44,1007
44,1172
44,1193
44,36
44,66
38,13
44,74
44,37
44,124
61,35
41,58
41,22
44,177
44,75
44,30
44,45
44,39
41,43
44,53
44,115
44,664
44,125
44,199
44,40
44,73
44,15
44,989
44,61
44,23
44,33
44,383
44,299
44,19
44,20
44,28
42,10
44,50
41,42
44,52
44,55
44,102
44,404
44,284
44,447
44,126
44,215
44,76
44,245
10,175
44,440
44,595
44,410
44,509
44,217
44,44
44,149
44,1066
44,304
44,499
44,332
44,298
44,194
44,227
44,419
37,1186
44,1078
44,167
44,54
44,152
44,187
44,221
44,81
31,1081
44,233
44,114
44,260
34,57
44,483
44,150
54,294
44,370
44,24
44,132
44,3
44,144
44,5
44,7
44,1237
44,9
44,4
44,70
44,2
44,79
44,153
44,14
44,72
44,25
44,8
44,21
44,26
65,51
44,17
44,1238
44,47
44,27
44,424
44,120
44,122
44,134
44,789
44,909
44,397
44,182
44,481
44,630
22,454
44,100
44,101
44,283
44,133
44,207
44,59
44,239
44,268
44,159
44,281
44,62
44,337
44,49
44,718
44,83
44,118
44,191
44,16
44,491
44,146
44,87
44,469
44,123
44,82
44,515
44,80
44,557
44,68
44,295
44,1191
44,879
44,666
44,325
44,992
44,420
44,462
44,1074
44,355
44,136
44,358
44,269
44,67
22,271
44,1117
44,1160
44,438
44,244
44,11
44,18
44,235
44,155
44,237
44,305
44,402
38,116
44,148
44,263
44,34
44,145
44,166
44,205
61,405
44,41
44,985
44,107
44,154
44,923
44,314
34,345
44,113
44,158
44,815
44,142
30,77
44,468
39,377
44,135
44,119
44,29
44,106
44,147
44,1050
44,196
41,1102
44,857
41,479
44,376
44,1179
44,1011
44,687
44,711
44,429
44,699
44,935
44,201
44,873
44,319
44,60
44,162
44,651
44,90
44,369
44,663
44,309
44,643
44,523
44,160
44,48
44,407
44,774
44,226
44,38
44,6
44,359
44,431
41,12
44,32
44,1
44,46
57,31
59,96
