51,667
43,680
14,672
4,649
43,652
51,651
39,634
20,671
32,669
43,660
23,510
39,656
8,631
42,647
48,598
43,594
14,682
27,107
47,515
24,405
34,138
24,474
32,481
5,519
42,507
15,552
42,639
20,646
31,495
20,617
35,553
2,658
43,616
20,527
46,584
51,543
8,535
41,654
40,583
20,558
18,636
28,664
20,608
36,655
24,666
33,653
9,629
20,676
20,599
35,560
1,601
20,358
24,644
24,446
25,678
20,71
41,633
43,588
15,145
20,395
16,234
13,550
51,426
20,485
53,430
17,429
20,374
43,302
51,129
51,308
20,327
20,416
20,82
29,257
20,8
15,52
8,489
49,152
20,143
20,421
36,587
20,612
9,579
24,623
48,565
20,90
35,486
4,600
16,452
20,378
14,534
45,549
8,352
43,195
5,432
51,353
20,454
46,417
14,473
18,546
20,363
17,330
1,216
24,228
20,427
17,491
20,536
44,453
5,410
20,400
38,541
43,334
22,350
35,555
13,595
6,663
20,637
1,650
20,643
20,563
15,657
20,508
27,681
20,662
20,372
40,626
20,404
5,590
20,513
35,465
43,478
20,447
43,246
48,611
15,613
46,554
4,580
20,566
43,529
51,568
20,476
43,597
20,591
15,551
20,521
17,574
28,573
40,562
15,585
12,511
20,537
20,412
45,632
45,592
8,576
8,578
15,610
19,642
20,615
20,487
20,533
20,530
5,497
3,455
12,544
20,556
21,630
20,531
51,456
40,479
11,268
39,517
37,282
23,422
43,444
20,509
33,351
20,218
20,329
43,326
19,420
40,451
12,518
20,461
47,394
43,528
39,437
20,324
18,548
45,213
43,202
13,645
43,624
14,496
20,460
15,226
42,545
20,204
43,356
20,377
51,127
20,270
23,159
20,217
20,73
20,249
20,291
17,449
20,337
15,72
20,40
32,442
20,459
20,64
24,364
20,419
20,101
20,439
8,609
20,577
16,561
15,606
4,684
22,532
24,618
20,538
20,614
20,581
20,525
5,559
20,539
20,540
42,214
20,677
11,635
8,564
20,607
19,596
20,431
20,492
20,665
51,409
43,297
20,406
24,141
20,462
20,340
20,488
20,522
48,418
8,467
48,475
20,307
43,493
24,381
20,296
20,231
20,120
20,285
15,277
15,391
5,56
20,211
24,524
20,122
20,362
46,271
20,498
43,298
20,503
20,247
20,463
23,86
43,441
20,567
20,28
20,283
22,317
20,266
20,506
20,117
20,184
20,433
15,361
20,483
20,336
20,342
20,322
20,345
1,79
20,280
24,241
30,436
20,178
6,259
20,237
20,162
20,132
18,424
45,256
11,411
20,80
40,371
22,97
50,229
52,166
20,390
20,413
51,325
43,526
1,179
9,286
24,457
17,67
23,466
20,490
20,393
16,575
24,369
20,379
51,471
20,176
43,289
20,398
20,253
20,232
20,512
20,621
20,49
20,288
20,240
24,207
43,276
20,320
20,124
20,542
20,458
23,335
43,239
20,469
8,220
20,354
23,105
4,294
20,279
34,375
51,275
24,470
51,435
20,382
20,384
20,401
20,516
20,161
24,263
20,206
20,386
20,316
7,209
43,125
20,258
20,75
20,331
20,370
20,244
10,160
45,198
24,48
20,205
20,248
20,357
20,494
20,200
20,281
20,272
51,168
20,365
20,373
20,151
45,328
20,265
20,119
17,227
20,43
51,60
20,30
4,188
47,110
22,34
20,438
20,287
36,167
20,238
20,434
20,181
41,158
39,41
20,189
37,100
20,299
20,304
24,113
51,389
20,224
20,278
20,501
37,675
17,679
20,619
20,245
20,500
20,480
20,520
51,686
43,640
20,628
20,589
20,502
20,45
20,402
20,104
20,20
24,319
20,53
47,255
20,332
20,355
43,225
20,22
20,292
20,313
20,685
20,368
19,423
20,54
20,84
20,348
20,215
20,586
43,264
20,55
20,338
43,203
20,315
10,482
20,11
20,273
51,174
20,343
50,499
20,66
20,408
20,383
20,468
20,208
20,472
20,146
20,106
20,102
20,314
20,89
20,61
20,221
51,318
20,261
20,210
20,121
17,222
20,144
20,76
20,157
17,149
20,26
20,196
20,59
20,135
10,284
20,260
20,91
24,17
20,194
23,3
20,99
51,235
20,171
20,301
20,445
20,477
20,366
20,47
20,83
20,312
20,115
20,62
20,192
20,183
20,165
20,150
26,37
24,93
24,219
24,13
20,251
46,341
51,236
20,77
20,156
20,155
20,295
20,116
20,359
20,230
20,109
43,163
20,262
20,95
20,128
20,24
20,4
24,223
20,344
20,387
51,137
20,88
20,290
20,118
20,103
20,311
20,51
20,32
20,164
20,68
20,415
20,133
20,175
20,33
20,191
20,254
20,112
20,193
20,243
20,428
20,199
20,269
20,131
20,323
51,440
20,443
20,310
20,58
20,2
20,142
20,514
20,333
20,5
20,339
51,274
20,10
20,360
20,180
20,139
20,16
20,186
20,94
20,108
20,380
20,367
20,153
51,154
51,92
51,190
51,300
20,136
20,35
20,98
20,504
20,267
20,425
20,19
20,185
20,388
51,134
20,250
20,85
20,252
24,15
20,25
20,27
24,14
20,233
20,197
20,38
51,57
20,396
20,126
20,182
20,170
20,39
20,148
20,303
20,78
51,87
51,114
51,130
52,50
20,31
20,44
20,81
20,392
20,638
20,407
20,173
20,399
20,111
20,7
20,172
20,12
20,187
24,397
51,212
20,9
51,23
20,177
20,46
51,346
20,21
51,42
24,147
20,123
20,18
20,293
20,74
20,29
20,140
20,604
20,376
20,622
37,347
20,670
24,523
51,464
20,661
20,321
20,602
20,582
20,96
20,36
51,683
20,69
20,625
20,570
20,448
20,659
20,648
20,414
20,63
20,620
20,385
51,603
20,572
51,593
20,309
20,505
20,484
20,668
20,674
20,547
51,169
20,571
51,242
20,557
20,70
50,641
51,403
24,627
20,349
20,1
20,569
24,201
20,6
20,305
20,673
51,450
20,605
24,306
24,65
