1,825
31,1225
43,1247
45,1178
1,1182
31,1177
31,1222
1,996
1,1236
31,1239
43,1061
43,546
31,1097
31,1246
1,1112
1,856
1,1055
31,1185
31,1244
31,1046
31,1167
31,446
1,971
31,1229
1,1232
31,1224
1,987
1,1206
43,1184
31,520
1,1253
1,1179
1,968
31,1252
1,1077
31,1238
1,932
43,1191
43,1176
1,1085
31,619
31,988
31,913
43,1139
1,1140
31,1205
43,568
31,1223
1,1022
43,1148
43,414
1,776
31,670
43,1218
31,1168
44,1133
31,1195
44,667
45,804
1,623
43,964
31,1128
39,1159
1,632
1,865
1,783
43,586
31,843
43,1157
1,976
33,979
1,1033
30,1111
31,949
1,947
33,871
31,755
31,1132
45,516
1,502
33,322
1,1102
14,1180
31,901
31,937
33,848
31,1221
31,391
43,889
31,1203
39,1153
33,1169
31,535
31,1090
31,739
1,874
44,867
1,982
1,744
45,759
31,1149
1,407
31,1110
31,1109
1,1240
44,955
1,462
1,1227
1,727
31,558
6,1065
43,1219
33,1213
1,1135
31,1151
31,1241
1,615
33,1141
1,607
31,1173
1,270
32,752
42,765
32,1114
10,1188
1,767
1,894
41,594
1,1198
1,842
31,296
31,832
1,970
5,823
33,641
1,1142
31,785
33,773
33,725
32,1129
31,421
8,1117
1,1175
33,1234
1,1200
33,1230
1,1040
33,1212
43,1174
1,521
31,926
33,669
43,868
31,251
33,1171
33,1158
2,1120
33,466
31,927
1,675
1,552
12,940
43,792
1,1093
1,1044
1,455
1,571
31,981
33,953
19,510
9,1197
1,1030
33,1025
33,1026
1,1087
32,935
1,345
1,1215
15,529
33,1056
33,898
33,777
1,365
33,1201
11,1242
1,1235
1,951
43,756
33,797
31,610
31,1143
33,341
31,748
33,651
1,816
33,980
32,808
34,719
33,423
1,908
33,1125
33,1154
33,896
33,966
34,303
16,880
33,628
1,318
33,1181
1,1095
1,1138
33,872
33,1013
33,1192
33,1237
43,499
31,914
33,1243
31,794
33,1051
33,1103
1,1052
43,531
33,828
33,1163
33,1152
28,604
6,1228
5,385
4,1122
33,509
33,1194
44,1189
33,1116
17,1131
25,663
1,668
33,775
24,681
33,1001
35,995
33,1210
33,830
31,1127
33,1170
3,905
33,1130
33,1211
27,1078
33,409
33,1084
26,977
29,271
34,638
43,873
33,393
33,1193
33,1119
8,1092
33,672
31,699
33,403
10,892
33,1164
33,1049
6,1012
20,1249
33,1006
33,938
33,761
33,969
33,847
33,350
33,354
23,430
33,406
33,899
21,637
31,1126
33,993
33,1183
33,974
43,386
33,674
1,1144
33,1081
1,989
33,973
33,355
33,572
33,608
33,442
33,213
33,189
33,1220
33,286
1,272
36,513
6,309
31,850
33,508
33,852
33,737
33,944
33,1094
33,434
33,844
33,401
33,357
33,684
33,923
33,612
33,1079
33,702
43,616
33,720
33,500
33,860
33,321
33,791
33,904
33,811
33,717
33,232
33,734
33,1024
33,707
33,424
33,1075
33,729
33,269
33,747
33,602
33,790
1,419
33,538
33,240
33,360
33,362
32,489
33,273
34,329
33,1072
33,460
33,382
33,465
33,812
33,353
33,344
33,786
33,802
33,593
33,855
33,829
33,566
33,963
33,473
33,264
33,1156
33,965
33,554
33,1108
34,1136
33,939
33,408
33,343
33,585
33,447
33,262
33,916
33,936
31,858
33,550
33,439
33,461
6,247
33,644
1,945
33,718
33,486
33,338
33,551
33,664
33,478
33,528
33,577
33,656
33,870
13,1104
7,960
33,284
35,849
33,443
33,1004
33,781
33,250
33,879
33,691
33,763
33,706
33,1039
33,925
33,517
33,714
33,787
33,771
33,1050
33,220
33,890
33,692
33,503
33,1002
33,768
33,622
33,613
33,1123
33,475
33,324
33,745
33,1106
33,437
33,749
33,950
33,1187
33,754
1,713
33,1038
33,545
32,626
33,911
33,328
30,295
33,780
33,640
33,1034
33,203
33,201
26,444
33,441
33,560
33,840
33,857
33,959
33,582
34,736
33,906
33,900
9,511
33,798
33,770
33,1209
33,793
33,313
33,690
33,245
33,339
8,361
18,1003
33,796
33,620
33,415
33,716
33,351
33,288
33,396
33,305
33,789
33,479
33,603
33,530
33,834
33,310
33,555
33,693
33,268
33,910
33,526
33,817
33,1009
33,678
33,864
33,590
43,595
33,564
33,753
33,494
33,553
33,377
33,534
33,533
33,156
33,519
1,962
33,459
33,405
33,598
33,882
33,346
33,1019
33,398
33,512
33,1216
33,676
33,1186
33,639
33,501
33,922
33,1214
33,467
33,1035
33,1199
33,665
33,609
31,575
33,1029
33,983
33,601
1,381
33,199
33,645
33,492
33,930
33,687
33,998
33,347
33,282
33,741
33,1059
33,348
33,801
33,333
33,371
33,686
33,751
33,482
33,778
34,304
33,758
33,624
33,1060
33,184
33,174
33,204
33,562
33,1076
33,1172
33,760
33,319
1,234
33,853
33,942
33,1071
33,231
33,541
33,683
33,374
33,248
33,450
34,671
33,1010
1,573
33,182
33,148
33,1070
33,420
33,611
33,642
33,866
33,1018
33,722
33,402
33,144
33,81
34,158
33,180
33,312
33,334
33,135
33,958
33,515
33,428
33,155
33,113
33,146
33,118
33,139
33,173
33,196
33,138
33,218
33,862
33,1053
33,818
33,655
33,703
33,788
33,440
33,631
33,918
33,588
33,657
33,967
33,694
33,557
46,648
33,1047
33,934
33,306
33,367
33,876
33,505
33,289
33,316
33,984
33,618
33,1005
33,1100
33,454
33,1099
33,723
33,539
33,779
33,715
33,652
34,221
33,277
33,1020
33,799
33,731
33,1226
33,412
33,543
33,281
33,477
33,764
33,1000
33,659
33,294
33,456
33,504
33,822
33,358
33,733
33,851
33,827
33,1115
33,433
33,567
33,302
33,1107
33,366
33,359
33,1037
33,861
33,757
33,1165
33,885
33,774
33,909
33,952
33,330
33,845
33,488
33,1101
33,480
33,730
33,1063
33,709
33,394
33,831
33,742
33,743
33,810
33,915
33,1086
33,1150
33,666
33,524
33,833
33,795
33,819
33,649
33,917
33,507
33,411
33,311
33,416
33,314
33,495
33,474
33,746
33,425
33,1091
33,1096
34,721
33,1098
8,807
6,581
33,1008
33,634
26,711
33,308
33,336
33,895
1,836
33,1088
33,673
33,565
33,1146
33,1067
33,1137
33,946
33,1105
33,1204
33,370
33,451
33,929
33,536
33,893
33,331
33,498
33,547
33,696
33,436
33,682
33,954
33,1054
34,978
33,888
33,704
33,265
33,469
33,679
33,735
33,379
33,726
33,540
8,712
33,375
33,387
33,225
33,293
33,238
33,1048
33,592
33,578
33,903
33,1202
33,661
35,1166
33,383
33,1021
33,496
33,576
33,1155
33,869
33,803
33,327
33,907
33,589
33,1023
33,1162
33,897
33,636
33,491
33,453
33,548
33,468
33,838
33,485
33,732
31,878
33,1124
33,487
33,471
33,1118
33,1042
33,766
33,591
33,580
33,629
33,584
33,991
33,650
33,762
33,826
33,1069
33,912
33,369
33,997
33,606
33,373
33,242
33,332
33,452
33,404
33,902
33,556
33,212
33,859
33,532
33,633
33,990
33,689
33,323
33,214
33,563
33,839
43,256
33,1036
33,1073
33,449
6,1082
1,1031
33,614
33,708
33,527
33,384
33,941
33,400
34,349
33,685
33,846
33,325
33,887
33,627
33,597
33,948
33,646
33,260
33,368
33,291
33,472
33,975
1,740
33,986
26,388
33,630
33,587
33,418
6,884
33,933
33,579
33,806
33,992
33,464
33,92
33,215
33,417
33,202
33,654
33,257
33,399
33,643
33,1217
33,985
33,1017
33,463
33,600
33,1134
33,207
33,972
33,596
33,292
33,635
33,280
33,660
33,337
33,863
33,1043
33,647
33,583
33,1007
33,542
33,700
33,1064
1,490
33,800
33,710
33,1014
33,677
33,569
33,919
33,999
33,470
33,522
33,724
33,617
33,1058
33,784
33,301
33,181
33,924
33,431
33,931
33,883
33,782
33,920
33,680
33,886
33,599
33,653
33,1190
33,422
33,805
33,621
33,1028
33,192
33,881
33,380
33,352
33,891
33,1041
33,525
33,769
33,243
33,875
33,957
33,484
33,658
34,1068
33,326
33,820
33,435
33,1032
33,317
33,276
31,427
33,943
33,290
33,570
33,476
33,320
33,497
33,662
33,410
33,523
33,815
33,824
33,364
33,506
33,274
33,413
33,226
33,395
33,854
33,481
33,169
33,224
33,397
33,209
33,307
33,152
33,71
33,76
22,1290
33,86
33,194
33,688
33,356
5,258
33,544
33,124
33,1062
33,122
33,176
33,429
33,340
33,1207
33,197
33,140
33,537
33,1045
33,1147
33,1089
33,1066
33,342
33,445
33,1080
33,198
33,205
33,363
33,625
33,1208
33,559
33,728
33,574
33,821
33,921
33,1113
33,695
33,254
33,103
1,85
33,219
33,90
33,101
33,168
33,95
33,772
33,78
33,46
33,120
33,137
33,300
33,94
33,372
33,928
33,93
33,151
1,261
33,77
33,55
33,514
35,279
1,131
33,154
33,244
33,217
33,104
33,30
33,10
33,74
33,110
33,88
33,68
1,132
33,57
33,87
33,36
33,116
33,193
33,43
33,1273
33,62
33,1276
33,22
33,1284
33,1277
33,24
33,1279
33,19
33,41
33,7
34,34
33,1298
33,1289
33,48
33,18
33,115
33,21
33,141
33,1283
33,6
33,1278
33,2
40,14
33,159
33,191
33,53
33,84
32,1272
33,190
33,20
33,1297
34,1282
33,1291
33,42
33,1145
33,26
33,13
33,1015
33,392
8,750
33,241
33,298
33,73
33,432
33,1260
34,1255
33,1254
33,1258
8,1259
33,1264
33,1257
33,1261
33,1256
33,1263
34,1262
33,701
33,252
33,438
33,837
33,249
33,227
33,253
33,206
33,179
33,235
33,170
33,458
33,267
33,239
33,275
33,956
33,278
33,236
33,89
33,51
33,61
33,44
33,216
34,283
33,483
33,255
33,47
33,50
33,39
33,153
33,3
1,38
33,69
33,12
33,315
33,11
33,1270
33,54
33,163
33,188
33,223
33,112
33,809
33,67
33,29
33,149
33,58
33,1275
33,106
33,56
33,233
33,97
33,1285
33,1271
33,1286
31,79
33,4
34,59
33,100
33,1299
33,1057
33,1161
33,1268
33,91
33,63
33,1245
33,128
33,123
33,605
33,83
1,389
40,147
33,814
33,178
33,25
33,177
33,70
33,160
33,493
33,164
33,426
33,167
33,33
33,31
33,1274
33,1281
33,166
33,35
33,1266
33,1294
33,60
33,105
33,15
33,107
33,102
33,80
33,1265
33,72
33,8
33,17
33,5
33,23
33,186
33,65
33,1292
33,45
6,1
33,16
33,1295
33,52
33,37
33,1280
33,1296
33,1293
33,1288
33,1267
33,165
32,9
34,1269
33,285
33,195
33,1287
33,187
33,108
33,136
33,49
33,121
33,64
33,161
33,222
33,175
33,1233
33,877
33,994
33,549
33,126
33,183
33,561
33,130
33,119
33,96
9,109
33,28
1,66
33,117
33,27
33,82
33,127
33,75
33,40
33,150
33,208
33,98
33,145
33,143
39,1160
33,211
33,297
9,99
33,1011
9,172
9,32
33,1300
33,378
37,1121
37,287
37,237
37,133
37,200
37,335
37,114
37,518
38,1027
37,705
37,1016
1,210
1,835
1,129
40,157
1,246
43,230
45,1074
31,738
31,1083
1,457
44,259
31,697
31,142
31,1231
31,1250
1,171
1,448
31,1248
31,1251
31,698
45,813
45,1196
1,266
1,841
31,228
33,299
31,111
1,376
1,134
1,961
1,229
1,390
31,125
31,263
45,185
1,162
