56,135
35,167
3,130
15,219
12,278
89,276
56,223
132,192
44,162
34,325
135,201
129,287
102,343
63,265
43,299
22,319
6,235
24,382
36,341
25,141
13,123
24,182
14,381
6,304
21,395
51,418
13,378
36,448
32,222
6,298
14,349
56,449
128,396
39,87
96,406
103,76
128,455
22,405
12,364
14,397
25,311
63,458
24,463
65,473
128,467
51,13
65,36
24,215
128,153
13,344
128,432
89,438
27,371
89,322
6,279
44,216
128,194
50,307
65,294
132,121
131,208
19,470
95,421
47,474
44,54
128,6
51,52
65,303
12,138
71,224
128,380
128,433
51,63
47,110
128,331
121,379
71,315
47,35
131,353
13,246
71,321
128,360
65,317
71,392
65,146
128,372
120,269
23,180
131,460
63,387
27,206
71,189
13,273
42,383
65,231
65,357
131,242
37,476
71,258
38,237
128,184
128,106
131,103
65,115
38,114
131,156
71,295
65,89
128,462
95,339
128,61
11,176
128,79
131,97
131,197
23,165
25,318
45,227
50,290
45,270
83,388
12,301
117,400
128,284
38,232
63,267
128,347
19,257
71,183
115,332
11,209
11,255
25,291
50,217
115,327
65,384
65,158
88,456
50,239
63,316
117,359
72,305
6,8
72,342
63,60
90,401
128,336
63,323
72,187
63,233
63,252
50,157
104,101
63,124
63,296
131,171
128,72
131,49
12,179
136,127
64,109
115,57
9,113
72,37
131,166
128,147
115,86
128,45
50,111
63,82
128,186
128,102
11,33
72,168
63,71
131,51
38,320
51,66
128,75
92,172
50,408
117,12
131,454
131,361
71,466
128,338
128,414
22,160
75,459
16,354
13,461
115,434
72,11
83,425
44,377
63,398
131,435
19,285
11,328
63,90
115,196
63,281
63,253
38,211
63,203
77,272
65,329
83,247
131,429
63,345
63,245
37,236
65,370
65,373
103,148
83,261
131,251
38,250
115,404
47,170
63,243
111,326
115,140
86,205
15,260
25,221
131,126
65,154
71,155
44,14
78,293
131,375
128,202
37,42
115,297
63,367
131,175
50,362
131,145
12,210
38,150
80,151
63,200
37,161
63,83
93,96
63,207
50,213
37,137
63,214
63,330
128,104
63,108
50,59
131,313
11,85
131,47
131,95
72,136
63,228
63,68
72,44
14,300
38,366
115,363
52,457
131,465
11,444
92,346
131,259
46,283
63,144
74,142
38,174
57,314
115,193
45,149
115,164
83,262
56,356
63,185
38,81
72,92
131,107
63,229
45,129
115,70
11,84
11,352
131,77
131,99
37,351
63,306
83,58
131,139
128,248
63,119
110,152
115,238
65,181
131,374
50,254
88,302
118,134
132,310
69,169
83,451
37,427
31,73
50,67
105,26
16,46
65,178
72,391
96,266
131,440
90,424
131,422
115,348
128,416
93,7
97,478
128,32
37,280
115,1
63,376
131,275
63,439
63,389
65,446
95,407
131,472
18,218
11,204
11,241
130,264
37,274
125,105
131,100
29,177
116,282
132,125
115,368
98,442
63,34
62,369
131,420
55,355
122,244
28,98
70,234
71,249
93,337
137,324
37,308
73,402
81,212
11,292
131,413
94,65
127,56
63,195
68,230
109,9
11,415
66,94
63,394
38,15
40,277
63,286
97,118
91,120
63,436
50,417
63,64
57,78
138,74
112,220
95,426
86,477
119,271
115,410
79,365
131,334
7,335
35,412
76,288
131,112
60,132
20,464
51,256
90,431
1,358
42,173
114,268
123,131
105,447
63,468
17,199
131,289
130,471
37,445
30,163
63,430
107,27
120,21
58,80
129,423
33,93
11,191
15,50
11,69
41,240
124,122
44,39
56,159
45,5
113,31
8,40
40,23
84,263
54,4
13,225
53,411
139,312
48,469
49,190
25,399
63,333
10,437
11,62
98,128
87,198
133,390
63,25
45,30
18,24
99,17
57,55
53,143
2,450
38,385
4,419
61,41
9,20
59,428
11,133
112,117
122,226
6,453
49,91
5,53
26,43
129,48
108,22
131,18
67,88
106,116
136,16
76,38
134,188
131,309
100,403
11,29
61,340
126,350
101,441
11,393
16,3
84,452
9,443
58,19
100,28
85,386
33,2
82,409
46,475
56,10
