1,89
2,112
2,33
1,49
2,80
1,113
2,41
1,120
1,65
2,81
3,168
1,67
2,76
1,29
2,189
1,104
2,122
1,75
2,23
2,87
2,121
2,96
2,82
1,28
2,140
2,92
2,117
2,272
2,50
2,102
2,148
2,107
2,68
2,162
2,85
2,56
2,98
1,97
1,60
2,146
2,161
2,22
2,235
2,84
2,20
2,95
2,201
2,42
2,79
2,101
2,70
2,69
2,105
2,58
2,78
2,200
2,55
2,115
2,40
2,88
2,209
2,57
2,114
2,34
2,156
2,77
2,47
2,27
2,91
2,93
2,190
1,63
2,45
2,240
2,138
2,66
2,171
2,26
2,46
2,61
2,31
2,90
2,35
2,15
2,59
2,25
2,232
2,271
2,62
2,19
2,71
2,268
2,244
2,247
2,175
2,264
2,133
2,109
1,43
2,127
2,248
2,249
2,254
2,198
2,221
2,218
2,181
2,158
2,233
2,74
2,5
2,106
2,110
2,126
2,267
1,257
2,3
2,94
2,170
2,119
2,183
2,216
2,178
2,202
2,179
2,172
2,2
1,212
2,224
2,118
2,180
2,13
2,73
2,86
1,261
2,30
2,225
2,160
2,154
2,103
1,228
1,37
2,217
2,124
1,153
2,111
2,182
2,83
2,108
1,166
2,32
2,197
2,184
2,164
1,125
2,53
2,36
2,208
2,152
2,236
2,177
2,203
2,219
2,130
1,129
2,187
2,196
2,48
2,173
2,193
2,100
2,17
2,137
1,252
2,147
2,139
2,195
2,151
2,64
2,207
2,188
2,222
2,215
2,234
2,205
1,143
2,211
2,21
2,51
2,54
1,157
1,131
2,255
2,256
2,223
2,134
2,144
2,231
2,199
2,176
2,220
2,270
2,149
2,185
2,210
1,136
2,260
2,167
2,259
2,123
2,262
2,194
1,52
2,214
2,241
2,132
2,204
2,237
2,44
2,169
2,229
2,159
2,10
2,163
2,7
1,239
2,243
2,269
2,266
1,227
2,186
2,145
2,238
2,213
2,191
2,245
2,18
1,38
2,258
2,250
2,230
1,242
2,251
2,246
1,141
1,135
2,165
2,174
2,253
1,265
1,155
2,273
1,1
2,150
2,142
2,192
2,72
1,4
2,9
2,128
2,263
2,206
1,14
2,24
1,226
2,12
2,99
2,116
2,39
2,16
2,8
2,6
1,11
