1,825
20,1225
26,1247
26,1178
1,1182
20,1177
20,1222
1,996
1,1236
20,1239
26,1061
26,546
20,1097
20,1246
1,1112
1,856
1,1055
20,1185
20,1244
20,1046
20,1167
20,446
1,971
20,1229
1,1232
20,1224
1,987
1,1206
26,1184
20,520
1,1253
1,1179
1,968
20,1252
1,1077
20,1238
1,932
26,1191
26,1176
1,1085
20,619
20,988
20,913
26,1139
1,1140
20,1205
26,568
20,1223
1,1022
26,1148
26,414
1,776
20,670
26,1218
20,1168
26,1133
20,1195
26,667
26,804
1,623
26,964
20,1128
24,1159
1,632
1,865
1,783
26,586
20,843
26,1157
1,976
21,979
1,1033
19,1111
20,949
1,947
21,871
20,755
20,1132
26,516
1,502
21,322
1,1102
9,1180
20,901
20,937
21,848
20,1221
20,391
26,889
20,1203
24,1153
21,1169
20,535
20,1090
20,739
1,874
26,867
1,982
1,744
26,759
20,1149
1,407
20,1110
20,1109
1,1240
26,955
1,462
1,1227
1,727
20,558
4,1065
26,1219
21,1213
1,1135
20,1151
20,1241
1,615
21,1141
1,607
20,1173
1,270
21,752
25,765
21,1114
6,1188
1,767
1,894
24,594
1,1198
1,842
20,296
20,832
1,970
4,823
21,641
1,1142
20,785
21,773
21,725
21,1129
20,421
5,1117
1,1175
21,1234
1,1200
21,1230
1,1040
21,1212
26,1174
1,521
20,926
21,669
26,868
20,251
21,1171
21,1158
1,1120
21,466
20,927
1,675
1,552
7,940
26,792
1,1093
1,1044
1,455
1,571
20,981
21,953
12,510
5,1197
1,1030
21,1025
21,1026
1,1087
21,935
1,345
1,1215
10,529
21,1056
21,898
21,777
1,365
21,1201
6,1242
1,1235
1,951
26,756
21,797
20,610
20,1143
21,341
20,748
21,651
1,816
21,980
21,808
21,719
21,423
1,908
21,1125
21,1154
21,896
21,966
21,303
10,880
21,628
1,318
21,1181
1,1095
1,1138
21,872
21,1013
21,1192
21,1237
26,499
20,914
21,1243
20,794
21,1051
21,1103
1,1052
26,531
21,828
21,1163
21,1152
17,604
4,1228
4,385
3,1122
21,509
21,1194
26,1189
21,1116
11,1131
16,663
1,668
21,775
15,681
21,1001
22,995
21,1210
21,830
20,1127
21,1170
2,905
21,1130
21,1211
17,1078
21,409
21,1084
17,977
18,271
21,638
26,873
21,393
21,1193
21,1119
5,1092
21,672
20,699
21,403
6,892
21,1164
21,1049
4,1012
13,1249
21,1006
21,938
21,761
21,969
21,847
21,350
21,354
15,430
21,406
21,899
14,637
20,1126
21,993
21,1183
21,974
26,386
21,674
1,1144
21,1081
1,989
21,973
21,355
21,572
21,608
21,442
21,213
21,189
21,1220
21,286
1,272
22,513
4,309
20,850
21,508
21,852
21,737
21,944
21,1094
21,434
21,844
21,401
21,357
21,684
21,923
21,612
21,1079
21,702
26,616
21,720
21,500
21,860
21,321
21,791
21,904
21,811
21,717
21,232
21,734
21,1024
21,707
21,424
21,1075
21,729
21,269
21,747
21,602
21,790
1,419
21,538
21,240
21,360
21,362
21,489
21,273
21,329
21,1072
21,460
21,382
21,465
21,812
21,353
21,344
21,786
21,802
21,593
21,855
21,829
21,566
21,963
21,473
21,264
21,1156
21,965
21,554
21,1108
21,1136
21,939
21,408
21,343
21,585
21,447
21,262
21,916
21,936
20,858
21,550
21,439
21,461
4,247
21,644
1,945
21,718
21,486
21,338
21,551
21,664
21,478
21,528
21,577
21,656
21,870
8,1104
4,960
21,284
22,849
21,443
21,1004
21,781
21,250
21,879
21,691
21,763
21,706
21,1039
21,925
21,517
21,714
21,787
21,771
21,1050
21,220
21,890
21,692
21,503
21,1002
21,768
21,622
21,613
21,1123
21,475
21,324
21,745
21,1106
21,437
21,749
21,950
21,1187
21,754
1,713
21,1038
21,545
21,626
21,911
21,328
19,295
21,780
21,640
21,1034
21,203
21,201
17,444
21,441
21,560
21,840
21,857
21,959
21,582
21,736
21,906
21,900
5,511
21,798
21,770
21,1209
21,793
21,313
21,690
21,245
21,339
5,361
12,1003
21,796
21,620
21,415
21,716
21,351
21,288
21,396
21,305
21,789
21,479
21,603
21,530
21,834
21,310
21,555
21,693
21,268
21,910
21,526
21,817
21,1009
21,678
21,864
21,590
26,595
21,564
21,753
21,494
21,553
21,377
21,534
21,533
21,156
21,519
1,962
21,459
21,405
21,598
21,882
21,346
21,1019
21,398
21,512
21,1216
21,676
21,1186
21,639
21,501
21,922
21,1214
21,467
21,1035
21,1199
21,665
21,609
20,575
21,1029
21,983
21,601
1,381
21,199
21,645
21,492
21,930
21,687
21,998
21,347
21,282
21,741
21,1059
21,348
21,801
21,333
21,371
21,686
21,751
21,482
21,778
21,304
21,758
21,624
21,1060
21,184
21,174
21,204
21,562
21,1076
21,1172
21,760
21,319
1,234
21,853
21,942
21,1071
21,231
21,541
21,683
21,374
21,248
21,450
21,671
21,1010
1,573
21,182
21,148
21,1070
21,420
21,611
21,642
21,866
21,1018
21,722
21,402
21,144
21,81
21,158
21,180
21,312
21,334
21,135
21,958
21,515
21,428
21,155
21,113
21,146
21,118
21,139
21,173
21,196
21,138
21,218
21,862
21,1053
21,818
21,655
21,703
21,788
21,440
21,631
21,918
21,588
21,657
21,967
21,694
21,557
27,648
21,1047
21,934
21,306
21,367
21,876
21,505
21,289
21,316
21,984
21,618
21,1005
21,1100
21,454
21,1099
21,723
21,539
21,779
21,715
21,652
21,221
21,277
21,1020
21,799
21,731
21,1226
21,412
21,543
21,281
21,477
21,764
21,1000
21,659
21,294
21,456
21,504
21,822
21,358
21,733
21,851
21,827
21,1115
21,433
21,567
21,302
21,1107
21,366
21,359
21,1037
21,861
21,757
21,1165
21,885
21,774
21,909
21,952
21,330
21,845
21,488
21,1101
21,480
21,730
21,1063
21,709
21,394
21,831
21,742
21,743
21,810
21,915
21,1086
21,1150
21,666
21,524
21,833
21,795
21,819
21,649
21,917
21,507
21,411
21,311
21,416
21,314
21,495
21,474
21,746
21,425
21,1091
21,1096
21,721
21,1098
5,807
4,581
21,1008
21,634
17,711
21,308
21,336
21,895
1,836
21,1088
21,673
21,565
21,1146
21,1067
21,1137
21,946
21,1105
21,1204
21,370
21,451
21,929
21,536
21,893
21,331
21,498
21,547
21,696
21,436
21,682
21,954
21,1054
21,978
21,888
21,704
21,265
21,469
21,679
21,735
21,379
21,726
21,540
5,712
21,375
21,387
21,225
21,293
21,238
21,1048
21,592
21,578
21,903
21,1202
21,661
22,1166
21,383
21,1021
21,496
21,576
21,1155
21,869
21,803
21,327
21,907
21,589
21,1023
21,1162
21,897
21,636
21,491
21,453
21,548
21,468
21,838
21,485
21,732
20,878
21,1124
21,487
21,471
21,1118
21,1042
21,766
21,591
21,580
21,629
21,584
21,991
21,650
21,762
21,826
21,1069
21,912
21,369
21,997
21,606
21,373
21,242
21,332
21,452
21,404
21,902
21,556
21,212
21,859
21,532
21,633
21,990
21,689
21,323
21,214
21,563
21,839
26,256
21,1036
21,1073
21,449
4,1082
1,1031
21,614
21,708
21,527
21,384
21,941
21,400
21,349
21,685
21,846
21,325
21,887
21,627
21,597
21,948
21,646
21,260
21,368
21,291
21,472
21,975
1,740
21,986
17,388
21,630
21,587
21,418
4,884
21,933
21,579
21,806
21,992
21,464
21,92
21,215
21,417
21,202
21,654
21,257
21,399
21,643
21,1217
21,985
21,1017
21,463
21,600
21,1134
21,207
21,972
21,596
21,292
21,635
21,280
21,660
21,337
21,863
21,1043
21,647
21,583
21,1007
21,542
21,700
21,1064
1,490
21,800
21,710
21,1014
21,677
21,569
21,919
21,999
21,470
21,522
21,724
21,617
21,1058
21,784
21,301
21,181
21,924
21,431
21,931
21,883
21,782
21,920
21,680
21,886
21,599
21,653
21,1190
21,422
21,805
21,621
21,1028
21,192
21,881
21,380
21,352
21,891
21,1041
21,525
21,769
21,243
21,875
21,957
21,484
21,658
21,1068
21,326
21,820
21,435
21,1032
21,317
21,276
20,427
21,943
21,290
21,570
21,476
21,320
21,497
21,662
21,410
21,523
21,815
21,824
21,364
21,506
21,274
21,413
21,226
21,395
21,854
21,481
21,169
21,224
21,397
21,209
21,307
21,152
21,71
21,76
14,1290
21,86
21,194
21,688
21,356
4,258
21,544
21,124
21,1062
21,122
21,176
21,429
21,340
21,1207
21,197
21,140
21,537
21,1045
21,1147
21,1089
21,1066
21,342
21,445
21,1080
21,198
21,205
21,363
21,625
21,1208
21,559
21,728
21,574
21,821
21,921
21,1113
21,695
21,254
21,103
1,85
21,219
21,90
21,101
21,168
21,95
21,772
21,78
21,46
21,120
21,137
21,300
21,94
21,372
21,928
21,93
21,151
1,261
21,77
21,55
21,514
22,279
1,131
21,154
21,244
21,217
21,104
21,30
21,10
21,74
21,110
21,88
21,68
1,132
21,57
21,87
21,36
21,116
21,193
21,43
21,1273
21,62
21,1276
21,22
21,1284
21,1277
21,24
21,1279
21,19
21,41
21,7
21,34
21,1298
21,1289
21,48
21,18
21,115
21,21
21,141
21,1283
21,6
21,1278
21,2
24,14
21,159
21,191
21,53
21,84
21,1272
21,190
21,20
21,1297
21,1282
21,1291
21,42
21,1145
21,26
21,13
21,1015
21,392
5,750
21,241
21,298
21,73
21,432
21,1260
21,1255
21,1254
21,1258
5,1259
21,1264
21,1257
21,1261
21,1256
21,1263
21,1262
21,701
21,252
21,438
21,837
21,249
21,227
21,253
21,206
21,179
21,235
21,170
21,458
21,267
21,239
21,275
21,956
21,278
21,236
21,89
21,51
21,61
21,44
21,216
21,283
21,483
21,255
21,47
21,50
21,39
21,153
21,3
1,38
21,69
21,12
21,315
21,11
21,1270
21,54
21,163
21,188
21,223
21,112
21,809
21,67
21,29
21,149
21,58
21,1275
21,106
21,56
21,233
21,97
21,1285
21,1271
21,1286
20,79
21,4
21,59
21,100
21,1299
21,1057
21,1161
21,1268
21,91
21,63
21,1245
21,128
21,123
21,605
21,83
1,389
24,147
21,814
21,178
21,25
21,177
21,70
21,160
21,493
21,164
21,426
21,167
21,33
21,31
21,1274
21,1281
21,166
21,35
21,1266
21,1294
21,60
21,105
21,15
21,107
21,102
21,80
21,1265
21,72
21,8
21,17
21,5
21,23
21,186
21,65
21,1292
21,45
4,1
21,16
21,1295
21,52
21,37
21,1280
21,1296
21,1293
21,1288
21,1267
21,165
21,9
21,1269
21,285
21,195
21,1287
21,187
21,108
21,136
21,49
21,121
21,64
21,161
21,222
21,175
21,1233
21,877
21,994
21,549
21,126
21,183
21,561
21,130
21,119
21,96
5,109
21,28
1,66
21,117
21,27
21,82
21,127
21,75
21,40
21,150
21,208
21,98
21,145
21,143
24,1160
21,211
21,297
5,99
21,1011
5,172
5,32
21,1300
21,378
23,1121
23,287
23,237
23,133
23,200
23,335
23,114
23,518
23,1027
23,705
23,1016
1,210
1,835
1,129
24,157
1,246
26,230
26,1074
20,738
20,1083
1,457
26,259
20,697
20,142
20,1231
20,1250
1,171
1,448
20,1248
20,1251
20,698
26,813
26,1196
1,266
1,841
20,228
21,299
20,111
1,376
1,134
1,961
1,229
1,390
20,125
20,263
26,185
1,162
