4,1206
43,1208
44,1210
43,1064
44,1219
7,1236
44,703
46,1232
43,1207
35,1157
20,1199
4,1082
35,1112
42,1212
35,1095
21,889
46,1144
20,1227
35,876
35,1118
46,1005
35,954
35,1089
44,1042
42,561
46,1087
45,591
35,1223
11,1139
35,928
5,1222
4,908
35,784
17,1077
35,891
35,1056
35,912
8,1228
35,1215
35,655
13,946
35,970
35,996
30,532
35,581
4,485
45,722
2,751
21,829
35,1192
46,1194
36,514
35,831
27,1197
36,633
33,967
44,500
35,1030
22,952
1,386
35,1221
21,880
33,1032
33,1166
33,1001
35,697
20,1133
24,659
33,993
43,1163
33,1196
42,1053
35,520
35,978
35,1204
37,1147
12,798
33,981
43,1101
24,850
27,1060
24,1153
21,1079
33,1195
33,1022
33,1010
24,1205
33,1116
33,636
1,701
33,1052
33,927
33,602
33,522
33,1094
6,853
33,351
33,745
33,811
23,1067
22,583
36,772
33,1086
33,863
33,716
11,564
13,385
33,816
33,725
33,580
32,1231
33,1176
13,882
44,411
35,660
18,920
33,913
21,374
11,288
45,631
33,683
47,393
24,518
35,621
35,400
36,577
33,1046
33,667
33,1114
33,554
33,456
44,723
22,720
23,953
14,959
26,1122
33,937
33,1058
33,543
33,982
33,578
12,791
33,511
44,1049
17,740
24,1098
10,692
18,727
30,593
44,427
33,415
27,493
43,430
13,1115
20,841
33,1031
33,919
13,861
22,1217
1,1224
33,1161
1,773
33,823
33,565
33,626
17,1120
28,991
33,979
33,1076
33,1182
33,526
33,1008
33,894
33,830
37,969
33,947
35,999
33,1105
33,704
33,512
32,428
23,612
33,486
33,744
33,1132
33,466
27,842
33,980
33,1063
33,817
21,1029
33,775
33,568
29,681
32,730
15,781
32,851
33,1068
35,762
33,608
58,729
33,690
33,1141
33,944
16,767
33,611
22,930
33,1016
33,549
33,1121
33,609
33,790
33,865
33,825
36,1143
32,1047
30,845
33,984
33,1119
33,888
27,590
33,843
33,708
33,641
33,685
8,574
28,1211
33,1225
33,642
33,1198
33,1202
33,1226
44,698
33,972
20,1051
33,1156
20,1184
33,837
22,684
33,1177
33,713
33,1229
33,1164
20,1126
37,801
33,924
33,917
33,1216
33,1235
33,1218
32,1158
33,872
33,1209
33,1185
33,1136
33,916
33,1017
33,1234
33,1138
44,1036
33,1104
33,1220
19,709
33,1175
33,800
33,1088
33,921
22,584
20,465
33,1146
20,1169
33,918
33,962
33,1142
33,788
33,1055
33,1129
32,765
33,1128
33,802
22,629
33,777
22,1075
36,1018
33,669
33,896
33,824
33,938
33,529
33,388
32,792
33,854
32,535
44,1069
25,878
33,1180
33,810
29,1170
35,1171
33,285
33,915
33,1151
33,1092
29,652
18,1154
33,1168
33,334
33,1173
1,645
33,412
33,657
33,846
33,503
13,995
33,318
33,866
33,1109
33,983
1,910
33,1125
33,809
33,1145
33,625
33,505
25,732
33,1004
33,771
33,968
33,1024
32,855
33,956
29,743
33,1083
33,1045
33,1131
33,640
21,933
33,524
33,1165
33,1000
33,760
32,1174
33,617
33,1187
13,955
33,884
33,904
33,1048
33,752
33,844
33,536
33,632
33,1044
33,1200
26,587
33,1034
33,828
20,1123
7,717
33,813
32,869
33,974
33,1003
34,840
33,1090
33,1135
33,1084
33,769
1,1040
44,964
33,502
33,1021
33,1106
33,754
33,1006
54,1113
12,966
33,832
33,594
33,682
33,691
33,618
35,1137
33,1189
33,1002
33,712
33,1213
33,793
31,961
33,895
33,1230
34,1214
33,677
33,348
33,1178
33,936
23,934
33,932
33,1188
33,395
33,734
18,1152
33,1111
36,997
16,1043
33,758
3,906
33,676
33,903
40,646
33,1148
33,925
33,668
33,1071
33,949
33,1140
33,540
33,875
28,322
25,735
33,747
33,544
33,390
45,1097
33,1183
33,569
33,941
33,702
55,893
33,582
7,647
33,1059
33,1134
33,768
33,960
32,858
33,929
20,990
33,672
38,1130
33,1020
33,864
33,551
33,282
33,601
33,886
36,513
33,449
33,1110
33,623
32,988
33,779
33,736
23,572
33,1124
33,320
34,586
33,275
33,384
33,812
32,592
25,635
33,380
33,1167
33,1062
33,746
32,883
12,1033
24,506
34,958
33,852
33,976
33,494
33,562
33,497
33,898
33,527
31,870
53,731
33,530
23,787
33,987
44,794
33,897
33,573
33,1093
33,733
33,689
33,403
33,501
24,822
33,1054
33,902
33,821
32,627
33,662
33,780
33,671
29,710
33,445
33,839
33,539
33,566
33,1023
33,948
33,1149
33,877
33,686
30,890
33,867
33,911
33,885
33,776
33,973
24,1014
33,1091
33,1072
33,567
33,1028
33,1027
33,1080
33,498
1,695
33,600
33,940
33,488
33,496
33,558
33,556
33,408
33,432
33,439
33,437
33,674
33,795
33,1057
33,1150
33,579
33,576
33,738
33,441
33,422
33,198
33,93
33,95
33,286
33,489
33,257
33,157
33,236
33,311
33,477
33,806
33,696
33,610
33,994
24,724
33,458
33,860
33,596
33,1099
33,785
33,820
33,1009
33,504
33,1107
33,835
33,826
33,805
33,679
33,656
33,763
33,541
33,721
32,1061
33,418
33,650
33,753
33,649
33,766
33,874
33,750
33,922
33,957
33,783
33,926
33,807
33,1085
33,899
33,847
33,943
33,1100
33,986
33,670
39,764
33,654
33,510
33,665
32,818
33,387
33,862
33,588
33,658
33,827
33,310
33,375
33,680
33,394
33,223
33,1038
33,571
33,705
33,473
33,247
33,749
33,620
33,129
33,86
33,232
33,280
33,315
33,484
33,675
33,538
33,545
33,459
33,302
33,172
33,255
23,343
33,434
33,333
33,1015
33,585
33,971
33,546
32,859
33,624
33,507
33,266
33,209
33,349
1,219
33,517
33,443
33,435
33,292
32,104
33,354
33,552
1,542
33,164
33,214
33,188
33,151
33,297
33,347
33,737
33,550
33,416
33,848
33,360
1,371
35,598
33,352
25,267
33,338
33,128
33,433
33,487
33,834
33,296
33,871
33,977
33,799
33,856
33,1041
33,1073
33,475
33,139
33,833
33,401
33,1070
33,350
33,604
33,321
49,471
33,85
33,98
33,312
33,189
33,234
33,242
33,560
33,190
33,367
33,357
33,225
57,206
33,238
33,328
33,180
33,341
33,589
33,362
33,303
33,379
33,460
33,84
33,246
50,261
33,326
33,786
33,638
33,1103
33,256
33,942
21,814
33,399
33,548
33,218
33,173
33,193
33,141
33,143
33,279
33,277
32,78
33,63
33,313
33,363
33,105
33,472
33,220
33,688
33,605
33,323
33,421
33,1162
33,442
33,905
33,426
33,91
33,797
33,452
33,366
33,340
33,892
33,719
33,327
33,1190
33,998
33,228
33,224
33,210
33,254
33,339
33,474
33,715
33,270
33,121
33,213
33,186
33,289
33,202
33,290
33,252
33,378
33,112
33,308
33,156
33,273
33,836
8,1096
33,204
33,230
33,265
33,65
33,881
33,229
33,448
33,163
33,222
33,97
33,171
33,89
33,755
33,69
23,335
33,88
33,678
33,287
33,241
33,179
33,127
33,140
33,276
33,212
33,203
33,492
33,200
33,476
33,92
33,353
33,547
33,165
33,262
31,317
33,570
33,192
33,184
33,531
33,615
33,653
13,346
33,796
33,329
33,324
33,849
33,240
33,300
33,248
33,417
33,306
33,344
33,634
33,185
33,616
33,307
33,707
33,178
33,301
33,628
33,243
33,939
33,907
33,450
33,409
33,414
33,272
33,161
33,446
33,482
33,1159
33,706
33,253
33,264
33,490
33,951
33,603
33,423
33,398
33,413
33,1127
33,613
33,365
51,444
33,463
33,170
33,259
33,274
33,137
33,94
33,174
33,169
33,71
33,64
32,258
33,516
33,382
33,183
33,208
59,480
33,108
33,138
33,838
33,368
33,700
25,176
33,103
33,249
33,109
33,250
33,117
33,742
33,931
33,131
33,373
33,110
33,130
33,56
33,211
33,99
33,464
33,694
33,757
33,1155
33,1026
33,756
31,1025
32,622
33,1035
33,714
33,639
33,356
33,759
33,316
33,396
23,607
33,1181
33,739
33,559
33,533
33,1108
33,508
33,521
33,644
33,761
33,1065
33,619
33,331
33,661
13,606
33,168
33,455
33,614
33,741
33,555
33,406
33,782
33,525
33,519
33,726
33,963
56,231
33,693
33,673
33,804
33,1037
33,914
33,453
33,534
33,381
33,563
33,391
33,372
33,770
33,597
33,803
32,887
33,965
33,748
33,945
33,553
33,336
33,425
33,778
33,528
33,819
33,537
33,1201
33,1012
33,1013
33,950
33,451
33,599
33,278
33,495
33,637
33,728
33,361
33,467
33,901
33,330
32,197
33,975
33,1039
33,1203
33,461
33,868
33,1233
33,342
33,293
33,575
13,1019
33,291
33,181
33,195
35,111
33,216
33,251
25,648
33,436
33,457
33,364
33,470
33,392
33,808
33,478
33,900
33,389
33,1007
33,1172
33,1193
33,36
33,66
31,13
33,74
33,37
33,124
48,35
32,58
32,22
33,177
33,75
33,30
33,45
33,39
32,43
33,53
33,115
33,664
33,125
33,199
33,40
33,73
33,15
33,989
33,61
33,23
33,33
33,383
33,299
33,19
33,20
33,28
33,10
33,50
32,42
33,52
33,55
33,102
33,404
33,284
33,447
33,126
33,215
33,76
33,245
9,175
33,440
33,595
33,410
33,509
33,217
33,44
33,149
33,1066
33,304
33,499
33,332
33,298
33,194
33,227
33,419
30,1186
33,1078
33,167
33,54
33,152
33,187
33,221
33,81
25,1081
33,233
33,114
33,260
28,57
33,483
33,150
41,294
33,370
33,24
33,132
33,3
33,144
33,5
33,7
33,1237
33,9
33,4
33,70
33,2
33,79
33,153
33,14
33,72
33,25
33,8
33,21
33,26
52,51
33,17
33,1238
33,47
33,27
33,424
33,120
33,122
33,134
33,789
33,909
33,397
33,182
33,481
33,630
20,454
33,100
33,101
33,283
33,133
33,207
33,59
33,239
33,268
33,159
33,281
33,62
33,337
33,49
33,718
33,83
33,118
33,191
33,16
33,491
33,146
33,87
33,469
33,123
33,82
33,515
33,80
33,557
33,68
33,295
33,1191
33,879
33,666
33,325
33,992
33,420
33,462
33,1074
33,355
33,136
33,358
33,269
33,67
20,271
33,1117
33,1160
33,438
33,244
33,11
33,18
33,235
33,155
33,237
33,305
33,402
31,116
33,148
33,263
33,34
33,145
33,166
33,205
48,405
33,41
33,985
33,107
33,154
33,923
33,314
28,345
33,113
33,158
33,815
33,142
25,77
33,468
31,377
33,135
33,119
33,29
33,106
33,147
33,1050
33,196
32,1102
33,857
32,479
33,376
33,1179
33,1011
33,687
33,711
33,429
33,699
33,935
33,201
33,873
33,319
33,60
33,162
33,651
33,90
33,369
33,663
33,309
33,643
33,523
33,160
33,48
33,407
33,774
33,226
33,38
33,6
33,359
33,431
32,12
33,32
33,1
33,46
44,31
46,96
