8,712
8,728
8,737
11,724
8,701
8,600
24,618
8,508
8,646
8,654
8,656
8,505
8,719
8,739
8,643
8,669
8,664
8,504
24,686
8,616
8,729
8,677
24,596
8,633
24,734
23,718
8,715
8,723
8,702
24,545
8,685
8,671
8,722
11,571
8,406
8,720
8,512
8,756
8,735
24,727
8,370
8,546
8,364
8,427
8,621
24,564
8,351
8,521
10,632
8,732
24,687
8,659
5,526
8,604
8,731
9,705
4,615
8,601
10,506
8,672
8,714
8,611
8,644
24,708
24,479
8,648
8,559
8,588
8,547
24,710
8,667
8,581
8,469
8,553
8,647
24,636
8,638
8,562
8,688
8,585
24,520
8,262
8,630
8,560
8,613
8,419
8,699
8,476
8,590
8,456
8,529
8,570
8,623
10,662
8,272
8,401
8,524
23,403
4,609
24,321
8,346
8,649
8,645
8,386
8,368
8,661
8,652
9,706
8,461
36,284
8,625
24,550
6,586
24,670
8,634
8,610
8,703
2,543
11,683
22,352
8,721
24,568
24,363
8,208
8,535
35,541
8,379
24,497
6,418
15,528
8,444
22,640
8,695
8,607
8,655
8,591
27,680
8,573
8,673
21,696
18,593
39,400
6,709
8,658
1,657
8,540
8,446
8,393
32,319
27,453
8,660
24,438
8,462
27,507
16,744
13,675
8,287
3,264
8,192
3,484
8,679
27,347
8,460
6,605
8,390
26,382
12,405
8,236
8,454
3,578
3,247
24,488
22,378
14,522
27,407
27,425
27,502
8,330
24,373
27,276
27,483
27,285
8,274
27,435
27,491
8,249
8,415
27,515
27,441
8,514
31,374
27,486
27,327
36,381
27,377
27,487
27,429
27,574
30,542
27,463
27,525
27,450
27,455
8,493
8,220
27,238
27,320
27,243
27,413
8,387
27,316
27,354
27,443
24,492
20,397
8,189
3,412
24,150
37,404
27,248
27,537
8,241
27,385
27,299
27,211
10,408
27,232
27,306
26,430
27,464
27,577
27,494
7,567
8,258
27,384
27,255
27,627
27,235
27,270
27,181
27,177
27,532
27,594
27,608
3,421
8,296
27,383
27,694
27,414
3,503
27,411
27,556
27,442
27,513
27,361
27,642
33,209
27,329
27,348
27,325
27,475
27,227
27,449
27,283
27,436
27,307
27,239
27,162
27,266
27,434
29,212
27,297
27,196
27,184
27,301
27,223
27,345
27,259
27,500
27,197
17,490
27,579
27,554
27,392
27,641
27,576
27,480
27,228
27,290
27,288
27,253
36,372
27,440
27,350
27,225
27,375
27,252
27,278
27,176
27,598
27,575
27,395
19,626
27,472
27,416
27,231
27,206
27,595
27,240
28,628
27,561
27,268
27,582
8,277
27,275
27,154
27,201
27,603
27,185
27,750
27,747
27,755
27,745
27,758
27,653
27,760
27,757
27,753
27,742
27,748
27,752
27,746
27,749
27,751
24,743
27,761
8,523
27,552
8,527
27,467
26,332
27,549
27,451
27,530
27,353
27,366
27,221
27,359
27,256
27,322
27,555
27,254
27,280
27,202
27,485
8,291
27,237
38,355
27,300
27,424
27,340
27,519
27,580
27,459
27,389
27,614
27,282
27,544
36,265
27,433
1,380
27,289
27,589
27,305
27,439
27,651
27,311
27,309
27,637
27,639
27,445
27,224
27,668
27,344
27,597
27,587
27,251
27,207
27,315
27,230
27,631
27,195
27,312
27,295
27,698
8,516
27,388
27,313
27,612
27,399
27,509
27,563
27,367
27,583
27,557
27,409
27,716
27,398
27,394
27,622
27,432
27,437
27,465
27,635
27,458
27,410
34,293
27,468
27,539
8,267
27,334
38,349
27,343
27,362
27,428
36,606
27,338
27,302
27,260
27,242
34,357
27,308
27,342
27,518
27,717
27,331
27,182
27,175
27,279
27,261
27,365
27,689
27,510
27,551
27,423
27,304
24,326
27,318
27,726
27,697
27,269
27,681
27,707
27,317
27,617
27,693
3,692
27,629
27,725
27,730
27,676
27,496
27,323
27,666
27,736
27,691
27,733
27,569
27,682
27,665
27,489
27,538
24,548
8,402
27,599
27,481
36,263
38,452
27,572
27,482
27,584
27,558
27,498
27,213
27,501
27,200
27,391
27,376
27,624
27,704
27,324
27,678
27,273
27,360
3,180
27,470
27,690
27,198
36,333
27,740
27,466
27,471
27,328
27,294
27,188
27,286
27,448
27,203
27,193
27,244
8,592
27,684
27,565
27,663
27,536
27,298
8,137
27,336
27,341
27,166
27,229
27,310
27,271
27,199
27,763
27,764
27,754
27,149
27,191
27,257
8,194
27,499
35,110
8,292
27,426
27,369
27,477
27,602
27,219
27,422
27,478
27,358
27,142
27,711
27,533
27,126
27,431
27,417
27,64
27,112
27,172
27,65
27,114
27,25
27,218
27,81
27,741
27,122
27,23
27,46
27,152
27,566
27,30
27,70
27,123
24,179
27,76
27,100
27,7
27,214
27,128
27,473
27,447
27,335
27,650
27,19
27,51
27,770
27,40
27,98
27,26
27,173
27,132
27,120
27,700
27,738
27,303
27,215
27,155
27,713
27,281
27,141
27,140
27,5
27,79
27,15
27,115
27,337
27,420
27,54
27,127
36,102
27,31
27,69
27,517
27,67
27,216
27,8
27,33
27,74
27,29
27,55
27,14
27,89
27,32
27,84
27,28
27,72
10,1
8,47
27,3
27,41
27,97
27,90
27,6
27,39
27,133
27,82
27,762
27,11
27,27
27,21
27,125
27,765
27,44
27,769
27,43
27,768
27,135
27,183
27,190
27,68
27,161
27,159
27,124
27,92
27,234
27,168
27,246
24,147
27,531
27,134
27,66
27,153
27,106
27,60
27,77
27,20
27,22
27,2
27,10
27,93
27,45
27,109
27,101
27,78
27,131
27,58
27,157
27,144
27,24
27,103
27,35
1,146
27,62
27,48
27,18
27,767
27,13
27,87
27,36
27,17
27,37
27,63
27,83
27,9
27,16
27,42
27,136
27,766
27,339
27,205
27,71
27,396
27,178
27,52
27,222
27,356
27,116
19,107
27,474
27,96
27,511
27,534
27,314
27,204
27,138
27,91
27,151
27,50
39,139
27,148
16,88
27,38
27,111
27,80
27,86
27,210
27,61
27,12
27,117
27,73
27,186
27,75
27,620
27,105
27,165
27,85
27,104
27,187
27,163
27,121
27,95
27,169
27,108
27,56
27,143
19,164
27,113
27,129
24,233
27,226
27,759
27,619
27,94
27,59
27,49
27,119
27,34
27,4
27,160
27,250
27,495
25,158
27,245
27,457
27,171
27,217
10,170
27,57
27,99
8,53
25,674
25,371
8,145
8,118
8,167
8,174
8,156
24,130
