32,667
28,680
10,672
4,649
28,652
32,651
25,634
12,671
19,669
28,660
13,510
25,656
7,631
27,647
30,598
28,594
10,682
15,107
29,515
13,405
20,138
13,474
19,481
5,519
27,507
11,552
27,639
12,646
18,495
12,617
21,553
2,658
28,616
12,527
28,584
32,543
7,535
27,654
26,583
12,558
12,636
15,664
12,608
22,655
13,666
19,653
8,629
12,676
12,599
21,560
1,601
12,358
13,644
13,446
13,678
12,71
27,633
28,588
11,145
12,395
11,234
9,550
32,426
12,485
33,430
11,429
12,374
28,302
32,129
32,308
12,327
12,416
12,82
16,257
12,8
11,52
7,489
31,152
12,143
12,421
22,587
12,612
8,579
13,623
30,565
12,90
21,486
4,600
11,452
12,378
10,534
28,549
7,352
28,195
5,432
32,353
12,454
28,417
10,473
12,546
12,363
11,330
1,216
13,228
12,427
11,491
12,536
28,453
5,410
12,400
24,541
28,334
12,350
21,555
9,595
6,663
12,637
1,650
12,643
12,563
11,657
12,508
15,681
12,662
12,372
26,626
12,404
5,590
12,513
21,465
28,478
12,447
28,246
30,611
11,613
28,554
4,580
12,566
28,529
32,568
12,476
28,597
12,591
11,551
12,521
11,574
15,573
26,562
11,585
9,511
12,537
12,412
28,632
28,592
7,576
7,578
11,610
12,642
12,615
12,487
12,533
12,530
5,497
3,455
9,544
12,556
12,630
12,531
32,456
26,479
8,268
25,517
23,282
13,422
28,444
12,509
19,351
12,218
12,329
28,326
12,420
26,451
9,518
12,461
29,394
28,528
25,437
12,324
12,548
28,213
28,202
9,645
28,624
10,496
12,460
11,226
27,545
12,204
28,356
12,377
32,127
12,270
13,159
12,217
12,73
12,249
12,291
11,449
12,337
11,72
12,40
19,442
12,459
12,64
13,364
12,419
12,101
12,439
7,609
12,577
11,561
11,606
4,684
12,532
13,618
12,538
12,614
12,581
12,525
5,559
12,539
12,540
27,214
12,677
8,635
7,564
12,607
12,596
12,431
12,492
12,665
32,409
28,297
12,406
13,141
12,462
12,340
12,488
12,522
30,418
7,467
30,475
12,307
28,493
13,381
12,296
12,231
12,120
12,285
11,277
11,391
5,56
12,211
13,524
12,122
12,362
28,271
12,498
28,298
12,503
12,247
12,463
13,86
28,441
12,567
12,28
12,283
12,317
12,266
12,506
12,117
12,184
12,433
11,361
12,483
12,336
12,342
12,322
12,345
1,79
12,280
13,241
17,436
12,178
6,259
12,237
12,162
12,132
12,424
28,256
8,411
12,80
26,371
12,97
32,229
32,166
12,390
12,413
32,325
28,526
1,179
8,286
13,457
11,67
13,466
12,490
12,393
11,575
13,369
12,379
32,471
12,176
28,289
12,398
12,253
12,232
12,512
12,621
12,49
12,288
12,240
13,207
28,276
12,320
12,124
12,542
12,458
13,335
28,239
12,469
7,220
12,354
13,105
4,294
12,279
20,375
32,275
13,470
32,435
12,382
12,384
12,401
12,516
12,161
13,263
12,206
12,386
12,316
6,209
28,125
12,258
12,75
12,331
12,370
12,244
8,160
28,198
13,48
12,205
12,248
12,357
12,494
12,200
12,281
12,272
32,168
12,365
12,373
12,151
28,328
12,265
12,119
11,227
12,43
32,60
12,30
4,188
29,110
12,34
12,438
12,287
22,167
12,238
12,434
12,181
27,158
25,41
12,189
23,100
12,299
12,304
13,113
32,389
12,224
12,278
12,501
23,675
11,679
12,619
12,245
12,500
12,480
12,520
32,686
28,640
12,628
12,589
12,502
12,45
12,402
12,104
12,20
13,319
12,53
29,255
12,332
12,355
28,225
12,22
12,292
12,313
12,685
12,368
12,423
12,54
12,84
12,348
12,215
12,586
28,264
12,55
12,338
28,203
12,315
8,482
12,11
12,273
32,174
12,343
32,499
12,66
12,408
12,383
12,468
12,208
12,472
12,146
12,106
12,102
12,314
12,89
12,61
12,221
32,318
12,261
12,210
12,121
11,222
12,144
12,76
12,157
11,149
12,26
12,196
12,59
12,135
8,284
12,260
12,91
13,17
12,194
13,3
12,99
32,235
12,171
12,301
12,445
12,477
12,366
12,47
12,83
12,312
12,115
12,62
12,192
12,183
12,165
12,150
14,37
13,93
13,219
13,13
12,251
28,341
32,236
12,77
12,156
12,155
12,295
12,116
12,359
12,230
12,109
28,163
12,262
12,95
12,128
12,24
12,4
13,223
12,344
12,387
32,137
12,88
12,290
12,118
12,103
12,311
12,51
12,32
12,164
12,68
12,415
12,133
12,175
12,33
12,191
12,254
12,112
12,193
12,243
12,428
12,199
12,269
12,131
12,323
32,440
12,443
12,310
12,58
12,2
12,142
12,514
12,333
12,5
12,339
32,274
12,10
12,360
12,180
12,139
12,16
12,186
12,94
12,108
12,380
12,367
12,153
32,154
32,92
32,190
32,300
12,136
12,35
12,98
12,504
12,267
12,425
12,19
12,185
12,388
32,134
12,250
12,85
12,252
13,15
12,25
12,27
13,14
12,233
12,197
12,38
32,57
12,396
12,126
12,182
12,170
12,39
12,148
12,303
12,78
32,87
32,114
32,130
32,50
12,31
12,44
12,81
12,392
12,638
12,407
12,173
12,399
12,111
12,7
12,172
12,12
12,187
13,397
32,212
12,9
32,23
12,177
12,46
32,346
12,21
32,42
13,147
12,123
12,18
12,293
12,74
12,29
12,140
12,604
12,376
12,622
23,347
12,670
13,523
32,464
12,661
12,321
12,602
12,582
12,96
12,36
32,683
12,69
12,625
12,570
12,448
12,659
12,648
12,414
12,63
12,620
12,385
32,603
12,572
32,593
12,309
12,505
12,484
12,668
12,674
12,547
32,169
12,571
32,242
12,557
12,70
32,641
32,403
13,627
12,349
12,1
12,569
13,201
12,6
12,305
12,673
32,450
12,605
13,306
13,65
