100,753
99,746
107,76
61,762
75,775
103,512
84,668
124,486
73,706
98,696
152,758
144,699
24,780
71,260
24,711
81,691
37,499
71,796
118,45
124,130
24,206
59,89
53,669
178,632
144,735
86,703
131,724
137,790
61,756
141,782
36,754
64,169
5,777
24,716
126,759
167,761
57,123
6,755
73,774
58,663
95,661
102,788
122,583
79,511
134,739
51,694
35,577
63,690
174,606
22,752
62,767
92,747
183,685
59,383
144,766
49,63
72,713
8,468
73,127
119,679
106,741
35,750
134,672
47,619
136,727
183,742
55,693
43,722
124,717
180,714
108,528
40,504
150,608
51,660
54,510
134,605
137,698
38,728
93,634
104,635
147,526
1,574
104,502
23,417
122,372
170,537
176,473
104,432
134,544
44,282
89,589
89,337
43,557
119,224
119,710
37,721
58,626
125,385
128,529
152,405
117,395
111,426
159,617
73,595
136,671
27,552
115,515
144,666
21,667
182,551
20,615
119,603
84,683
80,522
24,569
53,680
183,505
43,627
61,516
45,723
112,686
156,466
134,719
14,725
154,689
106,637
134,564
110,568
85,286
134,306
72,464
72,453
175,436
143,313
72,28
98,329
92,77
96,218
152,268
154,494
152,440
152,514
161,449
108,769
87,378
90,65
88,783
153,598
23,700
84,625
150,720
148,654
114,662
106,452
127,597
52,256
95,438
113,105
34,240
184,673
51,590
160,612
101,638
117,533
17,622
182,565
118,563
161,664
134,506
10,670
89,692
92,675
148,348
141,541
117,381
156,459
42,584
109,618
71,548
24,546
177,650
4,384
119,408
95,358
87,312
46,779
25,27
173,642
117,718
91,441
121,740
143,592
162,300
160,518
125,227
143,211
123,628
143,213
2,99
32,443
124,639
6,677
4,35
182,155
160,392
134,195
160,98
161,174
31,30
70,462
130,237
152,393
128,422
124,226
117,542
48,298
25,376
137,294
148,305
74,580
171,198
78,331
78,336
135,134
123,192
142,315
130,196
171,682
114,540
144,591
76,148
101,391
75,271
166,547
172,567
24,653
141,704
119,418
116,280
136,630
165,415
86,463
8,687
79,594
152,357
124,360
177,434
159,550
46,629
41,536
24,490
92,368
77,140
98,520
56,125
136,302
90,458
182,11
103,100
134,517
61,141
24,343
73,480
78,308
84,325
107,461
41,245
137,623
174,531
38,364
153,497
110,521
36,534
121,684
71,460
7,601
82,620
33,543
144,715
153,139
159,420
135,212
69,142
73,610
70,651
137,586
14,151
105,425
60,423
24,508
179,73
124,401
113,347
139,539
123,498
104,399
119,561
139,538
165,640
129,621
160,487
154,475
91,649
91,562
139,575
137,571
158,611
152,316
96,648
41,633
182,712
132,442
137,613
90,407
143,350
155,409
123,554
44,410
29,489
10,122
26,176
11,448
147,607
104,501
152,695
50,614
182,532
148,446
137,560
165,301
143,194
144,205
64,207
51,162
160,582
143,335
135,168
21,143
104,208
8,369
165,103
120,588
152,573
158,397
182,281
177,555
150,248
136,307
69,344
156,108
19,25
18,332
44,279
18,362
19,230
119,55
153,12
132,363
148,530
154,323
41,81
144,373
145,513
152,545
115,328
100,527
83,173
154,375
159,152
164,394
39,219
134,359
147,604
81,479
148,341
139,587
114,299
136,330
31,241
115,234
136,370
94,471
134,600
132,503
135,412
3,636
14,467
14,658
14,674
16,193
153,470
125,36
140,8
148,201
135,20
115,246
159,214
78,69
151,435
12,292
150,437
59,295
7,225
41,197
135,317
15,238
156,356
132,112
156,94
156,297
116,60
162,95
182,183
87,342
153,43
15,85
134,191
153,274
62,215
152,189
185,164
140,175
150,101
182,19
150,167
135,411
25,239
14,760
182,652
41,86
8,396
135,365
19,380
154,107
124,229
137,153
123,377
136,158
109,456
137,293
129,483
155,137
128,172
9,252
25,52
157,190
172,304
156,303
137,257
17,314
76,146
136,171
137,92
25,91
68,382
113,79
9,414
152,185
138,145
152,147
152,265
141,113
153,150
137,7
16,129
137,242
162,26
134,138
182,309
163,477
164,157
183,184
135,41
3,10
155,136
7,254
97,2
33,126
149,154
152,61
67,266
14,3
113,144
182,71
14,128
134,272
155,439
28,178
156,121
154,102
14,643
14,339
25,324
137,83
102,80
11,88
152,296
151,288
134,259
182,6
157,42
134,495
162,232
134,163
137,1
136,366
7,4
150,261
30,29
134,119
134,519
134,289
148,419
137,51
137,48
137,402
152,22
129,54
60,40
154,97
152,333
137,32
46,578
24,602
14,131
134,135
148,57
134,132
135,18
146,14
152,179
157,275
136,349
152,283
25,455
154,481
134,285
155,210
150,59
153,104
136,9
142,263
152,39
135,284
148,220
133,5
153,233
133,264
14,223
154,222
137,398
137,576
14,451
156,231
159,253
81,374
135,16
13,556
8,277
157,367
155,244
155,44
136,114
137,353
136,318
25,90
153,120
137,186
137,523
14,249
155,118
183,68
159,93
134,64
155,404
76,267
134,250
65,310
14,361
143,430
14,177
160,72
134,371
133,78
25,270
150,273
165,31
159,47
135,62
136,17
153,96
129,161
182,74
153,334
137,46
14,156
136,116
136,23
14,75
164,56
152,216
66,326
137,255
149,67
134,37
134,478
157,278
134,159
9,209
150,379
155,200
136,509
155,319
157,235
137,447
182,221
137,228
133,188
134,702
152,49
155,269
136,133
152,87
14,428
136,688
135,581
137,596
130,389
154,655
153,553
182,599
134,549
155,641
134,570
134,124
162,646
137,579
136,388
126,676
155,624
14,678
131,705
104,287
182,482
181,387
14,525
183,491
155,492
155,485
133,558
150,400
168,406
153,416
136,390
14,465
25,665
25,450
162,165
23,322
134,496
134,320
136,170
134,354
136,352
16,431
137,58
137,243
134,340
134,559
136,444
137,609
134,457
136,403
162,507
136,276
14,476
126,38
14,202
134,351
137,355
182,433
153,111
137,109
152,338
134,50
137,182
153,203
14,33
137,386
134,474
134,795
136,701
134,781
134,262
157,792
134,794
23,793
134,770
134,290
136,115
24,524
173,34
134,13
153,21
14,15
134,708
182,797
24,737
24,736
135,180
134,786
155,773
134,745
134,771
152,734
134,709
134,731
131,772
137,251
136,743
135,236
134,748
137,749
134,798
137,787
182,445
134,187
134,217
182,732
182,493
24,566
25,657
182,656
24,454
134,427
24,585
24,535
182,659
134,697
129,149
134,84
134,789
24,321
26,744
24,488
134,106
134,199
25,82
25,751
134,429
182,616
134,785
134,593
134,778
134,469
134,765
182,484
134,738
134,204
169,311
134,733
134,726
183,327
182,729
182,345
134,258
134,730
182,707
136,631
24,768
24,500
24,644
24,791
134,110
134,681
183,166
134,764
182,424
131,757
134,413
24,647
134,784
136,472
183,763
182,776
24,572
25,66
134,53
23,117
134,645
182,70
24,247
24,346
24,181
24,24
134,291
24,421
25,160
