145,667
124,680
34,672
7,649
123,652
150,651
111,634
58,671
94,669
127,660
79,510
109,656
19,631
120,647
137,598
121,594
35,682
87,107
136,515
84,405
98,138
84,474
95,481
9,519
119,507
38,552
119,639
58,646
93,495
73,617
100,553
4,658
125,616
73,527
134,584
146,543
18,535
116,654
114,583
58,558
50,636
90,664
71,608
102,655
84,666
96,653
21,629
64,676
56,599
100,560
1,601
58,358
84,644
82,446
85,678
58,71
116,633
124,588
38,145
71,395
42,234
32,550
146,426
58,485
152,430
46,429
57,374
125,302
146,129
148,308
58,327
58,416
58,82
91,257
54,8
40,52
16,489
141,152
58,143
60,421
102,587
58,612
21,579
82,623
140,565
58,90
101,486
8,600
42,452
58,378
35,534
130,549
18,352
122,195
11,432
146,353
60,454
134,417
34,473
50,546
58,363
48,330
3,216
84,228
55,427
47,491
58,536
129,453
10,410
73,400
108,541
125,334
76,350
101,555
32,595
12,663
58,637
2,650
70,643
58,563
40,657
58,508
88,681
62,662
54,372
115,626
58,404
9,590
58,513
101,465
125,478
60,447
125,246
139,611
39,613
134,554
6,580
58,566
128,529
146,568
58,476
126,597
58,591
40,551
58,521
47,574
89,573
113,562
41,585
31,511
68,537
58,412
132,632
132,592
17,576
15,578
41,610
52,642
58,615
54,487
54,533
59,530
10,497
5,455
29,544
57,556
74,630
67,531
146,456
114,479
26,268
110,517
105,282
79,422
125,444
57,509
97,351
58,218
57,329
127,326
52,420
115,451
30,518
58,461
136,394
121,528
109,437
73,324
50,548
130,213
125,202
33,645
125,624
35,496
58,460
38,226
118,545
63,204
125,356
65,377
144,127
58,270
81,159
58,217
64,73
54,249
61,291
45,449
54,337
40,72
58,40
94,442
58,459
58,64
82,364
58,419
58,101
58,439
18,609
55,577
43,561
40,606
7,684
75,532
84,618
58,538
71,614
58,581
60,525
10,559
58,539
57,540
118,214
58,677
27,635
20,564
58,607
53,596
55,431
61,492
58,665
147,409
125,297
54,406
84,141
58,462
58,340
65,488
58,522
139,418
19,467
138,475
57,307
125,493
84,381
60,296
58,231
54,120
58,285
36,277
40,391
10,56
54,211
83,524
69,122
58,362
135,271
58,498
125,298
58,503
58,247
66,463
79,86
127,441
55,567
62,28
58,283
75,317
55,266
58,506
66,117
58,184
58,433
37,361
58,483
57,336
72,342
61,322
57,345
2,79
58,280
82,241
92,436
55,178
13,259
58,237
58,162
58,132
51,424
131,256
28,411
58,80
113,371
77,97
142,229
151,166
58,390
58,413
146,325
124,526
1,179
22,286
82,457
49,67
81,466
54,490
58,393
44,575
84,369
62,379
146,471
58,176
125,289
58,398
57,253
58,232
58,512
68,621
58,49
58,288
54,240
84,207
123,276
58,320
55,124
58,542
58,458
81,335
123,239
58,469
20,220
58,354
80,105
7,294
58,279
99,375
146,275
82,470
145,435
58,382
58,384
58,401
58,516
55,161
84,263
58,206
65,386
58,316
14,209
127,125
58,258
58,75
58,331
58,370
67,244
25,160
133,198
82,48
57,205
54,248
60,357
58,494
67,200
58,281
55,272
146,168
58,365
58,373
57,151
133,328
58,265
54,119
46,227
54,43
146,60
54,30
6,188
136,110
78,34
57,438
58,287
103,167
57,238
58,434
58,181
117,158
112,41
57,189
104,100
58,299
54,304
84,113
149,389
58,224
58,278
58,501
106,675
46,679
58,619
58,245
60,500
58,480
57,520
146,686
125,640
58,628
58,589
58,502
58,45
58,402
58,104
58,20
82,319
60,53
136,255
58,332
58,355
125,225
58,22
58,292
58,313
58,685
58,368
53,423
54,54
58,84
58,348
72,215
58,586
125,264
58,55
58,338
124,203
58,315
24,482
58,11
58,273
146,174
58,343
143,499
58,66
58,408
58,383
58,468
58,208
58,472
57,146
55,106
58,102
58,314
58,89
58,61
58,221
146,318
58,261
57,210
58,121
46,222
55,144
54,76
57,157
45,149
58,26
58,196
58,59
58,135
23,284
58,260
58,91
84,17
58,194
81,3
58,99
146,235
58,171
58,301
58,445
58,477
58,366
57,47
58,83
58,312
58,115
65,62
58,192
58,183
58,165
58,150
86,37
84,93
84,219
84,13
58,251
134,341
146,236
58,77
58,156
58,155
58,295
58,116
58,359
57,230
58,109
126,163
58,262
54,95
58,128
58,24
58,4
84,223
58,344
58,387
146,137
58,88
58,290
57,118
58,103
58,311
58,51
58,32
58,164
58,68
58,415
58,133
58,175
58,33
58,191
58,254
58,112
58,193
58,243
55,428
58,199
58,269
58,131
58,323
146,440
58,443
58,310
58,58
58,2
58,142
58,514
58,333
58,5
58,339
147,274
58,10
58,360
58,180
58,139
58,16
58,186
58,94
58,108
58,380
58,367
58,153
144,154
146,92
146,190
146,300
58,136
58,35
57,98
58,504
58,267
58,425
58,19
58,185
58,388
146,134
58,250
58,85
58,252
82,15
58,25
58,27
84,14
58,233
58,197
58,38
146,57
58,396
58,126
58,182
58,170
58,39
58,148
58,303
58,78
146,87
146,114
146,130
151,50
58,31
58,44
58,81
58,392
58,638
58,407
58,173
58,399
58,111
58,7
58,172
58,12
58,187
84,397
146,212
56,9
146,23
58,177
58,46
146,346
58,21
145,42
84,147
58,123
58,18
58,293
58,74
58,29
58,140
58,604
58,376
58,622
107,347
58,670
84,523
149,464
58,661
58,321
58,602
58,582
58,96
58,36
146,683
58,69
58,625
58,570
58,448
58,659
58,648
58,414
58,63
58,620
58,385
146,603
58,572
146,593
58,309
58,505
58,484
58,668
58,674
58,547
146,169
58,571
146,242
58,557
58,70
142,641
146,403
84,627
58,349
58,1
58,569
84,201
58,6
58,305
58,673
146,450
58,605
82,306
84,65
