53,135
33,167
3,130
15,219
12,278
83,276
53,223
122,192
41,162
32,325
125,201
119,287
95,343
60,265
40,299
22,319
6,235
23,382
34,341
24,141
13,123
23,182
14,381
6,304
21,395
48,418
13,378
34,448
30,222
6,298
14,349
53,449
118,396
37,87
89,406
96,76
118,455
22,405
12,364
14,397
24,311
60,458
23,463
62,473
118,467
48,13
62,36
23,215
118,153
13,344
118,432
83,438
26,371
83,322
6,279
41,216
118,194
47,307
62,294
122,121
121,208
19,470
89,421
44,474
41,54
118,6
48,52
62,303
12,138
67,224
118,380
118,433
48,63
44,110
118,331
112,379
67,315
44,35
121,353
13,246
67,321
118,360
62,317
67,392
62,146
118,372
111,269
23,180
121,460
60,387
26,206
67,189
13,273
40,383
62,231
62,357
121,242
35,476
67,258
36,237
118,184
118,106
121,103
62,115
36,114
121,156
67,295
62,89
118,462
89,339
118,61
11,176
118,79
121,97
121,197
23,165
24,318
42,227
47,290
42,270
78,388
12,301
108,400
118,284
36,232
60,267
118,347
19,257
67,183
106,332
11,209
11,255
24,291
47,217
106,327
62,384
62,158
83,456
47,239
60,316
108,359
68,305
6,8
68,342
60,60
84,401
118,336
60,323
68,187
60,233
60,252
47,157
96,101
60,124
60,296
121,171
118,72
121,49
12,179
126,127
61,109
106,57
9,113
68,37
121,166
118,147
106,86
118,45
47,111
60,82
118,186
118,102
11,33
68,168
60,71
121,51
36,320
48,66
118,75
86,172
47,408
108,12
121,454
121,361
67,466
118,338
118,414
22,160
70,459
16,354
13,461
106,434
68,11
78,425
41,377
60,398
121,435
19,285
11,328
60,90
106,196
60,281
60,253
36,211
60,203
72,272
62,329
78,247
121,429
60,345
60,245
35,236
62,370
62,373
96,148
78,261
121,251
36,250
106,404
44,170
60,243
102,326
106,140
81,205
15,260
24,221
121,126
62,154
67,155
41,14
73,293
121,375
118,202
35,42
106,297
60,367
121,175
47,362
121,145
12,210
36,150
75,151
60,200
35,161
60,83
87,96
60,207
47,213
35,137
60,214
60,330
118,104
60,108
47,59
121,313
11,85
121,47
121,95
68,136
60,228
60,68
68,44
14,300
36,366
106,363
49,457
121,465
11,444
86,346
121,259
43,283
60,144
69,142
36,174
54,314
106,193
42,149
106,164
78,262
53,356
60,185
36,81
68,92
121,107
60,229
42,129
106,70
11,84
11,352
121,77
121,99
35,351
60,306
78,58
121,139
118,248
60,119
102,152
106,238
62,181
121,374
47,254
83,302
109,134
122,310
66,169
78,451
35,427
29,73
47,67
97,26
16,46
62,178
68,391
89,266
121,440
84,424
121,422
106,348
118,416
87,7
90,478
118,32
35,280
106,1
60,376
121,275
60,439
60,389
62,446
89,407
121,472
18,218
11,204
11,241
120,264
35,274
115,105
121,100
27,177
107,282
122,125
106,368
91,442
60,34
59,369
121,420
52,355
113,244
27,98
66,234
67,249
87,337
127,324
35,308
68,402
76,212
11,292
121,413
88,65
117,56
60,195
65,230
101,9
11,415
63,94
60,394
36,15
38,277
60,286
90,118
85,120
60,436
47,417
60,64
54,78
128,74
103,220
89,426
81,477
110,271
106,410
74,365
121,334
7,335
33,412
71,288
121,112
57,132
20,464
48,256
84,431
1,358
40,173
105,268
114,131
97,447
60,468
17,199
121,289
120,471
35,445
28,163
60,430
99,27
111,21
55,80
119,423
31,93
11,191
15,50
11,69
39,240
115,122
41,39
53,159
42,5
104,31
8,40
38,23
79,263
51,4
13,225
50,411
129,312
45,469
46,190
24,399
60,333
10,437
11,62
91,128
82,198
123,390
60,25
42,30
18,24
92,17
54,55
50,143
2,450
36,385
4,419
58,41
9,20
56,428
11,133
103,117
113,226
6,453
46,91
5,53
25,43
119,48
100,22
121,18
64,88
98,116
126,16
71,38
124,188
121,309
93,403
11,29
58,340
116,350
94,441
11,393
16,3
79,452
9,443
55,19
93,28
80,386
31,2
77,409
43,475
53,10
