10,89
12,112
13,33
3,49
14,80
1,113
18,41
1,120
3,65
18,81
21,168
1,67
11,76
4,29
15,189
1,104
20,122
5,75
15,23
15,87
20,121
15,96
15,82
1,28
15,140
15,92
15,117
15,272
15,50
20,102
15,148
20,107
15,68
15,162
15,85
20,56
20,98
5,97
1,60
15,146
15,161
15,22
14,235
17,84
15,20
15,95
15,201
20,42
15,79
15,101
20,70
17,69
20,105
20,58
15,78
15,200
15,55
15,115
15,40
15,88
15,209
15,57
15,114
20,34
15,156
15,77
15,47
15,27
15,91
15,93
15,190
3,63
11,45
14,240
15,138
15,66
15,171
15,26
15,46
15,61
15,31
15,90
20,35
15,15
15,59
11,25
15,232
15,271
15,62
15,19
15,71
15,268
15,244
12,247
15,175
15,264
15,133
15,109
1,43
20,127
15,248
15,249
20,254
15,198
15,221
14,218
15,181
20,158
14,233
14,74
20,5
15,106
15,110
15,126
15,267
1,257
15,3
12,94
12,170
15,119
15,183
15,216
20,178
20,202
20,179
14,172
14,2
3,212
20,224
20,118
20,180
17,13
14,73
20,86
8,261
20,30
20,225
15,160
20,154
15,103
8,228
3,37
20,217
20,124
5,153
15,111
20,182
15,83
20,108
3,166
20,32
20,197
20,184
20,164
8,125
15,53
20,36
14,208
17,152
20,236
15,177
15,203
18,219
20,130
8,129
20,187
20,196
15,48
17,173
12,193
15,100
12,17
20,137
8,252
14,147
20,139
20,195
12,151
12,64
12,207
14,188
20,222
12,215
20,234
20,205
5,143
20,211
20,21
15,51
15,54
5,157
3,131
20,255
17,256
20,223
20,134
20,144
14,231
20,199
15,176
15,220
12,270
20,149
17,185
20,210
2,136
20,260
20,167
15,259
20,123
20,262
12,194
5,52
17,214
20,241
12,132
20,204
14,237
20,44
20,169
14,229
20,159
20,10
12,163
20,7
1,239
19,243
20,269
17,266
7,227
20,186
15,145
14,238
20,213
15,191
20,245
17,18
5,38
18,258
15,250
17,230
7,242
18,251
15,246
5,141
7,135
15,165
14,174
14,253
7,265
7,155
20,273
8,1
14,150
20,142
20,192
13,72
6,4
20,9
20,128
11,263
20,206
2,14
14,24
8,226
19,12
16,99
15,116
18,39
20,16
15,8
15,6
9,11
