72,374
92,735
92,664
37,665
42,710
37,704
24,660
92,326
19,699
70,672
17,650
29,602
36,356
113,540
46,667
37,599
72,617
46,638
56,716
83,695
75,655
74,693
24,555
74,627
74,697
16,696
49,621
34,588
72,604
75,589
15,132
3,570
37,259
45,289
58,401
17,571
21,56
57,622
86,568
74,493
72,728
63,647
39,709
48,734
17,670
16,629
73,714
47,715
95,700
52,686
74,720
40,712
78,579
82,536
71,631
16,541
90,293
17,637
37,733
17,731
22,633
87,657
92,603
37,616
17,576
110,479
64,572
58,598
109,452
29,587
78,724
59,623
75,727
17,708
74,711
110,674
85,651
110,600
83,713
53,565
90,702
38,701
92,634
92,684
48,654
72,669
85,630
56,680
56,543
72,510
56,492
74,594
74,561
78,721
49,546
16,641
84,258
78,535
113,460
35,688
74,642
43,692
16,433
74,517
8,521
74,440
66,485
91,482
16,624
64,325
20,564
72,529
59,620
43,530
75,575
72,26
83,671
58,658
14,321
16,656
71,628
99,524
74,538
13,478
74,126
16,380
22,198
23,218
19,367
83,430
84,416
16,409
96,539
88,498
65,652
72,368
71,515
34,648
51,501
34,406
9,109
39,509
48,673
47,668
16,593
22,698
5,690
23,542
40,608
77,488
103,646
64,581
17,606
94,679
110,722
62,247
23,96
79,360
81,534
17,338
35,580
72,643
101,619
69,551
62,459
20,601
60,613
72,442
46,516
13,456
100,46
62,591
42,188
86,508
74,649
79,103
72,424
18,322
92,553
89,566
4,635
8,585
24,502
16,717
72,597
46,489
30,659
16,514
31,560
86,499
6,567
37,497
51,388
52,494
55,145
24,398
12,473
16,435
68,413
22,486
75,454
94,531
24,662
96,389
25,339
70,528
44,470
64,120
56,309
88,429
72,436
112,420
95,396
86,350
4,507
71,372
46,294
16,184
22,242
110,385
74,300
1,487
55,618
23,523
14,316
23,370
22,466
76,450
74,65
17,395
61,519
114,513
72,36
10,58
95,45
72,563
22,160
17,677
22,644
61,544
24,490
16,547
92,341
72,353
17,462
92,60
16,74
74,245
74,153
85,586
24,506
75,449
64,314
84,477
78,238
53,329
72,511
16,392
16,549
86,432
37,362
74,504
72,292
93,505
6,394
1,277
92,354
17,554
105,230
9,471
9,422
72,483
112,268
22,343
79,11
40,330
17,9
64,423
22,129
2,481
55,178
102,290
72,225
98,439
103,119
72,31
27,166
51,111
16,170
14,324
72,550
17,315
16,124
16,375
7,303
95,61
21,146
51,384
92,319
16,200
107,219
110,279
22,311
54,467
115,469
74,444
55,453
71,127
16,334
63,455
22,274
96,227
10,239
17,474
13,237
17,37
67,297
27,148
22,226
72,157
16,224
16,128
72,520
13,661
16,345
16,7
71,23
57,203
17,251
17,241
72,196
71,183
74,234
22,426
64,313
72,271
72,141
16,270
16,182
74,105
17,191
25,265
17,295
72,215
23,181
62,147
86,197
11,348
110,573
16,552
92,605
92,415
17,537
17,443
86,512
16,386
54,557
110,412
28,390
16,522
72,187
17,363
31,189
64,558
64,12
56,70
16,451
16,427
74,441
17,491
61,468
16,205
74,342
16,556
22,318
63,287
72,359
74,28
52,138
16,403
62,140
72,100
72,161
22,13
16,6
30,4
41,33
16,16
16,192
30,59
103,64
17,261
92,82
17,52
17,276
16,149
76,142
16,43
110,387
72,102
16,114
94,173
34,5
74,266
74,222
16,280
50,32
74,465
16,582
110,437
94,425
30,336
16,233
92,211
30,361
16,286
110,495
72,636
80,382
16,400
74,607
17,480
19,484
16,323
72,337
10,185
33,331
104,272
16,344
16,383
64,162
17,17
16,136
110,244
16,418
16,615
72,463
110,283
14,545
16,496
26,86
16,291
30,236
22,41
64,320
64,90
97,168
71,257
17,377
17,1
32,112
16,29
22,263
16,116
22,177
16,47
68,475
74,121
16,327
16,216
93,55
17,448
72,308
74,332
72,137
17,206
22,10
26,592
22,457
16,199
17,317
75,107
16,164
22,369
71,249
74,404
17,106
16,248
16,306
72,378
18,373
16,737
17,685
72,405
16,125
16,458
17,421
16,626
16,22
17,262
26,408
16,93
16,340
16,123
72,476
72,518
16,333
16,75
16,92
75,175
16,683
16,229
94,25
17,104
17,40
17,24
16,718
16,51
16,101
16,464
17,569
30,666
17,610
16,574
16,639
16,675
16,625
74,632
17,221
23,73
16,730
30,726
17,676
16,115
112,682
111,691
110,472
16,736
16,596
16,583
16,577
103,500
110,611
16,612
16,252
16,201
30,30
16,21
16,19
16,89
16,91
16,209
16,366
17,88
72,281
16,223
17,195
110,307
17,118
13,68
16,35
30,328
16,38
17,379
16,50
27,194
30,256
31,80
110,288
16,139
16,298
110,193
17,304
16,357
16,85
16,44
16,143
16,27
74,95
16,407
16,278
16,445
30,584
74,364
16,365
16,253
75,67
110,446
16,152
16,208
16,110
72,335
75,431
64,376
16,310
17,42
16,346
16,172
16,165
113,381
16,156
68,240
16,231
16,371
109,135
75,72
16,113
16,167
16,217
16,18
16,15
16,186
16,169
16,144
30,48
16,34
72,207
16,2
111,84
74,267
75,246
75,393
16,243
108,299
72,414
16,8
16,83
17,3
16,351
16,63
16,179
16,352
16,57
16,81
74,108
74,202
16,503
16,411
16,402
16,154
16,264
74,461
16,204
16,133
16,312
72,447
16,49
16,296
74,213
112,235
16,122
16,284
16,355
17,174
106,190
16,347
16,39
16,260
16,214
16,62
16,210
16,134
112,87
16,77
16,250
16,79
16,130
16,20
16,117
16,97
23,254
16,131
114,180
16,159
16,419
74,54
16,94
16,98
16,53
16,255
16,71
16,158
16,176
16,275
74,397
75,228
17,150
110,723
16,548
16,76
112,527
75,706
74,438
16,562
74,732
16,66
110,78
16,725
110,578
16,703
75,410
16,434
16,707
110,694
16,349
16,705
16,533
16,719
16,417
16,689
16,220
16,399
110,729
16,559
110,155
110,678
110,302
16,687
16,358
16,609
16,526
16,273
16,681
16,653
16,525
16,212
16,640
74,595
110,69
16,590
16,99
16,14
110,663
16,232
110,305
75,614
16,301
16,151
110,391
75,285
16,532
110,428
16,645
16,269
16,163
75,171
74,282
