4,712
4,728
4,737
5,724
4,701
4,600
17,618
4,508
4,646
4,654
4,656
4,505
4,719
4,739
4,643
4,669
4,664
4,504
17,686
4,616
4,729
4,677
17,596
4,633
17,734
16,718
4,715
4,723
4,702
17,545
4,685
4,671
4,722
5,571
4,406
4,720
4,512
4,756
4,735
17,727
4,370
4,546
4,364
4,427
4,621
17,564
4,351
4,521
5,632
4,732
17,687
4,659
2,526
4,604
4,731
4,705
2,615
4,601
5,506
4,672
4,714
4,611
4,644
17,708
17,479
4,648
4,559
4,588
4,547
17,710
4,667
4,581
4,469
4,553
4,647
17,636
4,638
4,562
4,688
4,585
17,520
4,262
4,630
4,560
4,613
4,419
4,699
4,476
4,590
4,456
4,529
4,570
4,623
5,662
4,272
4,401
4,524
16,403
2,609
17,321
4,346
4,649
4,645
4,386
4,368
4,661
4,652
4,706
4,461
27,284
4,625
17,550
3,586
17,670
4,634
4,610
4,703
1,543
5,683
15,352
4,721
17,568
17,363
4,208
4,535
26,541
4,379
17,497
3,418
9,528
4,444
15,640
4,695
4,607
4,655
4,591
19,680
4,573
4,673
14,696
12,593
28,400
3,709
4,658
1,657
4,540
4,446
4,393
23,319
19,453
4,660
17,438
4,462
19,507
10,744
7,675
4,287
2,264
4,192
2,484
4,679
19,347
4,460
3,605
4,390
19,382
6,405
4,236
4,454
2,578
2,247
17,488
15,378
8,522
19,407
19,425
19,502
4,330
17,373
19,276
19,483
19,285
4,274
19,435
19,491
4,249
4,415
19,515
19,441
4,514
23,374
19,486
19,327
27,381
19,377
19,487
19,429
19,574
22,542
19,463
19,525
19,450
19,455
4,493
4,220
19,238
19,320
19,243
19,413
4,387
19,316
19,354
19,443
17,492
13,397
4,189
2,412
17,150
27,404
19,248
19,537
4,241
19,385
19,299
19,211
5,408
19,232
19,306
19,430
19,464
19,577
19,494
3,567
4,258
19,384
19,255
19,627
19,235
19,270
19,181
19,177
19,532
19,594
19,608
2,421
4,296
19,383
19,694
19,414
2,503
19,411
19,556
19,442
19,513
19,361
19,642
24,209
19,329
19,348
19,325
19,475
19,227
19,449
19,283
19,436
19,307
19,239
19,162
19,266
19,434
21,212
19,297
19,196
19,184
19,301
19,223
19,345
19,259
19,500
19,197
11,490
19,579
19,554
19,392
19,641
19,576
19,480
19,228
19,290
19,288
19,253
27,372
19,440
19,350
19,225
19,375
19,252
19,278
19,176
19,598
19,575
19,395
13,626
19,472
19,416
19,231
19,206
19,595
19,240
20,628
19,561
19,268
19,582
4,277
19,275
19,154
19,201
19,603
19,185
19,750
19,747
19,755
19,745
19,758
19,653
19,760
19,757
19,753
19,742
19,748
19,752
19,746
19,749
19,751
17,743
19,761
4,523
19,552
4,527
19,467
19,332
19,549
19,451
19,530
19,353
19,366
19,221
19,359
19,256
19,322
19,555
19,254
19,280
19,202
19,485
4,291
19,237
28,355
19,300
19,424
19,340
19,519
19,580
19,459
19,389
19,614
19,282
19,544
27,265
19,433
1,380
19,289
19,589
19,305
19,439
19,651
19,311
19,309
19,637
19,639
19,445
19,224
19,668
19,344
19,597
19,587
19,251
19,207
19,315
19,230
19,631
19,195
19,312
19,295
19,698
4,516
19,388
19,313
19,612
19,399
19,509
19,563
19,367
19,583
19,557
19,409
19,716
19,398
19,394
19,622
19,432
19,437
19,465
19,635
19,458
19,410
25,293
19,468
19,539
4,267
19,334
28,349
19,343
19,362
19,428
27,606
19,338
19,302
19,260
19,242
25,357
19,308
19,342
19,518
19,717
19,331
19,182
19,175
19,279
19,261
19,365
19,689
19,510
19,551
19,423
19,304
17,326
19,318
19,726
19,697
19,269
19,681
19,707
19,317
19,617
19,693
2,692
19,629
19,725
19,730
19,676
19,496
19,323
19,666
19,736
19,691
19,733
19,569
19,682
19,665
19,489
19,538
17,548
4,402
19,599
19,481
27,263
28,452
19,572
19,482
19,584
19,558
19,498
19,213
19,501
19,200
19,391
19,376
19,624
19,704
19,324
19,678
19,273
19,360
2,180
19,470
19,690
19,198
27,333
19,740
19,466
19,471
19,328
19,294
19,188
19,286
19,448
19,203
19,193
19,244
4,592
19,684
19,565
19,663
19,536
19,298
4,137
19,336
19,341
19,166
19,229
19,310
19,271
19,199
19,763
19,764
19,754
19,149
19,191
19,257
4,194
19,499
26,110
4,292
19,426
19,369
19,477
19,602
19,219
19,422
19,478
19,358
19,142
19,711
19,533
19,126
19,431
19,417
19,64
19,112
19,172
19,65
19,114
19,25
19,218
19,81
19,741
19,122
19,23
19,46
19,152
19,566
19,30
19,70
19,123
17,179
19,76
19,100
19,7
19,214
19,128
19,473
19,447
19,335
19,650
19,19
19,51
19,770
19,40
19,98
19,26
19,173
19,132
19,120
19,700
19,738
19,303
19,215
19,155
19,713
19,281
19,141
19,140
19,5
19,79
19,15
19,115
19,337
19,420
19,54
19,127
27,102
19,31
19,69
19,517
19,67
19,216
19,8
19,33
19,74
19,29
19,55
19,14
19,89
19,32
19,84
19,28
19,72
5,1
4,47
19,3
19,41
19,97
19,90
19,6
19,39
19,133
19,82
19,762
19,11
19,27
19,21
19,125
19,765
19,44
19,769
19,43
19,768
19,135
19,183
19,190
19,68
19,161
19,159
19,124
19,92
19,234
19,168
19,246
17,147
19,531
19,134
19,66
19,153
19,106
19,60
19,77
19,20
19,22
19,2
19,10
19,93
19,45
19,109
19,101
19,78
19,131
19,58
19,157
19,144
19,24
19,103
19,35
1,146
19,62
19,48
19,18
19,767
19,13
19,87
19,36
19,17
19,37
19,63
19,83
19,9
19,16
19,42
19,136
19,766
19,339
19,205
19,71
19,396
19,178
19,52
19,222
19,356
19,116
13,107
19,474
19,96
19,511
19,534
19,314
19,204
19,138
19,91
19,151
19,50
28,139
19,148
10,88
19,38
19,111
19,80
19,86
19,210
19,61
19,12
19,117
19,73
19,186
19,75
19,620
19,105
19,165
19,85
19,104
19,187
19,163
19,121
19,95
19,169
19,108
19,56
19,143
13,164
19,113
19,129
17,233
19,226
19,759
19,619
19,94
19,59
19,49
19,119
19,34
19,4
19,160
19,250
19,495
18,158
19,245
19,457
19,171
19,217
5,170
19,57
19,99
4,53
18,674
18,371
4,145
4,118
4,167
4,174
4,156
17,130
