85,753
84,746
89,76
50,762
62,775
87,512
71,668
103,486
61,706
83,696
122,758
117,699
17,780
59,260
17,711
68,691
30,499
59,796
98,45
103,130
17,206
49,89
43,669
142,632
117,735
73,703
109,724
112,790
50,756
115,782
29,754
53,169
5,777
17,716
105,759
132,761
47,123
6,755
61,774
48,663
80,661
87,788
101,583
66,511
111,739
41,694
28,577
52,690
139,606
15,752
51,767
77,747
146,685
49,383
117,766
39,63
60,713
8,468
61,127
99,679
89,741
28,750
111,672
38,619
112,727
146,742
45,693
35,722
103,717
144,714
90,528
33,504
121,608
41,660
44,510
111,605
112,698
31,728
78,634
88,635
118,526
1,574
88,502
16,417
101,372
135,537
140,473
88,432
111,544
36,282
75,589
75,337
35,557
99,224
99,710
30,721
48,626
104,385
107,529
122,405
97,395
92,426
127,617
61,595
112,671
20,552
95,515
117,666
15,667
146,551
14,615
99,603
71,683
67,522
17,569
43,680
146,505
35,627
50,516
36,723
92,686
124,466
111,719
10,725
123,689
89,637
111,564
91,568
72,286
111,306
60,464
60,453
139,436
116,313
60,28
83,329
77,77
81,218
122,268
123,494
122,440
122,514
128,449
90,769
74,378
76,65
74,783
123,598
16,700
71,625
121,720
119,654
94,662
89,452
106,597
42,256
80,438
93,105
27,240
147,673
41,590
128,612
86,638
97,533
12,622
146,565
98,563
128,664
111,506
9,670
75,692
77,675
119,348
115,541
97,381
124,459
34,584
91,618
59,548
17,546
141,650
4,384
99,408
80,358
74,312
37,779
18,27
138,642
97,718
77,441
101,740
116,592
129,300
128,518
104,227
116,211
102,628
116,213
2,99
25,443
103,639
6,677
4,35
146,155
128,392
111,195
128,98
128,174
24,30
58,462
108,237
122,393
107,422
103,226
97,542
39,298
18,376
112,294
119,305
61,580
136,198
65,331
65,336
111,134
102,192
115,315
108,196
136,682
94,540
117,591
63,148
86,391
62,271
131,547
137,567
17,653
115,704
99,418
96,280
112,630
131,415
73,463
8,687
66,594
122,357
103,360
141,434
127,550
37,629
34,536
17,490
77,368
64,140
83,520
46,125
112,302
76,458
146,11
87,100
111,517
50,141
17,343
61,480
65,308
71,325
89,461
34,245
112,623
139,531
31,364
123,497
91,521
29,534
101,684
59,460
7,601
69,620
26,543
117,715
123,139
127,420
111,212
57,142
61,610
58,651
112,586
10,151
88,425
50,423
17,508
143,73
103,401
93,347
114,539
102,498
88,399
99,561
114,538
131,640
108,621
128,487
123,475
77,649
77,562
114,575
112,571
126,611
122,316
81,648
34,633
146,712
110,442
112,613
76,407
116,350
124,409
102,554
36,410
22,489
9,122
19,176
9,448
118,607
88,501
122,695
40,614
146,532
119,446
112,560
131,301
116,194
117,205
53,207
41,162
128,582
116,335
111,168
15,143
88,208
8,369
131,103
100,588
122,573
126,397
146,281
141,555
121,248
112,307
57,344
124,108
14,25
13,332
36,279
13,362
14,230
99,55
123,12
110,363
119,530
123,323
34,81
117,373
117,513
122,545
95,328
85,527
70,173
123,375
127,152
130,394
32,219
111,359
118,604
68,479
119,341
114,587
94,299
112,330
24,241
95,234
112,370
79,471
111,600
110,503
111,412
3,636
10,467
10,658
10,674
12,193
123,470
104,36
115,8
119,201
111,20
95,246
127,214
65,69
121,435
10,292
121,437
49,295
7,225
34,197
111,317
11,238
124,356
110,112
124,94
124,297
96,60
129,95
146,183
74,342
123,43
11,85
111,191
123,274
51,215
122,189
148,164
115,175
121,101
146,19
121,167
111,411
18,239
10,760
146,652
34,86
8,396
111,365
14,380
123,107
103,229
112,153
102,377
112,158
91,456
112,293
108,483
124,137
107,172
8,252
18,52
125,190
137,304
124,303
112,257
12,314
63,146
112,171
112,92
18,91
56,382
93,79
8,414
122,185
113,145
122,147
122,265
115,113
123,150
112,7
12,129
112,242
129,26
111,138
146,309
129,477
130,157
146,184
111,41
3,10
124,136
7,254
82,2
26,126
120,154
122,61
56,266
10,3
93,144
146,71
10,128
111,272
124,439
21,178
124,121
123,102
10,643
10,339
18,324
112,83
87,80
9,88
122,296
121,288
111,259
146,6
125,42
111,495
129,232
111,163
112,1
112,366
7,4
121,261
23,29
111,119
111,519
111,289
119,419
112,51
112,48
112,402
122,22
108,54
50,40
123,97
122,333
112,32
37,578
17,602
10,131
111,135
119,57
111,132
111,18
117,14
122,179
125,275
112,349
122,283
18,455
123,481
111,285
124,210
121,59
123,104
112,9
115,263
122,39
111,284
119,220
110,5
123,233
110,264
10,223
123,222
112,398
112,576
10,451
124,231
127,253
68,374
111,16
10,556
8,277
125,367
124,244
124,44
112,114
112,353
112,318
18,90
123,120
112,186
112,523
10,249
124,118
146,68
127,93
111,64
124,404
63,267
111,250
54,310
10,361
116,430
10,177
128,72
111,371
110,78
18,270
121,273
131,31
127,47
111,62
112,17
123,96
108,161
146,74
123,334
112,46
10,156
112,116
112,23
10,75
130,56
122,216
55,326
112,255
120,67
111,37
111,478
125,278
111,159
8,209
121,379
124,200
112,509
124,319
125,235
112,447
146,221
112,228
110,188
111,702
122,49
124,269
112,133
122,87
10,428
112,688
111,581
112,596
108,389
123,655
123,553
146,599
111,549
124,641
111,570
111,124
129,646
112,579
112,388
105,676
124,624
10,678
109,705
88,287
146,482
145,387
10,525
146,491
124,492
124,485
110,558
121,400
133,406
123,416
112,390
10,465
18,665
18,450
129,165
16,322
111,496
111,320
112,170
111,354
112,352
12,431
112,58
112,243
111,340
111,559
112,444
112,609
111,457
112,403
129,507
112,276
10,476
105,38
10,202
111,351
112,355
146,433
123,111
112,109
122,338
111,50
112,182
123,203
10,33
112,386
111,474
111,795
112,701
111,781
111,262
125,792
111,794
16,793
111,770
111,290
112,115
17,524
138,34
111,13
123,21
10,15
111,708
146,797
17,737
17,736
111,180
111,786
124,773
111,745
111,771
122,734
111,709
111,731
109,772
112,251
112,743
111,236
111,748
112,749
111,798
112,787
146,445
111,187
111,217
146,732
146,493
17,566
18,657
146,656
17,454
111,427
17,585
17,535
146,659
111,697
108,149
111,84
111,789
17,321
19,744
17,488
111,106
111,199
18,82
18,751
111,429
146,616
111,785
111,593
111,778
111,469
111,765
146,484
111,738
111,204
134,311
111,733
111,726
146,327
146,729
146,345
111,258
111,730
146,707
112,631
17,768
17,500
17,644
17,791
111,110
111,681
146,166
111,764
146,424
109,757
111,413
17,647
111,784
112,472
146,763
146,776
17,572
18,66
111,53
16,117
111,645
146,70
17,247
17,346
17,181
17,24
111,291
17,421
18,160
