15,753
14,746
15,76
10,762
11,775
15,512
14,668
18,486
11,706
14,696
18,758
18,699
3,780
10,260
3,711
13,691
7,499
10,796
17,45
18,130
3,206
10,89
8,669
22,632
18,735
14,703
18,724
18,790
10,756
18,782
7,754
10,169
2,777
3,716
18,759
18,761
9,123
2,755
11,774
10,663
14,661
15,788
18,583
12,511
18,739
8,694
7,577
10,690
21,606
2,752
10,767
14,747
24,685
10,383
18,766
8,63
10,713
2,468
11,127
18,679
15,741
7,750
18,672
7,619
18,727
24,742
9,693
7,722
18,717
24,714
15,528
7,504
18,608
8,660
8,510
18,605
18,698
7,728
14,634
15,635
18,526
1,574
15,502
3,417
18,372
19,537
21,473
15,432
18,544
7,282
14,589
14,337
7,557
18,224
18,710
7,721
10,626
18,385
18,529
18,405
17,395
15,426
18,617
11,595
18,671
4,552
16,515
18,666
2,667
24,551
2,615
18,603
14,683
12,522
3,569
8,680
24,505
7,627
10,516
7,723
15,686
18,466
18,719
2,725
18,689
15,637
18,564
15,568
14,286
18,306
10,464
10,453
21,436
18,313
10,28
14,329
14,77
14,218
18,268
18,494
18,440
18,514
18,449
15,769
14,378
14,65
14,783
18,598
3,700
14,625
18,720
18,654
16,662
15,452
18,597
8,256
14,438
16,105
6,240
25,673
8,590
18,612
15,638
17,533
2,622
24,565
17,563
18,664
18,506
2,670
14,692
14,675
18,348
18,541
17,381
18,459
7,584
15,618
10,548
3,546
22,650
2,384
18,408
14,358
14,312
7,779
3,27
20,642
17,718
14,441
18,740
18,592
18,300
18,518
18,227
18,211
18,628
18,213
1,99
6,443
18,639
2,677
2,35
24,155
18,392
18,195
18,98
18,174
6,30
10,462
18,237
18,393
18,422
18,226
17,542
8,298
3,376
18,294
18,305
11,580
20,198
11,331
11,336
18,134
18,192
18,315
18,196
20,682
16,540
18,591
11,148
15,391
11,271
18,547
20,567
3,653
18,704
18,418
17,280
18,630
18,415
14,463
2,687
12,594
18,357
18,360
22,434
18,550
7,629
7,536
3,490
14,368
11,140
14,520
9,125
18,302
14,458
24,11
15,100
18,517
10,141
3,343
11,480
11,308
14,325
15,461
7,245
18,623
21,531
7,364
18,497
15,521
7,534
18,684
10,460
2,601
13,620
6,543
18,715
18,139
18,420
18,212
10,142
11,610
10,651
18,586
2,151
15,425
10,423
3,508
23,73
18,401
16,347
18,539
18,498
15,399
18,561
18,538
18,640
18,621
18,487
18,475
14,649
14,562
18,575
18,571
18,611
18,316
14,648
7,633
24,712
18,442
18,613
14,407
18,350
18,409
18,554
7,410
5,489
2,122
3,176
2,448
18,607
15,501
18,695
8,614
24,532
18,446
18,560
18,301
18,194
18,205
10,207
8,162
18,582
18,335
18,168
2,143
15,208
2,369
18,103
18,588
18,573
18,397
24,281
22,555
18,248
18,307
10,344
18,108
2,25
2,332
7,279
2,362
2,230
18,55
18,12
18,363
18,530
18,323
7,81
18,373
18,513
18,545
16,328
15,527
13,173
18,375
18,152
18,394
7,219
18,359
18,604
13,479
18,341
18,587
16,299
18,330
6,241
16,234
18,370
14,471
18,600
18,503
18,412
2,636
2,467
2,658
2,674
2,193
18,470
18,36
18,8
18,201
18,20
16,246
18,214
11,69
18,435
2,292
18,437
10,295
2,225
7,197
18,317
2,238
18,356
18,112
18,94
18,297
17,60
18,95
24,183
14,342
18,43
2,85
18,191
18,274
10,215
18,189
26,164
18,175
18,101
24,19
18,167
18,411
3,239
2,760
24,652
7,86
2,396
18,365
2,380
18,107
18,229
18,153
18,377
18,158
15,456
18,293
18,483
18,137
18,172
2,252
3,52
18,190
20,304
18,303
18,257
2,314
11,146
18,171
18,92
3,91
10,382
16,79
2,414
18,185
18,145
18,147
18,265
18,113
18,150
18,7
2,129
18,242
18,26
18,138
24,309
18,477
18,157
24,184
18,41
2,10
18,136
2,254
14,2
6,126
18,154
18,61
10,266
2,3
16,144
24,71
2,128
18,272
18,439
4,178
18,121
18,102
2,643
2,339
3,324
18,83
15,80
2,88
18,296
18,288
18,259
24,6
18,42
18,495
18,232
18,163
18,1
18,366
2,4
18,261
5,29
18,119
18,519
18,289
18,419
18,51
18,48
18,402
18,22
18,54
10,40
18,97
18,333
18,32
7,578
3,602
2,131
18,135
18,57
18,132
18,18
18,14
18,179
18,275
18,349
18,283
3,455
18,481
18,285
18,210
18,59
18,104
18,9
18,263
18,39
18,284
18,220
18,5
18,233
18,264
2,223
18,222
18,398
18,576
2,451
18,231
18,253
13,374
18,16
2,556
2,277
18,367
18,244
18,44
18,114
18,353
18,318
3,90
18,120
18,186
18,523
2,249
18,118
24,68
18,93
18,64
18,404
11,267
18,250
10,310
2,361
18,430
2,177
18,72
18,371
18,78
3,270
18,273
18,31
18,47
18,62
18,17
18,96
18,161
24,74
18,334
18,46
2,156
18,116
18,23
2,75
18,56
18,216
10,326
18,255
18,67
18,37
18,478
18,278
18,159
2,209
18,379
18,200
18,509
18,319
18,235
18,447
24,221
18,228
18,188
18,702
18,49
18,269
18,133
18,87
2,428
18,688
18,581
18,596
18,389
18,655
18,553
24,599
18,549
18,641
18,570
18,124
18,646
18,579
18,388
18,676
18,624
2,678
18,705
15,287
24,482
24,387
2,525
24,491
18,492
18,485
18,558
18,400
19,406
18,416
18,390
2,465
3,665
3,450
18,165
3,322
18,496
18,320
18,170
18,354
18,352
2,431
18,58
18,243
18,340
18,559
18,444
18,609
18,457
18,403
18,507
18,276
2,476
18,38
2,202
18,351
18,355
24,433
18,111
18,109
18,338
18,50
18,182
18,203
2,33
18,386
18,474
18,795
18,701
18,781
18,262
18,792
18,794
3,793
18,770
18,290
18,115
3,524
20,34
18,13
18,21
2,15
18,708
24,797
3,737
3,736
18,180
18,786
18,773
18,745
18,771
18,734
18,709
18,731
18,772
18,251
18,743
18,236
18,748
18,749
18,798
18,787
24,445
18,187
18,217
24,732
24,493
3,566
3,657
24,656
3,454
18,427
3,585
3,535
24,659
18,697
18,149
18,84
18,789
3,321
3,744
3,488
18,106
18,199
3,82
3,751
18,429
24,616
18,785
18,593
18,778
18,469
18,765
24,484
18,738
18,204
19,311
18,733
18,726
24,327
24,729
24,345
18,258
18,730
24,707
18,631
3,768
3,500
3,644
3,791
18,110
18,681
24,166
18,764
24,424
18,757
18,413
3,647
18,784
18,472
24,763
24,776
3,572
3,66
18,53
3,117
18,645
24,70
3,247
3,346
3,181
3,24
18,291
3,421
3,160
