12,135
8,167
2,130
5,219
5,278
16,276
12,223
23,192
11,162
8,325
24,201
23,287
18,343
13,265
11,299
6,319
4,235
6,382
8,341
6,141
5,123
6,182
5,381
4,304
5,395
12,418
5,378
8,448
7,222
4,298
5,349
12,449
23,396
9,87
16,406
18,76
23,455
6,405
5,364
5,397
6,311
13,458
6,463
13,473
23,467
12,13
13,36
6,215
23,153
5,344
23,432
16,438
6,371
16,322
4,279
11,216
23,194
12,307
13,294
23,121
23,208
5,470
16,421
11,474
11,54
23,6
12,52
13,303
5,138
13,224
23,380
23,433
12,63
11,110
23,331
21,379
13,315
11,35
23,353
5,246
13,321
23,360
13,317
13,392
13,146
23,372
21,269
6,180
23,460
13,387
6,206
13,189
5,273
11,383
13,231
13,357
23,242
9,476
13,258
9,237
23,184
23,106
23,103
13,115
9,114
23,156
13,295
13,89
23,462
16,339
23,61
5,176
23,79
23,97
23,197
6,165
6,318
11,227
12,290
11,270
16,388
5,301
20,400
23,284
9,232
13,267
23,347
5,257
13,183
20,332
5,209
5,255
6,291
12,217
20,327
13,384
13,158
16,456
12,239
13,316
20,359
13,305
4,8
13,342
13,60
16,401
23,336
13,323
13,187
13,233
13,252
12,157
18,101
13,124
13,296
23,171
23,72
23,49
5,179
24,127
13,109
20,57
5,113
13,37
23,166
23,147
20,86
23,45
12,111
13,82
23,186
23,102
5,33
13,168
13,71
23,51
9,320
12,66
23,75
16,172
12,408
20,12
23,454
23,361
13,466
23,338
23,414
6,160
14,459
5,354
5,461
20,434
13,11
16,425
11,377
13,398
23,435
5,285
5,328
13,90
20,196
13,281
13,253
9,211
13,203
14,272
13,329
16,247
23,429
13,345
13,245
9,236
13,370
13,373
18,148
16,261
23,251
9,250
20,404
11,170
13,243
20,326
20,140
16,205
5,260
6,221
23,126
13,154
13,155
11,14
14,293
23,375
23,202
9,42
20,297
13,367
23,175
12,362
23,145
5,210
9,150
15,151
13,200
9,161
13,83
16,96
13,207
12,213
9,137
13,214
13,330
23,104
13,108
12,59
23,313
5,85
23,47
23,95
13,136
13,228
13,68
13,44
5,300
9,366
20,363
12,457
23,465
5,444
16,346
23,259
11,283
13,144
14,142
9,174
12,314
20,193
11,149
20,164
16,262
12,356
13,185
9,81
13,92
23,107
13,229
11,129
20,70
5,84
5,352
23,77
23,99
9,351
13,306
16,58
23,139
23,248
13,119
20,152
20,238
13,181
23,374
12,254
16,302
20,134
23,310
13,169
16,451
9,427
7,73
12,67
19,26
5,46
13,178
13,391
16,266
23,440
16,424
23,422
20,348
23,416
16,7
17,478
23,32
9,280
20,1
13,376
23,275
13,439
13,389
13,446
16,407
23,472
5,218
5,204
5,241
23,264
9,274
22,105
23,100
7,177
20,282
23,125
20,368
17,442
13,34
13,369
23,420
12,355
21,244
7,98
13,234
13,249
16,337
24,324
9,308
13,402
15,212
5,292
23,413
16,65
22,56
13,195
13,230
19,9
5,415
13,94
13,394
9,15
9,277
13,286
17,118
16,120
13,436
12,417
13,64
12,78
24,74
20,220
16,426
16,477
20,271
20,410
14,365
23,334
4,335
8,412
14,288
23,112
12,132
5,464
12,256
16,431
1,358
11,173
20,268
21,131
19,447
13,468
5,199
23,289
23,471
9,445
7,163
13,430
19,27
21,21
12,80
23,423
8,93
5,191
5,50
5,69
10,240
22,122
11,39
12,159
11,5
20,31
4,40
9,23
16,263
12,4
5,225
12,411
24,312
11,469
12,190
6,399
13,333
5,437
5,62
17,128
16,198
24,390
13,25
11,30
5,24
17,17
12,55
12,143
1,450
9,385
3,419
13,41
5,20
12,428
5,133
20,117
21,226
4,453
12,91
3,53
6,43
23,48
19,22
23,18
13,88
19,116
24,16
14,38
24,188
23,309
18,403
5,29
13,340
22,350
18,441
5,393
5,3
16,452
5,443
12,19
18,28
16,386
8,2
15,409
11,475
12,10
