19,1288
14,1285
14,1229
18,1254
6,1294
18,1290
14,1302
18,1153
14,1242
14,1262
14,1292
14,1102
14,282
14,1185
19,1240
19,998
14,1197
14,1238
19,1300
19,1168
14,1174
14,1187
14,1303
19,1299
14,1210
14,1272
18,1280
6,645
14,1247
6,1271
14,1054
14,1037
14,238
14,613
19,670
19,1156
14,823
14,1189
18,1255
14,757
14,1276
18,1230
20,1307
6,1172
14,946
14,621
14,434
6,913
19,1219
14,685
6,860
14,1209
14,365
14,682
14,1148
14,956
19,1281
19,995
6,509
6,1109
14,636
14,1047
14,540
14,563
14,958
14,438
18,1184
19,405
19,651
14,1231
14,825
19,1139
14,528
14,1146
14,1186
14,1118
19,1092
14,845
14,925
6,1235
14,1130
18,1308
16,1261
14,1068
6,1074
14,700
14,1016
14,619
14,1266
19,921
14,982
18,1232
6,399
14,1076
14,417
6,1282
12,1151
6,1226
14,1287
14,853
19,1142
18,1049
19,379
19,288
15,1056
14,859
6,826
19,794
14,809
14,1190
14,1245
14,915
6,1160
14,1183
19,1202
14,666
18,591
18,1066
14,1220
6,353
19,467
19,616
6,635
14,862
6,833
19,800
14,485
14,1297
19,1257
14,1286
12,1234
6,1104
18,1162
6,1128
18,1216
6,691
6,751
19,448
14,964
14,708
6,866
6,1127
14,1144
9,1256
6,492
6,950
14,1199
14,1289
6,1295
6,1233
14,1277
6,1030
6,469
14,916
6,1205
6,941
6,1243
14,1225
6,345
14,1133
6,999
14,1081
14,1175
14,1293
6,1129
6,626
16,428
14,1201
6,1196
6,1070
6,1181
6,1284
18,1112
6,1131
14,502
14,1006
4,721
6,1000
14,1071
6,819
6,716
6,1055
14,962
17,1249
6,1052
14,1171
6,817
6,1214
14,1163
6,1032
6,326
1,1244
6,1122
6,799
14,523
6,877
6,697
14,1221
14,991
6,840
14,1173
14,1008
1,987
6,850
14,609
6,1278
6,1304
6,1157
19,949
6,801
6,1027
6,1119
6,1192
2,1105
6,1134
13,954
14,740
6,1028
19,977
6,679
6,899
6,208
6,297
14,906
6,805
6,765
6,934
6,1298
6,1296
14,1283
6,1301
6,1218
6,1228
6,544
6,161
6,1269
6,404
6,1018
14,886
18,611
6,443
6,959
6,1085
6,253
6,667
6,473
6,450
14,695
6,402
10,287
5,378
6,994
6,856
6,764
6,1087
6,1200
14,974
6,1147
6,930
6,631
6,1136
6,503
6,989
2,1023
6,815
6,1079
6,565
6,696
6,1152
19,975
6,1115
19,615
6,213
6,923
6,1050
6,395
6,1126
6,846
6,649
6,795
6,888
6,488
6,658
2,955
6,1239
6,1159
6,430
6,790
6,785
6,908
6,1241
6,383
6,1179
19,1188
6,1265
6,1258
6,984
6,1259
14,966
6,1203
6,706
14,1215
6,358
6,420
6,269
6,1043
6,919
6,1260
6,842
6,1044
6,654
1,407
6,1161
6,1072
6,331
6,185
6,477
6,394
14,910
6,603
14,396
6,624
6,577
6,735
6,699
6,980
6,914
6,607
6,971
6,324
6,836
6,944
6,802
6,755
6,928
6,715
14,1264
6,907
6,876
6,376
6,347
6,789
6,644
6,262
6,855
6,1154
6,705
6,1208
6,496
14,804
6,546
6,837
6,472
6,986
6,922
6,191
6,527
6,869
6,1073
6,236
6,254
6,759
6,973
6,320
6,357
6,549
6,798
6,863
6,676
6,532
6,316
6,444
6,895
14,838
7,688
6,243
4,662
6,366
6,988
6,215
6,1213
6,196
6,743
6,811
6,929
6,1123
6,1251
6,1270
6,604
6,981
6,722
6,963
6,1064
6,589
6,612
6,260
6,879
6,766
6,709
6,848
6,871
6,359
14,704
6,1167
6,1275
6,285
6,873
6,717
6,841
6,887
6,844
6,750
6,573
6,1077
6,538
6,812
6,931
6,594
6,1042
6,961
6,1057
6,336
6,632
6,249
6,574
6,1108
6,672
6,690
6,281
6,517
6,1021
6,1113
6,1191
6,1031
6,227
6,657
6,470
6,880
6,550
6,1083
6,1060
6,1194
6,1029
6,481
6,633
6,306
6,322
6,211
6,200
6,233
6,997
6,720
6,882
6,872
6,454
6,1124
19,663
6,1125
6,386
6,1279
6,978
6,1088
6,1141
6,453
6,1069
6,1250
6,380
6,1114
6,990
6,421
6,835
6,414
6,768
6,425
6,1246
6,1204
6,828
6,427
6,409
6,293
6,1001
6,460
6,356
6,1022
6,1003
14,993
19,1039
6,489
6,1010
6,520
6,796
6,329
14,1035
6,936
6,1099
6,767
6,983
6,318
6,729
6,397
6,752
6,687
6,1166
6,596
6,665
6,1121
6,1143
6,1075
6,1004
6,948
6,511
6,683
6,255
6,436
6,373
6,889
6,1135
6,480
6,821
6,622
19,728
6,416
6,967
6,1007
6,553
6,385
6,985
6,992
6,661
6,308
6,924
6,1116
6,797
6,733
6,564
6,774
6,1101
6,1176
6,419
6,222
6,300
6,363
6,898
6,338
6,829
6,507
6,1094
14,1137
6,933
6,599
14,937
6,656
6,461
6,225
6,491
6,277
6,1082
6,1045
6,874
6,1117
6,839
6,583
6,598
6,263
6,458
6,452
6,852
6,832
11,465
6,1053
6,957
6,1089
6,1149
6,335
6,951
14,769
6,431
6,814
14,782
6,349
6,433
6,628
6,266
14,398
6,142
6,157
6,680
6,593
6,432
6,555
6,343
6,578
6,568
6,515
6,572
6,466
6,439
6,793
6,206
6,543
6,271
6,435
6,370
6,242
6,235
6,352
6,602
6,518
6,557
6,146
6,938
6,451
6,884
14,508
6,495
6,777
6,423
6,671
6,120
6,145
6,762
6,745
6,711
6,702
6,810
6,1120
6,1046
6,1274
14,585
8,442
6,625
6,710
6,181
6,367
6,1180
6,787
6,1267
6,707
6,426
6,854
6,1019
6,415
6,581
6,535
6,344
6,1236
6,446
6,664
6,668
11,960
6,818
6,311
6,784
6,1038
6,1017
6,917
6,1111
6,1103
6,1252
6,552
6,542
6,1065
6,834
6,1150
6,1106
6,736
6,1014
6,703
6,808
6,422
6,355
6,806
6,424
6,1158
6,1237
6,516
6,279
6,510
6,659
6,410
6,412
6,501
6,223
6,372
6,524
6,459
6,342
6,730
6,878
6,497
6,827
6,1012
6,561
6,1227
6,234
6,533
6,483
6,783
6,776
6,1090
6,1178
6,775
6,259
6,870
6,830
6,570
6,713
6,327
6,1061
6,996
6,1140
6,885
6,881
6,362
6,559
6,674
6,820
6,911
6,935
6,901
6,1212
6,970
6,280
14,1051
6,525
6,1211
6,1005
6,296
6,354
6,478
6,246
6,900
6,113
6,560
6,303
6,732
6,307
6,231
6,455
6,731
6,861
19,726
6,1020
6,788
6,1198
6,298
6,779
6,610
6,953
6,851
6,1011
6,479
6,1132
6,725
6,675
14,447
6,741
6,896
6,1086
6,150
6,237
6,401
6,531
6,512
6,694
6,268
6,361
6,244
6,494
6,382
6,325
6,608
6,1033
6,539
6,332
6,758
6,292
6,218
6,229
6,152
6,718
6,575
6,723
6,673
6,772
6,341
6,681
6,927
6,778
6,754
6,1067
6,1138
6,1059
6,647
6,413
6,567
6,232
6,822
6,920
6,791
6,1080
6,351
6,639
6,744
6,623
6,945
6,640
6,1025
6,875
6,334
6,617
6,348
6,712
6,317
6,556
6,1096
6,1110
6,1155
6,698
6,943
6,952
6,1002
6,387
6,883
6,1036
6,865
6,734
6,1164
6,748
6,1058
6,212
6,660
6,1224
6,475
6,456
6,346
6,701
6,780
6,390
6,267
6,595
6,505
6,641
6,605
6,600
6,597
6,286
6,646
6,500
6,620
6,965
6,193
6,289
6,388
6,562
6,643
6,807
6,771
6,739
6,669
6,763
6,571
6,693
14,918
6,530
6,304
6,381
6,498
6,278
6,137
6,868
6,727
6,677
6,369
6,590
6,947
6,197
6,159
6,642
6,537
6,847
6,686
6,894
6,592
6,714
6,513
6,514
6,295
6,174
10,1024
6,1026
6,968
6,719
6,283
6,265
6,339
6,761
6,309
6,749
6,738
6,153
6,411
18,313
6,892
6,566
6,134
6,781
6,301
6,258
6,226
6,241
6,652
6,857
6,123
6,1009
6,178
6,59
6,476
6,1040
6,391
6,93
6,190
6,330
6,1177
6,891
6,471
6,172
6,1182
6,792
6,221
6,692
6,1195
6,1034
6,291
6,770
6,678
6,1098
6,773
19,1015
6,909
6,554
14,547
6,1100
6,449
6,932
6,586
6,526
6,482
6,429
6,1165
6,207
6,315
6,418
6,979
6,580
6,558
6,653
6,905
6,601
6,490
6,210
6,545
6,276
6,1091
6,393
6,171
6,831
6,522
6,333
6,816
6,893
12,541
6,389
6,618
6,536
8,684
6,824
6,484
6,637
6,867
6,519
6,323
6,360
6,474
6,1248
6,228
6,310
6,182
6,529
6,849
6,813
6,588
6,926
6,499
6,305
6,843
6,1169
6,441
6,368
6,194
6,655
6,437
6,1084
6,290
6,753
6,340
6,912
6,141
6,256
6,1253
6,1305
6,1291
18,1306
6,274
6,400
6,204
6,273
6,468
6,638
6,445
6,904
6,786
6,384
6,803
6,314
6,689
6,737
6,760
6,408
6,364
6,534
6,187
6,902
6,747
6,1041
6,587
6,275
6,1063
6,634
6,746
6,464
6,1273
6,440
6,247
6,462
6,406
6,582
13,169
6,858
6,1097
6,245
6,1268
6,1223
6,1062
6,252
6,220
6,132
6,940
6,149
6,463
6,969
6,506
6,1217
6,261
6,96
6,156
6,328
6,155
6,60
6,30
6,5
6,51
6,80
6,180
6,98
6,166
6,44
6,28
6,85
6,48
6,392
6,170
6,136
6,606
6,1312
6,1309
6,1310
6,1316
6,1314
6,1315
6,1313
6,1319
19,1318
6,125
14,504
6,371
6,648
6,627
6,165
6,897
6,107
6,188
6,1078
6,375
6,264
6,284
14,214
6,1193
6,1206
6,1263
6,312
6,192
6,203
6,177
6,377
6,251
6,976
6,630
6,144
6,250
6,890
6,650
6,569
6,199
6,202
6,201
6,164
6,50
6,205
6,95
6,576
6,579
6,1207
6,124
6,614
6,175
6,139
6,374
6,52
6,23
6,13
6,65
6,756
6,61
14,84
6,109
6,162
6,54
6,14
6,7
6,1325
6,25
6,47
6,76
6,34
6,319
6,1170
6,186
6,128
6,148
6,493
6,112
6,32
6,403
6,195
6,33
6,127
6,1330
6,22
14,45
6,1321
6,3
6,29
6,119
6,176
6,299
6,147
6,63
6,548
6,183
6,217
6,198
6,111
6,37
6,55
6,75
6,73
6,41
6,38
6,1335
6,1320
6,189
3,66
6,1329
6,86
6,143
6,2
6,12
6,26
6,163
6,79
6,91
6,106
6,31
6,18
3,62
14,40
6,230
6,78
6,151
6,64
6,89
6,74
6,629
6,584
6,1327
6,1328
6,100
6,116
6,53
6,140
18,71
6,158
6,1107
6,239
6,56
6,88
6,724
6,302
6,94
6,337
6,11
6,1334
6,1324
6,99
6,114
6,10
6,9
6,21
6,1331
6,70
6,154
6,110
6,87
6,17
6,224
6,168
6,486
6,321
6,551
6,1145
6,179
6,248
6,257
6,81
6,1095
6,160
6,864
6,350
6,130
6,46
6,942
1,131
6,97
6,972
6,1048
6,216
6,105
6,939
6,272
6,209
6,487
6,270
6,103
6,138
6,36
6,49
6,1311
6,69
6,57
6,101
6,219
6,77
6,72
6,121
6,35
6,122
6,19
6,457
6,294
6,24
6,115
6,104
6,126
6,68
6,742
6,129
6,20
6,15
6,1333
6,90
6,1323
6,58
6,1326
6,1336
6,1
6,1093
6,521
6,16
6,108
19,43
6,42
6,173
6,133
6,4
6,240
18,135
6,118
6,82
14,92
14,1332
18,1222
19,1013
14,39
14,67
19,6
14,27
14,1317
14,903
14,1322
14,102
18,8
19,117
14,167
14,83
19,184
