22,712
22,728
22,737
34,724
22,701
22,600
50,618
22,508
22,646
22,654
22,656
23,505
22,719
22,739
22,643
22,669
22,664
22,504
51,686
22,616
22,729
22,677
50,596
22,633
50,734
48,718
22,715
22,723
22,702
50,545
22,685
22,671
22,722
34,571
22,406
22,720
22,512
21,756
22,735
51,727
22,370
22,546
22,364
22,427
22,621
50,564
22,351
22,521
32,632
20,732
51,687
20,659
12,526
22,604
22,731
29,705
11,615
22,601
31,506
22,672
21,714
22,611
22,644
50,708
50,479
22,648
22,559
22,588
22,547
50,710
20,667
22,581
23,469
22,553
24,647
50,636
22,638
22,562
22,688
21,585
50,520
22,262
22,630
22,560
17,613
21,419
22,699
21,476
22,590
22,456
20,529
22,570
22,623
31,662
27,272
20,401
22,524
48,403
10,609
50,321
22,346
22,649
22,645
17,386
16,368
22,661
20,652
30,706
22,461
81,284
21,625
50,550
13,586
50,670
22,634
20,610
23,703
3,543
34,683
47,352
28,721
50,568
50,363
22,208
22,535
77,541
22,379
49,497
13,418
38,528
22,444
46,640
22,695
22,607
22,655
22,591
68,680
20,573
19,673
45,696
42,593
88,400
14,709
22,658
2,657
22,540
22,446
19,393
73,319
63,453
20,660
50,438
22,462
65,507
40,744
36,675
22,287
6,264
22,192
4,484
22,679
63,347
28,460
14,605
16,390
54,382
35,405
22,236
26,454
9,578
8,247
50,488
46,378
37,522
66,407
63,425
63,502
20,330
50,373
66,276
63,483
66,285
22,274
63,435
65,491
25,249
18,415
66,515
63,441
22,514
72,374
63,486
67,327
80,381
66,377
63,487
63,429
66,574
71,542
66,463
65,525
66,450
66,455
20,493
20,220
63,238
66,320
63,243
63,413
21,387
63,316
63,354
66,443
50,492
44,397
22,189
8,412
50,150
84,404
63,248
66,537
20,241
63,385
66,299
63,211
33,408
63,232
63,306
56,430
66,464
63,577
63,494
15,567
22,258
63,384
63,255
66,627
63,235
63,270
63,181
63,177
66,532
63,594
61,608
6,421
22,296
63,383
63,694
63,414
4,503
66,411
63,556
63,442
66,513
63,361
66,642
74,209
63,329
63,348
66,325
66,475
63,227
66,449
63,283
66,436
63,307
66,239
63,162
66,266
63,434
70,212
63,297
66,196
63,184
65,301
63,223
64,345
63,259
66,500
66,197
41,490
66,579
63,554
63,392
63,641
66,576
63,480
63,228
66,290
63,288
66,253
79,372
66,440
66,350
66,225
63,375
63,252
59,278
63,176
66,598
63,575
66,395
43,626
66,472
66,416
63,231
63,206
66,595
66,240
69,628
66,561
66,268
66,582
20,277
66,275
63,154
66,201
66,603
63,185
63,750
63,747
66,755
66,745
66,758
63,653
66,760
63,757
66,753
63,742
63,748
66,752
66,746
66,749
66,751
51,743
68,761
22,523
66,552
20,527
66,467
55,332
66,549
66,451
66,530
63,353
63,366
63,221
63,359
66,256
63,322
63,555
63,254
66,280
63,202
66,485
20,291
66,237
86,355
66,300
66,424
63,340
66,519
63,580
63,459
66,389
66,614
66,282
63,544
79,265
63,433
1,380
63,289
63,589
63,305
63,439
66,651
63,311
63,309
63,637
66,639
63,445
63,224
63,668
63,344
63,597
63,587
63,251
66,207
66,315
63,230
66,631
63,195
63,312
66,295
63,698
20,516
63,388
66,313
66,612
63,399
63,509
66,563
63,367
63,583
63,557
63,409
63,716
63,398
66,394
66,622
63,432
63,437
63,465
63,635
63,458
63,410
75,293
63,468
63,539
22,267
63,334
85,349
66,343
66,362
63,428
79,606
63,338
66,302
63,260
63,242
76,357
66,308
66,342
63,518
63,717
63,331
66,182
63,175
66,279
63,261
63,365
63,689
63,510
63,551
66,423
63,304
49,326
66,318
63,726
63,697
66,269
66,681
63,707
63,317
63,617
63,693
7,692
66,629
66,725
63,730
63,676
63,496
63,323
63,666
66,736
66,691
66,733
66,569
63,682
66,665
66,489
63,538
49,548
20,402
63,599
63,481
82,263
85,452
63,572
63,482
66,584
66,558
63,498
63,213
66,501
63,200
63,391
63,376
66,624
63,704
63,324
63,678
63,273
63,360
5,180
66,470
63,690
66,198
80,333
63,740
66,466
63,471
63,328
63,294
63,188
63,286
63,448
63,203
66,193
66,244
20,592
63,684
63,565
63,663
63,536
66,298
22,137
66,336
66,341
63,166
63,229
63,310
66,271
63,199
63,763
63,764
66,754
63,149
63,191
66,257
22,194
63,499
78,110
20,292
63,426
57,369
63,477
66,602
66,219
63,422
63,478
63,358
63,142
66,711
63,533
63,126
63,431
66,417
66,64
63,112
66,172
66,65
63,114
63,25
66,218
63,81
66,741
66,122
63,23
63,46
63,152
63,566
66,30
63,70
60,123
50,179
63,76
63,100
66,7
63,214
63,128
66,473
63,447
63,335
63,650
63,19
63,51
63,770
63,40
66,98
63,26
63,173
66,132
66,120
63,700
63,738
66,303
63,215
66,155
63,713
63,281
61,141
63,140
63,5
63,79
63,15
66,115
63,337
66,420
63,54
63,127
83,102
65,31
63,69
63,517
66,67
63,216
63,8
63,33
63,74
63,29
66,55
63,14
66,89
63,32
63,84
66,28
63,72
33,1
16,47
63,3
66,41
63,97
66,90
63,6
63,39
63,133
63,82
66,762
63,11
66,27
63,21
63,125
63,765
66,44
63,769
66,43
63,768
66,135
63,183
63,190
63,68
63,161
63,159
63,124
63,92
63,234
63,168
63,246
51,147
66,531
63,134
62,66
63,153
63,106
63,60
63,77
63,20
63,22
63,2
63,10
63,93
58,45
63,109
66,101
66,78
63,131
66,58
63,157
63,144
63,24
63,103
63,35
1,146
63,62
66,48
63,18
66,767
63,13
63,87
66,36
66,17
63,37
60,63
63,83
63,9
63,16
63,42
66,136
66,766
66,339
66,205
66,71
63,396
63,178
63,52
66,222
66,356
63,116
43,107
63,474
63,96
63,511
66,534
63,314
63,204
66,138
63,91
63,151
63,50
87,139
63,148
39,88
63,38
63,111
66,80
66,86
63,210
63,61
63,12
63,117
63,73
63,186
63,75
66,620
66,105
63,165
63,85
63,104
66,187
63,163
63,121
66,95
63,169
63,108
66,56
63,143
43,164
63,113
66,129
50,233
62,226
62,759
63,619
62,94
62,59
62,49
62,119
62,34
62,4
62,160
62,250
62,495
53,158
62,245
63,457
62,171
62,217
33,170
62,57
62,99
22,53
52,674
52,371
22,145
22,118
22,167
22,174
22,156
51,130
