1,825
30,1225
40,1247
41,1178
1,1182
30,1177
30,1222
1,996
1,1236
30,1239
40,1061
40,546
30,1097
30,1246
1,1112
1,856
1,1055
30,1185
30,1244
30,1046
30,1167
30,446
1,971
30,1229
1,1232
30,1224
1,987
1,1206
40,1184
30,520
1,1253
1,1179
1,968
30,1252
1,1077
30,1238
1,932
40,1191
40,1176
1,1085
30,619
30,988
30,913
40,1139
1,1140
30,1205
40,568
30,1223
1,1022
40,1148
40,414
1,776
30,670
40,1218
30,1168
40,1133
30,1195
40,667
41,804
1,623
40,964
30,1128
37,1159
1,632
1,865
1,783
40,586
30,843
40,1157
1,976
31,979
1,1033
29,1111
30,949
1,947
31,871
30,755
30,1132
41,516
1,502
31,322
1,1102
14,1180
30,901
30,937
31,848
30,1221
30,391
40,889
30,1203
37,1153
31,1169
30,535
30,1090
30,739
1,874
40,867
1,982
1,744
41,759
30,1149
1,407
30,1110
30,1109
1,1240
40,955
1,462
1,1227
1,727
30,558
6,1065
40,1219
31,1213
1,1135
30,1151
30,1241
1,615
31,1141
1,607
30,1173
1,270
31,752
39,765
31,1114
10,1188
1,767
1,894
38,594
1,1198
1,842
30,296
30,832
1,970
5,823
31,641
1,1142
30,785
31,773
31,725
31,1129
30,421
8,1117
1,1175
31,1234
1,1200
31,1230
1,1040
31,1212
40,1174
1,521
30,926
31,669
40,868
30,251
31,1171
31,1158
2,1120
31,466
30,927
1,675
1,552
12,940
40,792
1,1093
1,1044
1,455
1,571
30,981
31,953
18,510
9,1197
1,1030
31,1025
31,1026
1,1087
31,935
1,345
1,1215
15,529
31,1056
31,898
31,777
1,365
31,1201
11,1242
1,1235
1,951
40,756
31,797
30,610
30,1143
31,341
30,748
31,651
1,816
31,980
31,808
32,719
31,423
1,908
31,1125
31,1154
31,896
31,966
32,303
15,880
31,628
1,318
31,1181
1,1095
1,1138
31,872
31,1013
31,1192
31,1237
40,499
30,914
31,1243
30,794
31,1051
31,1103
1,1052
40,531
31,828
31,1163
31,1152
27,604
6,1228
5,385
4,1122
31,509
31,1194
40,1189
31,1116
16,1131
24,663
1,668
31,775
23,681
31,1001
33,995
31,1210
31,830
30,1127
31,1170
3,905
31,1130
31,1211
26,1078
31,409
31,1084
25,977
28,271
32,638
40,873
31,393
31,1193
31,1119
8,1092
31,672
30,699
31,403
10,892
31,1164
31,1049
6,1012
19,1249
31,1006
31,938
31,761
31,969
31,847
31,350
31,354
22,430
31,406
31,899
20,637
30,1126
31,993
31,1183
31,974
40,386
31,674
1,1144
31,1081
1,989
31,973
31,355
31,572
31,608
31,442
31,213
31,189
31,1220
31,286
1,272
34,513
6,309
30,850
31,508
31,852
31,737
31,944
31,1094
31,434
31,844
31,401
31,357
31,684
31,923
31,612
31,1079
31,702
40,616
31,720
31,500
31,860
31,321
31,791
31,904
31,811
31,717
31,232
31,734
31,1024
31,707
31,424
31,1075
31,729
31,269
31,747
31,602
31,790
1,419
31,538
31,240
31,360
31,362
31,489
31,273
32,329
31,1072
31,460
31,382
31,465
31,812
31,353
31,344
31,786
31,802
31,593
31,855
31,829
31,566
31,963
31,473
31,264
31,1156
31,965
31,554
31,1108
32,1136
31,939
31,408
31,343
31,585
31,447
31,262
31,916
31,936
30,858
31,550
31,439
31,461
6,247
31,644
1,945
31,718
31,486
31,338
31,551
31,664
31,478
31,528
31,577
31,656
31,870
13,1104
7,960
31,284
33,849
31,443
31,1004
31,781
31,250
31,879
31,691
31,763
31,706
31,1039
31,925
31,517
31,714
31,787
31,771
31,1050
31,220
31,890
31,692
31,503
31,1002
31,768
31,622
31,613
31,1123
31,475
31,324
31,745
31,1106
31,437
31,749
31,950
31,1187
31,754
1,713
31,1038
31,545
31,626
31,911
31,328
29,295
31,780
31,640
31,1034
31,203
31,201
25,444
31,441
31,560
31,840
31,857
31,959
31,582
32,736
31,906
31,900
9,511
31,798
31,770
31,1209
31,793
31,313
31,690
31,245
31,339
8,361
17,1003
31,796
31,620
31,415
31,716
31,351
31,288
31,396
31,305
31,789
31,479
31,603
31,530
31,834
31,310
31,555
31,693
31,268
31,910
31,526
31,817
31,1009
31,678
31,864
31,590
40,595
31,564
31,753
31,494
31,553
31,377
31,534
31,533
31,156
31,519
1,962
31,459
31,405
31,598
31,882
31,346
31,1019
31,398
31,512
31,1216
31,676
31,1186
31,639
31,501
31,922
31,1214
31,467
31,1035
31,1199
31,665
31,609
30,575
31,1029
31,983
31,601
1,381
31,199
31,645
31,492
31,930
31,687
31,998
31,347
31,282
31,741
31,1059
31,348
31,801
31,333
31,371
31,686
31,751
31,482
31,778
32,304
31,758
31,624
31,1060
31,184
31,174
31,204
31,562
31,1076
31,1172
31,760
31,319
1,234
31,853
31,942
31,1071
31,231
31,541
31,683
31,374
31,248
31,450
32,671
31,1010
1,573
31,182
31,148
31,1070
31,420
31,611
31,642
31,866
31,1018
31,722
31,402
31,144
31,81
32,158
31,180
31,312
31,334
31,135
31,958
31,515
31,428
31,155
31,113
31,146
31,118
31,139
31,173
31,196
31,138
31,218
31,862
31,1053
31,818
31,655
31,703
31,788
31,440
31,631
31,918
31,588
31,657
31,967
31,694
31,557
42,648
31,1047
31,934
31,306
31,367
31,876
31,505
31,289
31,316
31,984
31,618
31,1005
31,1100
31,454
31,1099
31,723
31,539
31,779
31,715
31,652
32,221
31,277
31,1020
31,799
31,731
31,1226
31,412
31,543
31,281
31,477
31,764
31,1000
31,659
31,294
31,456
31,504
31,822
31,358
31,733
31,851
31,827
31,1115
31,433
31,567
31,302
31,1107
31,366
31,359
31,1037
31,861
31,757
31,1165
31,885
31,774
31,909
31,952
31,330
31,845
31,488
31,1101
31,480
31,730
31,1063
31,709
31,394
31,831
31,742
31,743
31,810
31,915
31,1086
31,1150
31,666
31,524
31,833
31,795
31,819
31,649
31,917
31,507
31,411
31,311
31,416
31,314
31,495
31,474
31,746
31,425
31,1091
31,1096
32,721
31,1098
8,807
6,581
31,1008
31,634
25,711
31,308
31,336
31,895
1,836
31,1088
31,673
31,565
31,1146
31,1067
31,1137
31,946
31,1105
31,1204
31,370
31,451
31,929
31,536
31,893
31,331
31,498
31,547
31,696
31,436
31,682
31,954
31,1054
32,978
31,888
31,704
31,265
31,469
31,679
31,735
31,379
31,726
31,540
8,712
31,375
31,387
31,225
31,293
31,238
31,1048
31,592
31,578
31,903
31,1202
31,661
33,1166
31,383
31,1021
31,496
31,576
31,1155
31,869
31,803
31,327
31,907
31,589
31,1023
31,1162
31,897
31,636
31,491
31,453
31,548
31,468
31,838
31,485
31,732
30,878
31,1124
31,487
31,471
31,1118
31,1042
31,766
31,591
31,580
31,629
31,584
31,991
31,650
31,762
31,826
31,1069
31,912
31,369
31,997
31,606
31,373
31,242
31,332
31,452
31,404
31,902
31,556
31,212
31,859
31,532
31,633
31,990
31,689
31,323
31,214
31,563
31,839
40,256
31,1036
31,1073
31,449
6,1082
1,1031
31,614
31,708
31,527
31,384
31,941
31,400
32,349
31,685
31,846
31,325
31,887
31,627
31,597
31,948
31,646
31,260
31,368
31,291
31,472
31,975
1,740
31,986
25,388
31,630
31,587
31,418
6,884
31,933
31,579
31,806
31,992
31,464
31,92
31,215
31,417
31,202
31,654
31,257
31,399
31,643
31,1217
31,985
31,1017
31,463
31,600
31,1134
31,207
31,972
31,596
31,292
31,635
31,280
31,660
31,337
31,863
31,1043
31,647
31,583
31,1007
31,542
31,700
31,1064
1,490
31,800
31,710
31,1014
31,677
31,569
31,919
31,999
31,470
31,522
31,724
31,617
31,1058
31,784
31,301
31,181
31,924
31,431
31,931
31,883
31,782
31,920
31,680
31,886
31,599
31,653
31,1190
31,422
31,805
31,621
31,1028
31,192
31,881
31,380
31,352
31,891
31,1041
31,525
31,769
31,243
31,875
31,957
31,484
31,658
32,1068
31,326
31,820
31,435
31,1032
31,317
31,276
30,427
31,943
31,290
31,570
31,476
31,320
31,497
31,662
31,410
31,523
31,815
31,824
31,364
31,506
31,274
31,413
31,226
31,395
31,854
31,481
31,169
31,224
31,397
31,209
31,307
31,152
31,71
31,76
21,1290
31,86
31,194
31,688
31,356
5,258
31,544
31,124
31,1062
31,122
31,176
31,429
31,340
31,1207
31,197
31,140
31,537
31,1045
31,1147
31,1089
31,1066
31,342
31,445
31,1080
31,198
31,205
31,363
31,625
31,1208
31,559
31,728
31,574
31,821
31,921
31,1113
31,695
31,254
31,103
1,85
31,219
31,90
31,101
31,168
31,95
31,772
31,78
31,46
31,120
31,137
31,300
31,94
31,372
31,928
31,93
31,151
1,261
31,77
31,55
31,514
33,279
1,131
31,154
31,244
31,217
31,104
31,30
31,10
31,74
31,110
31,88
31,68
1,132
31,57
31,87
31,36
31,116
31,193
31,43
31,1273
31,62
31,1276
31,22
31,1284
31,1277
31,24
31,1279
31,19
31,41
31,7
32,34
31,1298
31,1289
31,48
31,18
31,115
31,21
31,141
31,1283
31,6
31,1278
31,2
37,14
31,159
31,191
31,53
31,84
31,1272
31,190
31,20
31,1297
32,1282
31,1291
31,42
31,1145
31,26
31,13
31,1015
31,392
8,750
31,241
31,298
31,73
31,432
31,1260
32,1255
31,1254
31,1258
8,1259
31,1264
31,1257
31,1261
31,1256
31,1263
32,1262
31,701
31,252
31,438
31,837
31,249
31,227
31,253
31,206
31,179
31,235
31,170
31,458
31,267
31,239
31,275
31,956
31,278
31,236
31,89
31,51
31,61
31,44
31,216
32,283
31,483
31,255
31,47
31,50
31,39
31,153
31,3
1,38
31,69
31,12
31,315
31,11
31,1270
31,54
31,163
31,188
31,223
31,112
31,809
31,67
31,29
31,149
31,58
31,1275
31,106
31,56
31,233
31,97
31,1285
31,1271
31,1286
30,79
31,4
32,59
31,100
31,1299
31,1057
31,1161
31,1268
31,91
31,63
31,1245
31,128
31,123
31,605
31,83
1,389
37,147
31,814
31,178
31,25
31,177
31,70
31,160
31,493
31,164
31,426
31,167
31,33
31,31
31,1274
31,1281
31,166
31,35
31,1266
31,1294
31,60
31,105
31,15
31,107
31,102
31,80
31,1265
31,72
31,8
31,17
31,5
31,23
31,186
31,65
31,1292
31,45
6,1
31,16
31,1295
31,52
31,37
31,1280
31,1296
31,1293
31,1288
31,1267
31,165
31,9
32,1269
31,285
31,195
31,1287
31,187
31,108
31,136
31,49
31,121
31,64
31,161
31,222
31,175
31,1233
31,877
31,994
31,549
31,126
31,183
31,561
31,130
31,119
31,96
9,109
31,28
1,66
31,117
31,27
31,82
31,127
31,75
31,40
31,150
31,208
31,98
31,145
31,143
37,1160
31,211
31,297
9,99
31,1011
9,172
9,32
31,1300
31,378
35,1121
35,287
35,237
35,133
35,200
35,335
35,114
35,518
36,1027
35,705
35,1016
1,210
1,835
1,129
37,157
1,246
40,230
41,1074
30,738
30,1083
1,457
40,259
30,697
30,142
30,1231
30,1250
1,171
1,448
30,1248
30,1251
30,698
41,813
41,1196
1,266
1,841
30,228
31,299
30,111
1,376
1,134
1,961
1,229
1,390
30,125
30,263
41,185
1,162
