1,825
23,1225
30,1247
30,1178
1,1182
23,1177
23,1222
1,996
1,1236
23,1239
30,1061
30,546
23,1097
23,1246
1,1112
1,856
1,1055
23,1185
23,1244
23,1046
23,1167
23,446
1,971
23,1229
1,1232
23,1224
1,987
1,1206
30,1184
23,520
1,1253
1,1179
1,968
23,1252
1,1077
23,1238
1,932
30,1191
30,1176
1,1085
23,619
23,988
23,913
30,1139
1,1140
23,1205
30,568
23,1223
1,1022
30,1148
30,414
1,776
23,670
30,1218
23,1168
30,1133
23,1195
30,667
30,804
1,623
30,964
23,1128
27,1159
1,632
1,865
1,783
30,586
23,843
30,1157
1,976
24,979
1,1033
22,1111
23,949
1,947
24,871
23,755
23,1132
30,516
1,502
24,322
1,1102
11,1180
23,901
23,937
24,848
23,1221
23,391
30,889
23,1203
27,1153
24,1169
23,535
23,1090
23,739
1,874
30,867
1,982
1,744
30,759
23,1149
1,407
23,1110
23,1109
1,1240
30,955
1,462
1,1227
1,727
23,558
4,1065
30,1219
24,1213
1,1135
23,1151
23,1241
1,615
24,1141
1,607
23,1173
1,270
24,752
29,765
24,1114
7,1188
1,767
1,894
28,594
1,1198
1,842
23,296
23,832
1,970
4,823
24,641
1,1142
23,785
24,773
24,725
24,1129
23,421
6,1117
1,1175
24,1234
1,1200
24,1230
1,1040
24,1212
30,1174
1,521
23,926
24,669
30,868
23,251
24,1171
24,1158
1,1120
24,466
23,927
1,675
1,552
9,940
30,792
1,1093
1,1044
1,455
1,571
23,981
24,953
14,510
6,1197
1,1030
24,1025
24,1026
1,1087
24,935
1,345
1,1215
12,529
24,1056
24,898
24,777
1,365
24,1201
8,1242
1,1235
1,951
30,756
24,797
23,610
23,1143
24,341
23,748
24,651
1,816
24,980
24,808
24,719
24,423
1,908
24,1125
24,1154
24,896
24,966
24,303
12,880
24,628
1,318
24,1181
1,1095
1,1138
24,872
24,1013
24,1192
24,1237
30,499
23,914
24,1243
23,794
24,1051
24,1103
1,1052
30,531
24,828
24,1163
24,1152
20,604
4,1228
4,385
3,1122
24,509
24,1194
30,1189
24,1116
13,1131
18,663
1,668
24,775
17,681
24,1001
25,995
24,1210
24,830
23,1127
24,1170
2,905
24,1130
24,1211
19,1078
24,409
24,1084
19,977
21,271
24,638
30,873
24,393
24,1193
24,1119
6,1092
24,672
23,699
24,403
7,892
24,1164
24,1049
4,1012
15,1249
24,1006
24,938
24,761
24,969
24,847
24,350
24,354
17,430
24,406
24,899
16,637
23,1126
24,993
24,1183
24,974
30,386
24,674
1,1144
24,1081
1,989
24,973
24,355
24,572
24,608
24,442
24,213
24,189
24,1220
24,286
1,272
25,513
4,309
23,850
24,508
24,852
24,737
24,944
24,1094
24,434
24,844
24,401
24,357
24,684
24,923
24,612
24,1079
24,702
30,616
24,720
24,500
24,860
24,321
24,791
24,904
24,811
24,717
24,232
24,734
24,1024
24,707
24,424
24,1075
24,729
24,269
24,747
24,602
24,790
1,419
24,538
24,240
24,360
24,362
24,489
24,273
24,329
24,1072
24,460
24,382
24,465
24,812
24,353
24,344
24,786
24,802
24,593
24,855
24,829
24,566
24,963
24,473
24,264
24,1156
24,965
24,554
24,1108
24,1136
24,939
24,408
24,343
24,585
24,447
24,262
24,916
24,936
23,858
24,550
24,439
24,461
4,247
24,644
1,945
24,718
24,486
24,338
24,551
24,664
24,478
24,528
24,577
24,656
24,870
10,1104
5,960
24,284
25,849
24,443
24,1004
24,781
24,250
24,879
24,691
24,763
24,706
24,1039
24,925
24,517
24,714
24,787
24,771
24,1050
24,220
24,890
24,692
24,503
24,1002
24,768
24,622
24,613
24,1123
24,475
24,324
24,745
24,1106
24,437
24,749
24,950
24,1187
24,754
1,713
24,1038
24,545
24,626
24,911
24,328
22,295
24,780
24,640
24,1034
24,203
24,201
19,444
24,441
24,560
24,840
24,857
24,959
24,582
24,736
24,906
24,900
6,511
24,798
24,770
24,1209
24,793
24,313
24,690
24,245
24,339
6,361
14,1003
24,796
24,620
24,415
24,716
24,351
24,288
24,396
24,305
24,789
24,479
24,603
24,530
24,834
24,310
24,555
24,693
24,268
24,910
24,526
24,817
24,1009
24,678
24,864
24,590
30,595
24,564
24,753
24,494
24,553
24,377
24,534
24,533
24,156
24,519
1,962
24,459
24,405
24,598
24,882
24,346
24,1019
24,398
24,512
24,1216
24,676
24,1186
24,639
24,501
24,922
24,1214
24,467
24,1035
24,1199
24,665
24,609
23,575
24,1029
24,983
24,601
1,381
24,199
24,645
24,492
24,930
24,687
24,998
24,347
24,282
24,741
24,1059
24,348
24,801
24,333
24,371
24,686
24,751
24,482
24,778
24,304
24,758
24,624
24,1060
24,184
24,174
24,204
24,562
24,1076
24,1172
24,760
24,319
1,234
24,853
24,942
24,1071
24,231
24,541
24,683
24,374
24,248
24,450
24,671
24,1010
1,573
24,182
24,148
24,1070
24,420
24,611
24,642
24,866
24,1018
24,722
24,402
24,144
24,81
24,158
24,180
24,312
24,334
24,135
24,958
24,515
24,428
24,155
24,113
24,146
24,118
24,139
24,173
24,196
24,138
24,218
24,862
24,1053
24,818
24,655
24,703
24,788
24,440
24,631
24,918
24,588
24,657
24,967
24,694
24,557
31,648
24,1047
24,934
24,306
24,367
24,876
24,505
24,289
24,316
24,984
24,618
24,1005
24,1100
24,454
24,1099
24,723
24,539
24,779
24,715
24,652
24,221
24,277
24,1020
24,799
24,731
24,1226
24,412
24,543
24,281
24,477
24,764
24,1000
24,659
24,294
24,456
24,504
24,822
24,358
24,733
24,851
24,827
24,1115
24,433
24,567
24,302
24,1107
24,366
24,359
24,1037
24,861
24,757
24,1165
24,885
24,774
24,909
24,952
24,330
24,845
24,488
24,1101
24,480
24,730
24,1063
24,709
24,394
24,831
24,742
24,743
24,810
24,915
24,1086
24,1150
24,666
24,524
24,833
24,795
24,819
24,649
24,917
24,507
24,411
24,311
24,416
24,314
24,495
24,474
24,746
24,425
24,1091
24,1096
24,721
24,1098
6,807
4,581
24,1008
24,634
19,711
24,308
24,336
24,895
1,836
24,1088
24,673
24,565
24,1146
24,1067
24,1137
24,946
24,1105
24,1204
24,370
24,451
24,929
24,536
24,893
24,331
24,498
24,547
24,696
24,436
24,682
24,954
24,1054
24,978
24,888
24,704
24,265
24,469
24,679
24,735
24,379
24,726
24,540
6,712
24,375
24,387
24,225
24,293
24,238
24,1048
24,592
24,578
24,903
24,1202
24,661
25,1166
24,383
24,1021
24,496
24,576
24,1155
24,869
24,803
24,327
24,907
24,589
24,1023
24,1162
24,897
24,636
24,491
24,453
24,548
24,468
24,838
24,485
24,732
23,878
24,1124
24,487
24,471
24,1118
24,1042
24,766
24,591
24,580
24,629
24,584
24,991
24,650
24,762
24,826
24,1069
24,912
24,369
24,997
24,606
24,373
24,242
24,332
24,452
24,404
24,902
24,556
24,212
24,859
24,532
24,633
24,990
24,689
24,323
24,214
24,563
24,839
30,256
24,1036
24,1073
24,449
4,1082
1,1031
24,614
24,708
24,527
24,384
24,941
24,400
24,349
24,685
24,846
24,325
24,887
24,627
24,597
24,948
24,646
24,260
24,368
24,291
24,472
24,975
1,740
24,986
19,388
24,630
24,587
24,418
4,884
24,933
24,579
24,806
24,992
24,464
24,92
24,215
24,417
24,202
24,654
24,257
24,399
24,643
24,1217
24,985
24,1017
24,463
24,600
24,1134
24,207
24,972
24,596
24,292
24,635
24,280
24,660
24,337
24,863
24,1043
24,647
24,583
24,1007
24,542
24,700
24,1064
1,490
24,800
24,710
24,1014
24,677
24,569
24,919
24,999
24,470
24,522
24,724
24,617
24,1058
24,784
24,301
24,181
24,924
24,431
24,931
24,883
24,782
24,920
24,680
24,886
24,599
24,653
24,1190
24,422
24,805
24,621
24,1028
24,192
24,881
24,380
24,352
24,891
24,1041
24,525
24,769
24,243
24,875
24,957
24,484
24,658
24,1068
24,326
24,820
24,435
24,1032
24,317
24,276
23,427
24,943
24,290
24,570
24,476
24,320
24,497
24,662
24,410
24,523
24,815
24,824
24,364
24,506
24,274
24,413
24,226
24,395
24,854
24,481
24,169
24,224
24,397
24,209
24,307
24,152
24,71
24,76
16,1290
24,86
24,194
24,688
24,356
4,258
24,544
24,124
24,1062
24,122
24,176
24,429
24,340
24,1207
24,197
24,140
24,537
24,1045
24,1147
24,1089
24,1066
24,342
24,445
24,1080
24,198
24,205
24,363
24,625
24,1208
24,559
24,728
24,574
24,821
24,921
24,1113
24,695
24,254
24,103
1,85
24,219
24,90
24,101
24,168
24,95
24,772
24,78
24,46
24,120
24,137
24,300
24,94
24,372
24,928
24,93
24,151
1,261
24,77
24,55
24,514
25,279
1,131
24,154
24,244
24,217
24,104
24,30
24,10
24,74
24,110
24,88
24,68
1,132
24,57
24,87
24,36
24,116
24,193
24,43
24,1273
24,62
24,1276
24,22
24,1284
24,1277
24,24
24,1279
24,19
24,41
24,7
24,34
24,1298
24,1289
24,48
24,18
24,115
24,21
24,141
24,1283
24,6
24,1278
24,2
27,14
24,159
24,191
24,53
24,84
24,1272
24,190
24,20
24,1297
24,1282
24,1291
24,42
24,1145
24,26
24,13
24,1015
24,392
6,750
24,241
24,298
24,73
24,432
24,1260
24,1255
24,1254
24,1258
6,1259
24,1264
24,1257
24,1261
24,1256
24,1263
24,1262
24,701
24,252
24,438
24,837
24,249
24,227
24,253
24,206
24,179
24,235
24,170
24,458
24,267
24,239
24,275
24,956
24,278
24,236
24,89
24,51
24,61
24,44
24,216
24,283
24,483
24,255
24,47
24,50
24,39
24,153
24,3
1,38
24,69
24,12
24,315
24,11
24,1270
24,54
24,163
24,188
24,223
24,112
24,809
24,67
24,29
24,149
24,58
24,1275
24,106
24,56
24,233
24,97
24,1285
24,1271
24,1286
23,79
24,4
24,59
24,100
24,1299
24,1057
24,1161
24,1268
24,91
24,63
24,1245
24,128
24,123
24,605
24,83
1,389
27,147
24,814
24,178
24,25
24,177
24,70
24,160
24,493
24,164
24,426
24,167
24,33
24,31
24,1274
24,1281
24,166
24,35
24,1266
24,1294
24,60
24,105
24,15
24,107
24,102
24,80
24,1265
24,72
24,8
24,17
24,5
24,23
24,186
24,65
24,1292
24,45
4,1
24,16
24,1295
24,52
24,37
24,1280
24,1296
24,1293
24,1288
24,1267
24,165
24,9
24,1269
24,285
24,195
24,1287
24,187
24,108
24,136
24,49
24,121
24,64
24,161
24,222
24,175
24,1233
24,877
24,994
24,549
24,126
24,183
24,561
24,130
24,119
24,96
6,109
24,28
1,66
24,117
24,27
24,82
24,127
24,75
24,40
24,150
24,208
24,98
24,145
24,143
27,1160
24,211
24,297
6,99
24,1011
6,172
6,32
24,1300
24,378
26,1121
26,287
26,237
26,133
26,200
26,335
26,114
26,518
26,1027
26,705
26,1016
1,210
1,835
1,129
27,157
1,246
30,230
30,1074
23,738
23,1083
1,457
30,259
23,697
23,142
23,1231
23,1250
1,171
1,448
23,1248
23,1251
23,698
30,813
30,1196
1,266
1,841
23,228
24,299
23,111
1,376
1,134
1,961
1,229
1,390
23,125
23,263
30,185
1,162
