68,374
87,735
87,664
36,665
41,710
36,704
23,660
87,326
18,699
66,672
16,650
28,602
35,356
106,540
45,667
36,599
68,617
45,638
53,716
78,695
71,655
70,693
23,555
70,627
70,697
16,696
48,621
33,588
68,604
71,589
15,132
3,570
36,259
44,289
55,401
16,571
20,56
54,622
81,568
70,493
68,728
59,647
38,709
47,734
16,670
16,629
69,714
46,715
89,700
51,686
70,720
39,712
73,579
77,536
67,631
16,541
85,293
16,637
36,733
16,731
21,633
82,657
87,603
36,616
16,576
104,479
60,572
55,598
103,452
28,587
73,724
56,623
71,727
16,708
70,711
104,674
80,651
104,600
78,713
51,565
85,702
37,701
87,634
87,684
47,654
68,669
80,630
53,680
53,543
68,510
53,492
70,594
70,561
73,721
48,546
16,641
79,258
73,535
106,460
34,688
70,642
42,692
16,433
70,517
8,521
70,440
62,485
86,482
16,624
60,325
19,564
68,529
56,620
42,530
71,575
68,26
78,671
55,658
14,321
16,656
67,628
93,524
70,538
13,478
70,126
16,380
21,198
22,218
18,367
78,430
79,416
16,409
90,539
83,498
61,652
68,368
67,515
33,648
50,501
33,406
9,109
38,509
47,673
46,668
16,593
21,698
5,690
22,542
39,608
72,488
97,646
60,581
16,606
88,679
104,722
58,247
22,96
74,360
76,534
16,338
34,580
68,643
95,619
65,551
58,459
19,601
57,613
68,442
45,516
13,456
94,46
58,591
41,188
81,508
70,649
74,103
68,424
17,322
87,553
84,566
4,635
8,585
23,502
16,717
68,597
45,489
29,659
16,514
30,560
81,499
6,567
36,497
50,388
51,494
53,145
23,398
12,473
16,435
64,413
21,486
71,454
88,531
23,662
90,389
24,339
66,528
43,470
60,120
53,309
83,429
68,436
105,420
89,396
81,350
4,507
67,372
45,294
16,184
21,242
104,385
70,300
1,487
53,618
22,523
14,316
22,370
21,466
72,450
70,65
16,395
58,519
107,513
68,36
10,58
89,45
68,563
21,160
16,677
21,644
58,544
23,490
16,547
87,341
68,353
16,462
87,60
16,74
70,245
70,153
80,586
23,506
71,449
60,314
79,477
73,238
51,329
68,511
16,392
16,549
81,432
36,362
70,504
68,292
88,505
6,394
1,277
87,354
16,554
99,230
9,471
9,422
68,483
105,268
21,343
74,11
39,330
16,9
60,423
21,129
2,481
53,178
96,290
68,225
92,439
97,119
68,31
26,166
50,111
16,170
14,324
68,550
16,315
16,124
16,375
7,303
89,61
20,146
50,384
87,319
16,200
101,219
104,279
21,311
52,467
108,469
70,444
53,453
67,127
16,334
59,455
21,274
90,227
10,239
16,474
13,237
16,37
63,297
26,148
21,226
68,157
16,224
16,128
68,520
13,661
16,345
16,7
67,23
54,203
16,251
16,241
68,196
67,183
70,234
21,426
60,313
68,271
68,141
16,270
16,182
70,105
16,191
24,265
16,295
68,215
22,181
58,147
81,197
11,348
104,573
16,552
87,605
87,415
16,537
16,443
81,512
16,386
52,557
104,412
27,390
16,522
68,187
16,363
30,189
60,558
60,12
53,70
16,451
16,427
70,441
16,491
58,468
16,205
70,342
16,556
21,318
59,287
68,359
70,28
51,138
16,403
58,140
68,100
68,161
21,13
16,6
29,4
40,33
16,16
16,192
29,59
97,64
16,261
87,82
16,52
16,276
16,149
72,142
16,43
104,387
68,102
16,114
88,173
33,5
70,266
70,222
16,280
49,32
70,465
16,582
104,437
88,425
29,336
16,233
87,211
29,361
16,286
104,495
68,636
75,382
16,400
70,607
16,480
18,484
16,323
68,337
10,185
32,331
98,272
16,344
16,383
60,162
16,17
16,136
104,244
16,418
16,615
68,463
104,283
14,545
16,496
25,86
16,291
29,236
21,41
60,320
60,90
91,168
67,257
16,377
16,1
31,112
16,29
21,263
16,116
21,177
16,47
64,475
70,121
16,327
16,216
88,55
16,448
68,308
70,332
68,137
16,206
21,10
25,592
21,457
16,199
16,317
71,107
16,164
21,369
67,249
70,404
16,106
16,248
16,306
68,378
17,373
16,737
16,685
68,405
16,125
16,458
16,421
16,626
16,22
16,262
25,408
16,93
16,340
16,123
68,476
68,518
16,333
16,75
16,92
71,175
16,683
16,229
88,25
16,104
16,40
16,24
16,718
16,51
16,101
16,464
16,569
29,666
16,610
16,574
16,639
16,675
16,625
70,632
16,221
22,73
16,730
29,726
16,676
16,115
105,682
104,691
104,472
16,736
16,596
16,583
16,577
97,500
104,611
16,612
16,252
16,201
29,30
16,21
16,19
16,89
16,91
16,209
16,366
16,88
68,281
16,223
16,195
104,307
16,118
13,68
16,35
29,328
16,38
16,379
16,50
26,194
29,256
30,80
104,288
16,139
16,298
104,193
16,304
16,357
16,85
16,44
16,143
16,27
70,95
16,407
16,278
16,445
29,584
70,364
16,365
16,253
71,67
104,446
16,152
16,208
16,110
68,335
71,431
60,376
16,310
16,42
16,346
16,172
16,165
106,381
16,156
64,240
16,231
16,371
103,135
71,72
16,113
16,167
16,217
16,18
16,15
16,186
16,169
16,144
29,48
16,34
68,207
16,2
104,84
70,267
71,246
71,393
16,243
102,299
68,414
16,8
16,83
16,3
16,351
16,63
16,179
16,352
16,57
16,81
70,108
70,202
16,503
16,411
16,402
16,154
16,264
70,461
16,204
16,133
16,312
68,447
16,49
16,296
70,213
105,235
16,122
16,284
16,355
16,174
100,190
16,347
16,39
16,260
16,214
16,62
16,210
16,134
105,87
16,77
16,250
16,79
16,130
16,20
16,117
16,97
22,254
16,131
107,180
16,159
16,419
70,54
16,94
16,98
16,53
16,255
16,71
16,158
16,176
16,275
70,397
71,228
16,150
104,723
16,548
16,76
105,527
71,706
70,438
16,562
70,732
16,66
104,78
16,725
104,578
16,703
71,410
16,434
16,707
104,694
16,349
16,705
16,533
16,719
16,417
16,689
16,220
16,399
104,729
16,559
104,155
104,678
104,302
16,687
16,358
16,609
16,526
16,273
16,681
16,653
16,525
16,212
16,640
70,595
104,69
16,590
16,99
16,14
104,663
16,232
104,305
71,614
16,301
16,151
104,391
71,285
16,532
104,428
16,645
16,269
16,163
71,171
70,282
