1,712
1,728
1,737
1,724
1,701
1,600
6,618
1,508
1,646
1,654
1,656
1,505
1,719
1,739
1,643
1,669
1,664
1,504
6,686
1,616
1,729
1,677
6,596
1,633
6,734
6,718
1,715
1,723
1,702
6,545
1,685
1,671
1,722
1,571
1,406
1,720
1,512
1,756
1,735
6,727
1,370
1,546
1,364
1,427
1,621
6,564
1,351
1,521
1,632
1,732
6,687
1,659
1,526
1,604
1,731
1,705
1,615
1,601
1,506
1,672
1,714
1,611
1,644
6,708
6,479
1,648
1,559
1,588
1,547
6,710
1,667
1,581
1,469
1,553
1,647
6,636
1,638
1,562
1,688
1,585
6,520
1,262
1,630
1,560
1,613
1,419
1,699
1,476
1,590
1,456
1,529
1,570
1,623
1,662
1,272
1,401
1,524
6,403
1,609
6,321
1,346
1,649
1,645
1,386
1,368
1,661
1,652
1,706
1,461
7,284
1,625
6,550
1,586
6,670
1,634
1,610
1,703
1,543
1,683
6,352
1,721
6,568
6,363
1,208
1,535
7,541
1,379
6,497
1,418
2,528
1,444
6,640
1,695
1,607
1,655
1,591
7,680
1,573
1,673
5,696
3,593
7,400
1,709
1,658
1,657
1,540
1,446
1,393
7,319
7,453
1,660
6,438
1,462
7,507
3,744
1,675
1,287
1,264
1,192
1,484
1,679
7,347
1,460
1,605
1,390
7,382
1,405
1,236
1,454
1,578
1,247
6,488
6,378
1,522
7,407
7,425
7,502
1,330
6,373
7,276
7,483
7,285
1,274
7,435
7,491
1,249
1,415
7,515
7,441
1,514
7,374
7,486
7,327
7,381
7,377
7,487
7,429
7,574
7,542
7,463
7,525
7,450
7,455
1,493
1,220
7,238
7,320
7,243
7,413
1,387
7,316
7,354
7,443
6,492
4,397
1,189
1,412
6,150
7,404
7,248
7,537
1,241
7,385
7,299
7,211
1,408
7,232
7,306
7,430
7,464
7,577
7,494
1,567
1,258
7,384
7,255
7,627
7,235
7,270
7,181
7,177
7,532
7,594
7,608
1,421
1,296
7,383
7,694
7,414
1,503
7,411
7,556
7,442
7,513
7,361
7,642
7,209
7,329
7,348
7,325
7,475
7,227
7,449
7,283
7,436
7,307
7,239
7,162
7,266
7,434
7,212
7,297
7,196
7,184
7,301
7,223
7,345
7,259
7,500
7,197
3,490
7,579
7,554
7,392
7,641
7,576
7,480
7,228
7,290
7,288
7,253
7,372
7,440
7,350
7,225
7,375
7,252
7,278
7,176
7,598
7,575
7,395
4,626
7,472
7,416
7,231
7,206
7,595
7,240
7,628
7,561
7,268
7,582
1,277
7,275
7,154
7,201
7,603
7,185
7,750
7,747
7,755
7,745
7,758
7,653
7,760
7,757
7,753
7,742
7,748
7,752
7,746
7,749
7,751
6,743
7,761
1,523
7,552
1,527
7,467
7,332
7,549
7,451
7,530
7,353
7,366
7,221
7,359
7,256
7,322
7,555
7,254
7,280
7,202
7,485
1,291
7,237
7,355
7,300
7,424
7,340
7,519
7,580
7,459
7,389
7,614
7,282
7,544
7,265
7,433
1,380
7,289
7,589
7,305
7,439
7,651
7,311
7,309
7,637
7,639
7,445
7,224
7,668
7,344
7,597
7,587
7,251
7,207
7,315
7,230
7,631
7,195
7,312
7,295
7,698
1,516
7,388
7,313
7,612
7,399
7,509
7,563
7,367
7,583
7,557
7,409
7,716
7,398
7,394
7,622
7,432
7,437
7,465
7,635
7,458
7,410
7,293
7,468
7,539
1,267
7,334
7,349
7,343
7,362
7,428
7,606
7,338
7,302
7,260
7,242
7,357
7,308
7,342
7,518
7,717
7,331
7,182
7,175
7,279
7,261
7,365
7,689
7,510
7,551
7,423
7,304
6,326
7,318
7,726
7,697
7,269
7,681
7,707
7,317
7,617
7,693
1,692
7,629
7,725
7,730
7,676
7,496
7,323
7,666
7,736
7,691
7,733
7,569
7,682
7,665
7,489
7,538
6,548
1,402
7,599
7,481
7,263
7,452
7,572
7,482
7,584
7,558
7,498
7,213
7,501
7,200
7,391
7,376
7,624
7,704
7,324
7,678
7,273
7,360
1,180
7,470
7,690
7,198
7,333
7,740
7,466
7,471
7,328
7,294
7,188
7,286
7,448
7,203
7,193
7,244
1,592
7,684
7,565
7,663
7,536
7,298
1,137
7,336
7,341
7,166
7,229
7,310
7,271
7,199
7,763
7,764
7,754
7,149
7,191
7,257
1,194
7,499
7,110
1,292
7,426
7,369
7,477
7,602
7,219
7,422
7,478
7,358
7,142
7,711
7,533
7,126
7,431
7,417
7,64
7,112
7,172
7,65
7,114
7,25
7,218
7,81
7,741
7,122
7,23
7,46
7,152
7,566
7,30
7,70
7,123
6,179
7,76
7,100
7,7
7,214
7,128
7,473
7,447
7,335
7,650
7,19
7,51
7,770
7,40
7,98
7,26
7,173
7,132
7,120
7,700
7,738
7,303
7,215
7,155
7,713
7,281
7,141
7,140
7,5
7,79
7,15
7,115
7,337
7,420
7,54
7,127
7,102
7,31
7,69
7,517
7,67
7,216
7,8
7,33
7,74
7,29
7,55
7,14
7,89
7,32
7,84
7,28
7,72
1,1
1,47
7,3
7,41
7,97
7,90
7,6
7,39
7,133
7,82
7,762
7,11
7,27
7,21
7,125
7,765
7,44
7,769
7,43
7,768
7,135
7,183
7,190
7,68
7,161
7,159
7,124
7,92
7,234
7,168
7,246
6,147
7,531
7,134
7,66
7,153
7,106
7,60
7,77
7,20
7,22
7,2
7,10
7,93
7,45
7,109
7,101
7,78
7,131
7,58
7,157
7,144
7,24
7,103
7,35
1,146
7,62
7,48
7,18
7,767
7,13
7,87
7,36
7,17
7,37
7,63
7,83
7,9
7,16
7,42
7,136
7,766
7,339
7,205
7,71
7,396
7,178
7,52
7,222
7,356
7,116
4,107
7,474
7,96
7,511
7,534
7,314
7,204
7,138
7,91
7,151
7,50
7,139
7,148
3,88
7,38
7,111
7,80
7,86
7,210
7,61
7,12
7,117
7,73
7,186
7,75
7,620
7,105
7,165
7,85
7,104
7,187
7,163
7,121
7,95
7,169
7,108
7,56
7,143
4,164
7,113
7,129
6,233
7,226
7,759
7,619
7,94
7,59
7,49
7,119
7,34
7,4
7,160
7,250
7,495
7,158
7,245
7,457
7,171
7,217
1,170
7,57
7,99
1,53
7,674
7,371
1,145
1,118
1,167
1,174
1,156
6,130
