64,833
45,565
129,831
72,845
101,640
157,769
125,767
45,682
41,739
26,713
25,797
38,832
137,732
76,762
101,691
35,642
41,756
161,795
41,367
123,711
2,776
101,810
64,671
70,607
149,747
118,822
33,318
101,494
164,669
24,853
32,847
53,818
64,751
114,114
154,687
84,793
164,731
159,608
15,559
16,645
54,707
54,353
63,839
96,771
150,543
101,750
97,723
41,322
58,689
124,763
53,817
130,714
63,709
82,802
45,676
58,746
111,653
145,598
44,573
121,184
81,748
160,179
10,782
89,638
35,675
57,571
58,761
38,579
165,595
101,485
135,304
116,646
118,719
148,778
159,619
138,672
119,615
132,734
63,555
160,764
38,774
69,848
101,668
101,677
152,216
69,212
18,695
77,685
149,305
38,820
110,605
55,686
62,826
41,787
136,841
135,789
101,825
79,819
101,840
22,704
84,416
133,792
159,850
85,829
71,575
76,790
120,712
101,814
41,737
57,740
69,532
72,170
159,568
41,588
161,48
39,550
72,566
45,754
120,547
101,843
55,718
54,725
86,816
143,849
102,806
54,661
59,842
62,437
147,824
33,429
44,652
37,462
38,259
54,518
144,94
38,524
87,19
60,109
117,479
80,478
53,567
57,9
156,326
47,246
157,604
16,618
64,692
162,226
36,422
100,558
163,766
101,267
140,639
106,445
155,800
132,17
101,378
133,727
33,418
75,770
56,328
166,706
81,384
167,374
63,253
101,643
45,234
89,345
39,854
41,670
66,830
29,59
57,131
126,681
12,745
112,852
148,696
101,834
41,779
59,773
101,637
16,708
128,610
41,683
49,512
4,557
47,520
62,654
73,625
57,611
115,626
101,499
53,563
115,393
92,634
138,587
101,589
166,651
39,535
122,562
101,678
137,743
66,585
136,757
160,622
99,788
30,693
64,530
37,118
113,442
76,702
41,703
62,721
51,541
67,656
41,755
8,684
67,781
28,516
96,627
54,644
38,722
162,453
132,522
34,255
41,556
68,423
69,657
38,796
98,837
64,309
89,443
54,600
41,552
108,803
58,738
47,597
85,663
142,617
74,574
91,635
61,591
145,649
78,716
141,705
41,623
91,780
101,641
45,760
91,694
9,580
91,724
41,630
161,458
45,799
70,648
58,759
130,658
41,667
71,477
154,504
16,551
52,592
72,741
40,513
38,472
41,544
64,596
152,459
55,469
59,167
32,444
101,515
154,377
93,338
38,2
101,8
91,435
38,295
70,528
117,401
136,386
40,380
139,534
95,385
101,249
107,55
5,381
33,427
64,483
68,362
1,388
54,390
164,475
45,317
62,144
72,468
89,237
20,187
89,484
83,315
64,449
58,564
41,726
41,465
54,481
85,599
58,700
45,578
109,620
64,323
91,749
59,583
101,116
47,577
83,594
47,768
41,394
66,343
130,169
3,433
41,329
39,344
72,199
17,744
41,283
53,398
41,265
39,506
38,222
69,519
31,655
69,81
88,440
58,375
102,349
90,330
45,526
135,498
85,662
71,650
6,493
39,432
39,266
42,365
64,276
65,12
53,136
38,229
134,68
10,368
69,90
41,133
69,476
69,364
86,537
50,279
85,402
71,209
149,132
23,141
45,348
14,400
38,570
38,614
58,680
41,542
38,452
16,51
153,32
91,193
127,715
94,511
41,593
38,752
138,473
45,569
41,601
120,492
45,502
45,501
135,404
136,327
41,730
45,728
45,697
64,572
46,447
27,391
46,436
51,497
62,742
45,508
39,673
131,772
101,699
131,688
40,733
62,586
53,431
45,603
48,500
68,523
53,214
153,263
58,576
101,293
151,42
136,306
13,439
138,221
104,126
56,122
151,41
58,134
41,233
136,92
41,121
101,270
69,357
12,185
41,56
45,448
19,303
155,514
135,308
45,406
91,335
41,49
68,257
51,609
38,415
39,236
154,584
45,67
51,366
41,482
136,66
54,142
38,710
69,173
45,110
45,190
45,161
41,413
154,127
51,180
58,271
39,313
101,138
152,546
53,290
45,147
139,231
141,23
67,631
135,616
45,488
45,346
151,208
67,521
41,268
71,387
12,33
39,1
69,302
69,311
47,347
45,213
168,93
151,392
45,399
53,296
139,549
47,128
38,188
45,529
41,242
41,53
69,79
39,165
57,43
45,403
47,621
41,430
16,582
150,495
64,227
136,505
158,291
103,525
53,503
38,679
41,456
68,215
154,218
51,461
38,171
45,319
51,203
53,517
53,420
67,510
45,355
68,333
40,331
102,467
51,86
135,735
69,82
53,480
45,613
45,647
58,354
45,466
45,441
69,228
41,111
38,352
45,341
64,359
45,463
51,105
41,260
68,24
38,256
146,280
45,324
61,264
45,117
101,112
41,297
128,4
45,240
45,189
102,160
38,106
136,14
101,211
152,88
45,27
53,130
41,289
45,159
128,225
64,31
41,272
91,16
62,65
41,149
45,332
45,207
103,172
134,219
41,244
45,561
45,312
41,241
41,252
10,247
91,278
45,371
45,250
39,548
41,428
41,195
41,275
41,64
53,232
53,300
41,168
51,298
41,337
45,307
41,358
52,238
39,104
39,340
41,101
45,36
151,301
68,316
39,334
58,137
45,123
51,356
45,61
41,163
45,54
13,140
45,98
45,44
53,220
39,47
41,285
45,373
45,230
41,206
39,784
45,855
53,539
136,861
51,28
41,808
41,720
10,450
41,46
41,851
58,785
45,99
45,181
101,152
69,108
53,97
41,277
64,192
45,813
41,70
41,5
39,22
68,659
45,857
45,660
101,15
45,859
45,166
45,314
21,178
11,828
45,83
64,407
101,248
136,197
45,273
45,201
136,531
45,860
41,157
41,396
41,120
45,821
41,701
41,286
45,805
41,777
41,823
69,632
45,612
45,84
38,419
45,674
41,624
41,815
45,336
38,125
45,858
45,507
45,801
101,835
101,536
41,758
38,698
45,150
155,553
105,491
152,412
45,665
41,287
41,154
43,235
41,310
41,91
51,451
101,269
41,540
41,666
41,85
45,405
67,370
53,460
45,581
41,471
45,414
45,408
41,274
41,446
41,496
51,261
41,434
138,35
41,25
41,360
45,89
45,45
41,487
45,177
51,74
100,425
51,664
39,155
101,143
45,129
45,527
41,58
45,243
41,145
41,6
45,490
41,113
57,75
41,103
41,38
41,62
41,80
53,205
45,18
12,254
41,115
41,148
101,223
45,151
45,37
41,294
45,29
41,69
39,198
41,162
51,164
4,489
51,636
41,383
41,282
51,438
41,602
69,633
7,95
41,417
45,409
41,204
41,538
45,509
51,71
45,457
39,382
45,426
41,339
41,96
41,350
39,554
41,690
41,76
53,411
8,376
41,196
45,284
41,474
45,454
102,153
45,202
45,13
41,124
41,239
41,245
41,455
10,135
41,52
41,258
39,320
41,397
41,395
41,224
51,156
45,78
41,158
1,102
41,183
101,545
41,533
45,3
45,372
45,174
41,7
9,50
101,379
101,107
17,119
41,60
45,20
41,200
41,470
5,26
41,73
41,139
26,281
41,191
45,194
41,72
20,77
45,34
41,210
102,176
41,57
45,606
14,838
101,836
41,560
6,765
101,351
13,63
41,844
12,629
16,811
101,421
41,464
101,827
41,717
41,175
41,809
41,410
41,590
101,846
41,363
101,804
41,783
41,251
41,39
12,486
101,856
41,40
43,182
41,812
41,369
41,146
45,262
102,342
10,807
45,736
10,217
41,753
41,791
41,288
41,786
41,325
11,87
41,424
13,729
41,186
41,299
41,798
41,628
101,100
45,321
41,21
43,775
101,292
16,10
101,794
102,389
101,30
101,361
101,11
