138,753
136,746
147,76
84,762
105,775
142,512
117,668
172,486
103,706
134,696
231,758
217,699
35,780
99,260
35,711
113,691
54,499
99,796
162,45
172,130
35,206
81,89
75,669
276,632
218,735
120,703
185,724
203,790
84,756
212,782
52,754
88,169
5,777
35,716
177,759
262,761
79,123
7,755
102,774
80,663
131,661
141,788
167,583
111,511
192,739
73,694
51,577
87,690
272,606
33,752
85,767
128,747
290,685
82,383
217,766
70,63
100,713
11,468
103,127
164,679
146,741
51,750
192,672
68,619
201,727
289,742
77,693
62,722
170,717
278,714
148,528
58,504
227,608
72,660
76,510
192,605
207,698
56,728
129,634
144,635
221,526
1,574
143,502
34,417
167,372
265,537
274,473
144,432
192,544
64,282
124,589
124,337
62,557
164,224
163,710
54,721
80,626
174,385
179,529
231,405
160,395
151,426
250,617
103,595
202,671
42,552
157,515
218,666
32,667
286,551
31,615
164,603
118,683
112,522
35,569
75,680
290,505
62,627
84,516
65,723
152,686
246,466
192,719
19,725
241,689
146,637
192,564
150,568
119,286
192,306
100,464
101,453
273,436
216,313
100,28
134,329
128,77
132,218
230,268
238,494
231,440
229,514
252,449
148,769
122,378
126,65
123,783
237,598
34,700
117,625
226,720
223,654
155,662
146,452
178,597
74,256
131,438
154,105
50,240
291,673
72,590
251,612
139,638
161,533
25,622
280,565
162,563
252,664
192,506
15,670
124,692
128,675
224,348
212,541
160,381
246,459
61,584
149,618
98,548
35,546
275,650
4,384
163,408
131,358
122,312
66,779
39,27
271,642
161,718
127,441
166,740
216,592
255,300
251,518
173,227
215,211
168,628
216,213
2,99
48,443
172,639
6,677
4,35
283,155
251,392
192,195
251,98
252,174
47,30
96,462
183,237
229,393
180,422
172,226
161,542
69,298
39,376
207,294
223,305
104,580
267,198
109,331
109,336
194,134
169,192
214,315
183,196
266,682
155,540
218,591
107,148
139,391
105,271
261,547
269,567
36,653
213,704
164,418
159,280
202,630
260,415
121,463
11,687
111,594
232,357
172,360
275,434
249,550
67,629
60,536
35,490
128,368
108,140
135,520
78,125
201,302
125,458
284,11
142,100
192,517
84,141
35,343
103,480
109,308
118,325
147,461
60,245
207,623
272,531
55,364
237,497
150,521
53,534
166,684
98,460
9,601
115,620
49,543
218,715
233,139
250,420
194,212
94,142
102,610
97,651
203,586
20,151
145,425
83,423
35,508
277,73
171,401
153,347
209,539
169,498
144,399
164,561
209,538
259,640
182,621
251,487
241,475
127,649
127,562
210,575
203,571
248,611
231,316
132,648
60,633
283,712
187,442
203,613
125,407
215,350
243,409
168,554
63,410
44,489
15,122
41,176
16,448
221,607
143,501
231,695
71,614
283,532
224,446
203,560
259,301
216,194
218,205
89,207
72,162
251,582
216,335
194,168
32,143
143,208
11,369
259,103
165,588
231,573
248,397
284,281
275,555
227,248
199,307
95,344
245,108
29,25
27,332
63,279
28,362
29,230
164,55
235,12
186,363
223,530
239,323
59,81
218,373
219,513
232,545
158,328
137,527
116,173
240,375
250,152
257,394
57,219
190,359
222,604
113,479
223,341
209,587
156,299
201,330
46,241
157,234
199,370
130,471
192,600
186,503
194,412
3,636
20,467
19,658
19,674
24,193
237,470
173,36
211,8
223,201
198,20
158,246
250,214
110,69
228,435
17,292
227,437
81,295
10,225
60,197
196,317
23,238
245,356
186,112
245,94
244,297
159,60
254,95
281,183
122,342
233,43
22,85
190,191
233,274
86,215
230,189
292,164
211,175
226,101
280,19
226,167
197,411
37,239
19,760
282,652
59,86
11,396
194,365
30,380
239,107
170,229
203,153
169,377
201,158
149,456
205,293
182,483
242,137
181,172
13,252
39,52
247,190
268,304
246,303
206,257
26,314
106,146
201,171
203,92
37,91
93,382
154,79
14,414
231,185
208,145
230,147
232,265
212,113
233,150
203,7
24,129
204,242
253,26
192,138
282,309
256,477
257,157
287,184
194,41
3,10
243,136
8,254
133,2
49,126
225,154
231,61
92,266
20,3
153,144
283,71
21,128
192,272
243,439
43,178
244,121
239,102
21,643
21,339
39,324
207,83
140,80
16,88
232,296
228,288
192,259
285,6
247,42
193,495
254,232
192,163
204,1
200,366
10,4
226,261
45,29
192,119
192,519
192,289
224,419
205,51
204,48
204,402
231,22
182,54
83,40
238,97
230,333
204,32
66,578
35,602
21,131
192,135
224,57
192,132
195,18
220,14
232,179
247,275
200,349
230,283
38,455
239,481
191,285
243,210
227,59
237,104
199,9
214,263
230,39
194,284
224,220
188,5
236,233
189,264
19,223
239,222
204,398
204,576
19,451
245,231
249,253
114,374
194,16
18,556
11,277
247,367
243,244
243,44
200,114
204,353
200,318
39,90
236,120
204,186
204,523
19,249
243,118
288,68
250,93
192,64
243,404
106,267
192,250
90,310
19,361
216,430
19,177
251,72
192,371
189,78
37,270
226,273
259,31
250,47
194,62
200,17
237,96
182,161
282,74
234,334
204,46
19,156
201,116
201,23
19,75
258,56
230,216
91,326
204,255
225,67
192,37
192,478
247,278
192,159
12,209
226,379
243,200
200,509
242,319
247,235
204,447
282,221
204,228
189,188
192,702
230,49
243,269
200,133
232,87
20,428
201,688
194,581
204,596
183,389
239,655
233,553
284,599
192,549
242,641
192,570
192,124
253,646
204,579
200,388
176,676
243,624
19,678
184,705
143,287
286,482
279,387
19,525
287,491
243,492
243,485
188,558
226,400
263,406
236,416
201,390
19,465
37,665
39,450
255,165
34,322
192,496
192,320
201,170
192,354
200,352
24,431
204,58
204,243
192,340
192,559
200,444
204,609
192,457
202,403
255,507
200,276
20,476
175,38
20,202
192,351
204,355
280,433
237,111
204,109
230,338
192,50
204,182
234,203
19,33
204,386
192,474
192,795
200,701
192,781
192,262
247,792
192,794
34,793
192,770
192,290
201,115
35,524
270,34
192,13
236,21
20,15
192,708
284,797
35,737
35,736
194,180
192,786
242,773
192,745
192,771
230,734
192,709
192,731
184,772
204,251
201,743
194,236
192,748
204,749
192,798
204,787
283,445
192,187
192,217
284,732
284,493
35,566
39,657
283,656
35,454
192,427
35,585
35,535
283,659
192,697
182,149
192,84
192,789
35,321
40,744
35,488
192,106
192,199
39,82
39,751
192,429
282,616
192,785
192,593
192,778
192,469
192,765
281,484
192,738
192,204
264,311
192,733
192,726
287,327
280,729
282,345
192,258
192,730
285,707
201,631
35,768
35,500
35,644
35,791
192,110
192,681
288,166
192,764
282,424
185,757
192,413
35,647
192,784
201,472
287,763
282,776
35,572
39,66
192,53
34,117
192,645
286,70
35,247
35,346
35,181
35,24
192,291
35,421
39,160
