20,712
20,728
20,737
32,724
20,701
20,600
48,618
20,508
20,646
20,654
20,656
21,505
20,719
20,739
20,643
20,669
20,664
20,504
49,686
20,616
20,729
20,677
48,596
20,633
48,734
46,718
20,715
20,723
20,702
48,545
20,685
20,671
20,722
32,571
20,406
20,720
20,512
19,756
20,735
49,727
20,370
20,546
20,364
20,427
20,621
48,564
20,351
20,521
30,632
18,732
49,687
18,659
11,526
20,604
20,731
27,705
10,615
20,601
29,506
20,672
19,714
20,611
20,644
48,708
48,479
20,648
20,559
20,588
20,547
48,710
18,667
20,581
21,469
20,553
22,647
48,636
20,638
20,562
20,688
19,585
48,520
20,262
20,630
20,560
16,613
19,419
20,699
19,476
20,590
20,456
18,529
20,570
20,623
29,662
25,272
18,401
20,524
46,403
9,609
48,321
20,346
20,649
20,645
16,386
15,368
20,661
18,652
28,706
20,461
75,284
19,625
48,550
12,586
48,670
20,634
18,610
21,703
3,543
32,683
45,352
26,721
48,568
48,363
20,208
20,535
72,541
20,379
47,497
12,418
36,528
20,444
44,640
20,695
20,607
20,655
20,591
63,680
18,573
18,673
43,696
40,593
82,400
13,709
20,658
2,657
20,540
20,446
18,393
68,319
59,453
18,660
48,438
20,462
60,507
38,744
34,675
20,287
6,264
20,192
4,484
20,679
59,347
26,460
13,605
15,390
52,382
33,405
20,236
24,454
8,578
8,247
48,488
44,378
35,522
61,407
59,425
59,502
18,330
48,373
61,276
59,483
61,285
20,274
59,435
60,491
23,249
17,415
61,515
59,441
20,514
67,374
59,486
62,327
75,381
61,377
59,487
59,429
61,574
66,542
61,463
60,525
61,450
61,455
18,493
18,220
59,238
61,320
59,243
59,413
19,387
59,316
59,354
61,443
48,492
42,397
20,189
8,412
48,150
78,404
59,248
61,537
18,241
59,385
61,299
59,211
31,408
59,232
59,306
54,430
61,464
59,577
59,494
14,567
20,258
59,384
59,255
61,627
59,235
59,270
59,181
59,177
61,532
59,594
57,608
6,421
20,296
59,383
59,694
59,414
4,503
61,411
59,556
59,442
61,513
59,361
61,642
69,209
59,329
59,348
61,325
61,475
59,227
61,449
59,283
61,436
59,307
61,239
59,162
61,266
59,434
65,212
59,297
61,196
59,184
60,301
59,223
59,345
59,259
61,500
61,197
39,490
61,579
59,554
59,392
59,641
61,576
59,480
59,228
61,290
59,288
61,253
74,372
61,440
61,350
61,225
59,375
59,252
56,278
59,176
61,598
59,575
61,395
41,626
61,472
61,416
59,231
59,206
61,595
61,240
64,628
61,561
61,268
61,582
18,277
61,275
59,154
61,201
61,603
59,185
59,750
59,747
61,755
61,745
61,758
59,653
61,760
59,757
61,753
59,742
59,748
61,752
61,746
61,749
61,751
49,743
63,761
20,523
61,552
18,527
61,467
53,332
61,549
61,451
61,530
59,353
59,366
59,221
59,359
61,256
59,322
59,555
59,254
61,280
59,202
61,485
18,291
61,237
80,355
61,300
61,424
59,340
61,519
59,580
59,459
61,389
61,614
61,282
59,544
74,265
59,433
1,380
59,289
59,589
59,305
59,439
61,651
59,311
59,309
59,637
61,639
59,445
59,224
59,668
59,344
59,597
59,587
59,251
61,207
61,315
59,230
61,631
59,195
59,312
61,295
59,698
18,516
59,388
61,313
61,612
59,399
59,509
61,563
59,367
59,583
59,557
59,409
59,716
59,398
61,394
61,622
59,432
59,437
59,465
59,635
59,458
59,410
70,293
59,468
59,539
20,267
59,334
79,349
61,343
61,362
59,428
74,606
59,338
61,302
59,260
59,242
71,357
61,308
61,342
59,518
59,717
59,331
61,182
59,175
61,279
59,261
59,365
59,689
59,510
59,551
61,423
59,304
47,326
61,318
59,726
59,697
61,269
61,681
59,707
59,317
59,617
59,693
7,692
61,629
61,725
59,730
59,676
59,496
59,323
59,666
61,736
61,691
61,733
61,569
59,682
61,665
61,489
59,538
47,548
18,402
59,599
59,481
76,263
79,452
59,572
59,482
61,584
61,558
59,498
59,213
61,501
59,200
59,391
59,376
61,624
59,704
59,324
59,678
59,273
59,360
5,180
61,470
59,690
61,198
75,333
59,740
61,466
59,471
59,328
59,294
59,188
59,286
59,448
59,203
61,193
61,244
18,592
59,684
59,565
59,663
59,536
61,298
20,137
61,336
61,341
59,166
59,229
59,310
61,271
59,199
59,763
59,764
61,754
59,149
59,191
61,257
20,194
59,499
73,110
18,292
59,426
55,369
59,477
61,602
61,219
59,422
59,478
59,358
59,142
61,711
59,533
59,126
59,431
61,417
61,64
59,112
61,172
61,65
59,114
59,25
61,218
59,81
61,741
61,122
59,23
59,46
59,152
59,566
61,30
59,70
57,123
48,179
59,76
59,100
61,7
59,214
59,128
61,473
59,447
59,335
59,650
59,19
59,51
59,770
59,40
61,98
59,26
59,173
61,132
61,120
59,700
59,738
61,303
59,215
61,155
59,713
59,281
57,141
59,140
59,5
59,79
59,15
61,115
59,337
61,420
59,54
59,127
77,102
60,31
59,69
59,517
61,67
59,216
59,8
59,33
59,74
59,29
61,55
59,14
61,89
59,32
59,84
61,28
59,72
31,1
15,47
59,3
61,41
59,97
61,90
59,6
59,39
59,133
59,82
61,762
59,11
61,27
59,21
59,125
59,765
61,44
59,769
61,43
59,768
61,135
59,183
59,190
59,68
59,161
59,159
59,124
59,92
59,234
59,168
59,246
49,147
61,531
59,134
58,66
59,153
59,106
59,60
59,77
59,20
59,22
59,2
59,10
59,93
55,45
59,109
61,101
61,78
59,131
61,58
59,157
59,144
59,24
59,103
59,35
1,146
59,62
61,48
59,18
61,767
59,13
59,87
61,36
61,17
59,37
57,63
59,83
59,9
59,16
59,42
61,136
61,766
61,339
61,205
61,71
59,396
59,178
59,52
61,222
61,356
59,116
41,107
59,474
59,96
59,511
61,534
59,314
59,204
61,138
59,91
59,151
59,50
81,139
59,148
37,88
59,38
59,111
61,80
61,86
59,210
59,61
59,12
59,117
59,73
59,186
59,75
61,620
61,105
59,165
59,85
59,104
61,187
59,163
59,121
61,95
59,169
59,108
61,56
59,143
41,164
59,113
61,129
48,233
58,226
58,759
59,619
58,94
58,59
58,49
58,119
58,34
58,4
58,160
58,250
58,495
51,158
58,245
59,457
58,171
58,217
31,170
58,57
58,99
20,53
50,674
50,371
20,145
20,118
20,167
20,174
20,156
49,130
