15,1288
11,1285
11,1229
14,1254
5,1294
14,1290
11,1302
14,1153
11,1242
11,1262
11,1292
11,1102
11,282
11,1185
15,1240
15,998
11,1197
11,1238
15,1300
15,1168
11,1174
11,1187
11,1303
15,1299
11,1210
11,1272
14,1280
5,645
11,1247
5,1271
11,1054
11,1037
11,238
11,613
15,670
15,1156
11,823
11,1189
14,1255
11,757
11,1276
14,1230
15,1307
5,1172
11,946
11,621
11,434
5,913
15,1219
11,685
5,860
11,1209
11,365
11,682
11,1148
11,956
15,1281
15,995
5,509
5,1109
11,636
11,1047
11,540
11,563
11,958
11,438
14,1184
15,405
15,651
11,1231
11,825
15,1139
11,528
11,1146
11,1186
11,1118
15,1092
11,845
11,925
5,1235
11,1130
14,1308
13,1261
11,1068
5,1074
11,700
11,1016
11,619
11,1266
15,921
11,982
14,1232
5,399
11,1076
11,417
5,1282
9,1151
5,1226
11,1287
11,853
15,1142
14,1049
15,379
15,288
12,1056
11,859
5,826
15,794
11,809
11,1190
11,1245
11,915
5,1160
11,1183
15,1202
11,666
14,591
14,1066
11,1220
5,353
15,467
15,616
5,635
11,862
5,833
15,800
11,485
11,1297
15,1257
11,1286
9,1234
5,1104
14,1162
5,1128
14,1216
5,691
5,751
15,448
11,964
11,708
5,866
5,1127
11,1144
7,1256
5,492
5,950
11,1199
11,1289
5,1295
5,1233
11,1277
5,1030
5,469
11,916
5,1205
5,941
5,1243
11,1225
5,345
11,1133
5,999
11,1081
11,1175
11,1293
5,1129
5,626
13,428
11,1201
5,1196
5,1070
5,1181
5,1284
14,1112
5,1131
11,502
11,1006
3,721
5,1000
11,1071
5,819
5,716
5,1055
11,962
13,1249
5,1052
11,1171
5,817
5,1214
11,1163
5,1032
5,326
1,1244
5,1122
5,799
11,523
5,877
5,697
11,1221
11,991
5,840
11,1173
11,1008
1,987
5,850
11,609
5,1278
5,1304
5,1157
15,949
5,801
5,1027
5,1119
5,1192
2,1105
5,1134
10,954
11,740
5,1028
15,977
5,679
5,899
5,208
5,297
11,906
5,805
5,765
5,934
5,1298
5,1296
11,1283
5,1301
5,1218
5,1228
5,544
5,161
5,1269
5,404
5,1018
11,886
14,611
5,443
5,959
5,1085
5,253
5,667
5,473
5,450
11,695
5,402
7,287
4,378
5,994
5,856
5,764
5,1087
5,1200
11,974
5,1147
5,930
5,631
5,1136
5,503
5,989
2,1023
5,815
5,1079
5,565
5,696
5,1152
15,975
5,1115
15,615
5,213
5,923
5,1050
5,395
5,1126
5,846
5,649
5,795
5,888
5,488
5,658
2,955
5,1239
5,1159
5,430
5,790
5,785
5,908
5,1241
5,383
5,1179
15,1188
5,1265
5,1258
5,984
5,1259
11,966
5,1203
5,706
11,1215
5,358
5,420
5,269
5,1043
5,919
5,1260
5,842
5,1044
5,654
1,407
5,1161
5,1072
5,331
5,185
5,477
5,394
11,910
5,603
11,396
5,624
5,577
5,735
5,699
5,980
5,914
5,607
5,971
5,324
5,836
5,944
5,802
5,755
5,928
5,715
11,1264
5,907
5,876
5,376
5,347
5,789
5,644
5,262
5,855
5,1154
5,705
5,1208
5,496
11,804
5,546
5,837
5,472
5,986
5,922
5,191
5,527
5,869
5,1073
5,236
5,254
5,759
5,973
5,320
5,357
5,549
5,798
5,863
5,676
5,532
5,316
5,444
5,895
11,838
6,688
5,243
3,662
5,366
5,988
5,215
5,1213
5,196
5,743
5,811
5,929
5,1123
5,1251
5,1270
5,604
5,981
5,722
5,963
5,1064
5,589
5,612
5,260
5,879
5,766
5,709
5,848
5,871
5,359
11,704
5,1167
5,1275
5,285
5,873
5,717
5,841
5,887
5,844
5,750
5,573
5,1077
5,538
5,812
5,931
5,594
5,1042
5,961
5,1057
5,336
5,632
5,249
5,574
5,1108
5,672
5,690
5,281
5,517
5,1021
5,1113
5,1191
5,1031
5,227
5,657
5,470
5,880
5,550
5,1083
5,1060
5,1194
5,1029
5,481
5,633
5,306
5,322
5,211
5,200
5,233
5,997
5,720
5,882
5,872
5,454
5,1124
15,663
5,1125
5,386
5,1279
5,978
5,1088
5,1141
5,453
5,1069
5,1250
5,380
5,1114
5,990
5,421
5,835
5,414
5,768
5,425
5,1246
5,1204
5,828
5,427
5,409
5,293
5,1001
5,460
5,356
5,1022
5,1003
11,993
15,1039
5,489
5,1010
5,520
5,796
5,329
11,1035
5,936
5,1099
5,767
5,983
5,318
5,729
5,397
5,752
5,687
5,1166
5,596
5,665
5,1121
5,1143
5,1075
5,1004
5,948
5,511
5,683
5,255
5,436
5,373
5,889
5,1135
5,480
5,821
5,622
15,728
5,416
5,967
5,1007
5,553
5,385
5,985
5,992
5,661
5,308
5,924
5,1116
5,797
5,733
5,564
5,774
5,1101
5,1176
5,419
5,222
5,300
5,363
5,898
5,338
5,829
5,507
5,1094
11,1137
5,933
5,599
11,937
5,656
5,461
5,225
5,491
5,277
5,1082
5,1045
5,874
5,1117
5,839
5,583
5,598
5,263
5,458
5,452
5,852
5,832
8,465
5,1053
5,957
5,1089
5,1149
5,335
5,951
11,769
5,431
5,814
11,782
5,349
5,433
5,628
5,266
11,398
5,142
5,157
5,680
5,593
5,432
5,555
5,343
5,578
5,568
5,515
5,572
5,466
5,439
5,793
5,206
5,543
5,271
5,435
5,370
5,242
5,235
5,352
5,602
5,518
5,557
5,146
5,938
5,451
5,884
11,508
5,495
5,777
5,423
5,671
5,120
5,145
5,762
5,745
5,711
5,702
5,810
5,1120
5,1046
5,1274
11,585
7,442
5,625
5,710
5,181
5,367
5,1180
5,787
5,1267
5,707
5,426
5,854
5,1019
5,415
5,581
5,535
5,344
5,1236
5,446
5,664
5,668
8,960
5,818
5,311
5,784
5,1038
5,1017
5,917
5,1111
5,1103
5,1252
5,552
5,542
5,1065
5,834
5,1150
5,1106
5,736
5,1014
5,703
5,808
5,422
5,355
5,806
5,424
5,1158
5,1237
5,516
5,279
5,510
5,659
5,410
5,412
5,501
5,223
5,372
5,524
5,459
5,342
5,730
5,878
5,497
5,827
5,1012
5,561
5,1227
5,234
5,533
5,483
5,783
5,776
5,1090
5,1178
5,775
5,259
5,870
5,830
5,570
5,713
5,327
5,1061
5,996
5,1140
5,885
5,881
5,362
5,559
5,674
5,820
5,911
5,935
5,901
5,1212
5,970
5,280
11,1051
5,525
5,1211
5,1005
5,296
5,354
5,478
5,246
5,900
5,113
5,560
5,303
5,732
5,307
5,231
5,455
5,731
5,861
15,726
5,1020
5,788
5,1198
5,298
5,779
5,610
5,953
5,851
5,1011
5,479
5,1132
5,725
5,675
11,447
5,741
5,896
5,1086
5,150
5,237
5,401
5,531
5,512
5,694
5,268
5,361
5,244
5,494
5,382
5,325
5,608
5,1033
5,539
5,332
5,758
5,292
5,218
5,229
5,152
5,718
5,575
5,723
5,673
5,772
5,341
5,681
5,927
5,778
5,754
5,1067
5,1138
5,1059
5,647
5,413
5,567
5,232
5,822
5,920
5,791
5,1080
5,351
5,639
5,744
5,623
5,945
5,640
5,1025
5,875
5,334
5,617
5,348
5,712
5,317
5,556
5,1096
5,1110
5,1155
5,698
5,943
5,952
5,1002
5,387
5,883
5,1036
5,865
5,734
5,1164
5,748
5,1058
5,212
5,660
5,1224
5,475
5,456
5,346
5,701
5,780
5,390
5,267
5,595
5,505
5,641
5,605
5,600
5,597
5,286
5,646
5,500
5,620
5,965
5,193
5,289
5,388
5,562
5,643
5,807
5,771
5,739
5,669
5,763
5,571
5,693
11,918
5,530
5,304
5,381
5,498
5,278
5,137
5,868
5,727
5,677
5,369
5,590
5,947
5,197
5,159
5,642
5,537
5,847
5,686
5,894
5,592
5,714
5,513
5,514
5,295
5,174
7,1024
5,1026
5,968
5,719
5,283
5,265
5,339
5,761
5,309
5,749
5,738
5,153
5,411
14,313
5,892
5,566
5,134
5,781
5,301
5,258
5,226
5,241
5,652
5,857
5,123
5,1009
5,178
5,59
5,476
5,1040
5,391
5,93
5,190
5,330
5,1177
5,891
5,471
5,172
5,1182
5,792
5,221
5,692
5,1195
5,1034
5,291
5,770
5,678
5,1098
5,773
15,1015
5,909
5,554
11,547
5,1100
5,449
5,932
5,586
5,526
5,482
5,429
5,1165
5,207
5,315
5,418
5,979
5,580
5,558
5,653
5,905
5,601
5,490
5,210
5,545
5,276
5,1091
5,393
5,171
5,831
5,522
5,333
5,816
5,893
9,541
5,389
5,618
5,536
7,684
5,824
5,484
5,637
5,867
5,519
5,323
5,360
5,474
5,1248
5,228
5,310
5,182
5,529
5,849
5,813
5,588
5,926
5,499
5,305
5,843
5,1169
5,441
5,368
5,194
5,655
5,437
5,1084
5,290
5,753
5,340
5,912
5,141
5,256
5,1253
5,1305
5,1291
14,1306
5,274
5,400
5,204
5,273
5,468
5,638
5,445
5,904
5,786
5,384
5,803
5,314
5,689
5,737
5,760
5,408
5,364
5,534
5,187
5,902
5,747
5,1041
5,587
5,275
5,1063
5,634
5,746
5,464
5,1273
5,440
5,247
5,462
5,406
5,582
10,169
5,858
5,1097
5,245
5,1268
5,1223
5,1062
5,252
5,220
5,132
5,940
5,149
5,463
5,969
5,506
5,1217
5,261
5,96
5,156
5,328
5,155
5,60
5,30
5,5
5,51
5,80
5,180
5,98
5,166
5,44
5,28
5,85
5,48
5,392
5,170
5,136
5,606
5,1312
5,1309
5,1310
5,1316
5,1314
5,1315
5,1313
5,1319
15,1318
5,125
11,504
5,371
5,648
5,627
5,165
5,897
5,107
5,188
5,1078
5,375
5,264
5,284
11,214
5,1193
5,1206
5,1263
5,312
5,192
5,203
5,177
5,377
5,251
5,976
5,630
5,144
5,250
5,890
5,650
5,569
5,199
5,202
5,201
5,164
5,50
5,205
5,95
5,576
5,579
5,1207
5,124
5,614
5,175
5,139
5,374
5,52
5,23
5,13
5,65
5,756
5,61
11,84
5,109
5,162
5,54
5,14
5,7
5,1325
5,25
5,47
5,76
5,34
5,319
5,1170
5,186
5,128
5,148
5,493
5,112
5,32
5,403
5,195
5,33
5,127
5,1330
5,22
11,45
5,1321
5,3
5,29
5,119
5,176
5,299
5,147
5,63
5,548
5,183
5,217
5,198
5,111
5,37
5,55
5,75
5,73
5,41
5,38
5,1335
5,1320
5,189
2,66
5,1329
5,86
5,143
5,2
5,12
5,26
5,163
5,79
5,91
5,106
5,31
5,18
2,62
11,40
5,230
5,78
5,151
5,64
5,89
5,74
5,629
5,584
5,1327
5,1328
5,100
5,116
5,53
5,140
14,71
5,158
5,1107
5,239
5,56
5,88
5,724
5,302
5,94
5,337
5,11
5,1334
5,1324
5,99
5,114
5,10
5,9
5,21
5,1331
5,70
5,154
5,110
5,87
5,17
5,224
5,168
5,486
5,321
5,551
5,1145
5,179
5,248
5,257
5,81
5,1095
5,160
5,864
5,350
5,130
5,46
5,942
1,131
5,97
5,972
5,1048
5,216
5,105
5,939
5,272
5,209
5,487
5,270
5,103
5,138
5,36
5,49
5,1311
5,69
5,57
5,101
5,219
5,77
5,72
5,121
5,35
5,122
5,19
5,457
5,294
5,24
5,115
5,104
5,126
5,68
5,742
5,129
5,20
5,15
5,1333
5,90
5,1323
5,58
5,1326
5,1336
5,1
5,1093
5,521
5,16
5,108
15,43
5,42
5,173
5,133
5,4
5,240
14,135
5,118
5,82
11,92
11,1332
14,1222
15,1013
11,39
11,67
15,6
11,27
11,1317
11,903
11,1322
11,102
14,8
15,117
11,167
11,83
15,184
