32,135
22,167
2,130
10,219
9,278
48,276
32,223
71,192
26,162
21,325
73,201
70,287
56,343
35,265
26,299
14,319
5,235
15,382
22,341
16,141
9,123
15,182
10,381
5,304
13,395
30,418
9,378
22,448
19,222
5,298
10,349
32,449
70,396
24,87
52,406
57,76
70,455
14,405
9,364
10,397
16,311
35,458
15,463
36,473
70,467
30,13
36,36
15,215
70,153
9,344
70,432
48,438
16,371
48,322
5,279
26,216
70,194
30,307
36,294
71,121
71,208
13,470
52,421
29,474
26,54
70,6
30,52
36,303
9,138
39,224
70,380
70,433
30,63
29,110
70,331
66,379
39,315
29,35
71,353
9,246
39,321
70,360
36,317
39,392
36,146
70,372
66,269
15,180
71,460
35,387
16,206
39,189
9,273
26,383
36,231
36,357
71,242
23,476
39,258
24,237
70,184
70,106
71,103
36,115
24,114
71,156
39,295
36,89
70,462
52,339
70,61
8,176
70,79
71,97
71,197
15,165
16,318
27,227
30,290
27,270
45,388
9,301
64,400
70,284
24,232
35,267
70,347
13,257
39,183
64,332
8,209
8,255
16,291
30,217
64,327
36,384
36,158
48,456
30,239
35,316
64,359
39,305
5,8
39,342
35,60
49,401
70,336
35,323
39,187
35,233
35,252
30,157
57,101
35,124
35,296
71,171
70,72
71,49
9,179
74,127
35,109
64,57
7,113
39,37
71,166
70,147
64,86
70,45
30,111
35,82
70,186
70,102
8,33
39,168
35,71
71,51
24,320
30,66
70,75
50,172
30,408
64,12
71,454
71,361
39,466
70,338
70,414
14,160
40,459
10,354
9,461
64,434
39,11
45,425
26,377
35,398
71,435
13,285
8,328
35,90
64,196
35,281
35,253
24,211
35,203
41,272
36,329
45,247
71,429
35,345
35,245
23,236
36,370
36,373
57,148
45,261
71,251
24,250
64,404
29,170
35,243
62,326
64,140
47,205
10,260
16,221
71,126
36,154
39,155
26,14
42,293
71,375
70,202
23,42
64,297
35,367
71,175
30,362
71,145
9,210
24,150
43,151
35,200
23,161
35,83
51,96
35,207
30,213
23,137
35,214
35,330
70,104
35,108
30,59
71,313
8,85
71,47
71,95
39,136
35,228
35,68
39,44
10,300
24,366
64,363
30,457
71,465
8,444
50,346
71,259
28,283
35,144
40,142
24,174
32,314
64,193
27,149
64,164
45,262
32,356
35,185
24,81
39,92
71,107
35,229
27,129
64,70
8,84
8,352
71,77
71,99
23,351
35,306
45,58
71,139
70,248
35,119
62,152
64,238
36,181
71,374
30,254
48,302
65,134
71,310
38,169
45,451
23,427
18,73
30,67
58,26
10,46
36,178
39,391
52,266
71,440
49,424
71,422
64,348
70,416
51,7
53,478
70,32
23,280
64,1
35,376
71,275
35,439
35,389
36,446
52,407
71,472
12,218
8,204
8,241
71,264
23,274
68,105
71,100
17,177
64,282
71,125
64,368
54,442
35,34
34,369
71,420
31,355
67,244
17,98
38,234
39,249
51,337
74,324
23,308
39,402
43,212
8,292
71,413
51,65
69,56
35,195
37,230
61,9
8,415
36,94
35,394
24,15
24,277
35,286
53,118
49,120
35,436
30,417
35,64
32,78
75,74
63,220
52,426
47,477
65,271
64,410
42,365
71,334
5,335
22,412
41,288
71,112
33,132
13,464
30,256
49,431
1,358
26,173
63,268
67,131
58,447
35,468
11,199
71,289
71,471
23,445
18,163
35,430
60,27
66,21
33,80
70,423
20,93
8,191
10,50
8,69
25,240
68,122
26,39
32,159
27,5
63,31
6,40
24,23
45,263
31,4
9,225
31,411
75,312
29,469
30,190
16,399
35,333
7,437
8,62
54,128
47,198
72,390
35,25
27,30
12,24
54,17
32,55
31,143
1,450
24,385
3,419
34,41
7,20
33,428
8,133
63,117
67,226
5,453
30,91
4,53
16,43
70,48
60,22
71,18
37,88
59,116
74,16
41,38
72,188
71,309
55,403
8,29
34,340
69,350
55,441
8,393
10,3
45,452
7,443
33,19
55,28
46,386
20,2
44,409
28,475
32,10
