1,26
3,16
3,29
1,15
1,33
1,22
3,12
1,13
1,21
1,31
1,4
1,6
1,32
4,38
1,40
1,24
1,36
1,42
1,20
1,10
1,1
1,39
1,18
1,8
1,5
1,9
1,17
1,19
1,27
4,28
1,34
1,35
1,51
1,25
1,41
1,11
1,23
1,66
1,67
1,94
1,48
1,61
1,113
3,54
1,57
4,53
1,49
1,112
1,110
1,47
1,59
3,55
1,65
1,50
1,107
1,43
1,58
1,64
1,63
1,69
1,60
1,68
1,62
1,45
1,37
1,56
1,92
1,101
1,76
4,70
3,90
2,74
4,86
4,84
4,97
4,105
4,77
4,80
4,91
4,88
4,81
4,102
4,87
4,73
4,14
4,82
4,93
4,83
4,89
4,96
4,46
4,75
4,78
1,103
4,85
4,79
4,95
2,30
3,7
2,2
4,52
4,44
4,114
2,99
4,3
2,71
1,111
2,98
2,104
1,72
2,109
1,106
1,108
3,100
