13,712
13,728
13,737
20,724
13,701
13,600
35,618
13,508
13,646
13,654
13,656
14,505
13,719
13,739
13,643
13,669
13,664
13,504
35,686
13,616
13,729
13,677
35,596
13,633
35,734
34,718
13,715
13,723
13,702
35,545
13,685
13,671
13,722
20,571
13,406
13,720
13,512
13,756
13,735
35,727
13,370
13,546
13,364
13,427
13,621
35,564
13,351
13,521
19,632
13,732
35,687
13,659
8,526
13,604
13,731
17,705
7,615
13,601
19,506
13,672
13,714
13,611
13,644
35,708
35,479
13,648
13,559
13,588
13,547
35,710
13,667
13,581
14,469
13,553
14,647
35,636
13,638
13,562
13,688
13,585
35,520
13,262
13,630
13,560
11,613
13,419
13,699
13,476
13,590
13,456
13,529
13,570
13,623
19,662
15,272
13,401
13,524
34,403
7,609
35,321
13,346
13,649
13,645
11,386
11,368
13,661
13,652
18,706
13,461
52,284
13,625
35,550
9,586
35,670
13,634
13,610
14,703
3,543
20,683
33,352
16,721
35,568
35,363
13,208
13,535
51,541
13,379
35,497
9,418
24,528
13,444
32,640
13,695
13,607
13,655
13,591
43,680
13,573
13,673
31,696
28,593
57,400
9,709
13,658
2,657
13,540
13,446
13,393
48,319
42,453
13,660
35,438
13,462
42,507
26,744
22,675
13,287
4,264
13,192
4,484
13,679
42,347
16,460
9,605
11,390
38,382
21,405
13,236
15,454
6,578
6,247
35,488
32,378
23,522
42,407
42,425
42,502
13,330
35,373
42,276
42,483
42,285
13,274
42,435
42,491
14,249
12,415
42,515
42,441
13,514
47,374
42,486
42,327
52,381
42,377
42,487
42,429
42,574
46,542
42,463
42,525
42,450
42,455
13,493
13,220
42,238
42,320
42,243
42,413
13,387
42,316
42,354
42,443
35,492
30,397
13,189
6,412
35,150
55,404
42,248
42,537
13,241
42,385
42,299
42,211
19,408
42,232
42,306
39,430
42,464
42,577
42,494
10,567
13,258
42,384
42,255
42,627
42,235
42,270
42,181
42,177
42,532
42,594
41,608
4,421
13,296
42,383
42,694
42,414
4,503
42,411
42,556
42,442
42,513
42,361
42,642
49,209
42,329
42,348
42,325
42,475
42,227
42,449
42,283
42,436
42,307
42,239
42,162
42,266
42,434
45,212
42,297
42,196
42,184
42,301
42,223
42,345
42,259
42,500
42,197
27,490
42,579
42,554
42,392
42,641
42,576
42,480
42,228
42,290
42,288
42,253
52,372
42,440
42,350
42,225
42,375
42,252
40,278
42,176
42,598
42,575
42,395
29,626
42,472
42,416
42,231
42,206
42,595
42,240
44,628
42,561
42,268
42,582
13,277
42,275
42,154
42,201
42,603
42,185
42,750
42,747
42,755
42,745
42,758
42,653
42,760
42,757
42,753
42,742
42,748
42,752
42,746
42,749
42,751
35,743
43,761
13,523
42,552
13,527
42,467
38,332
42,549
42,451
42,530
42,353
42,366
42,221
42,359
42,256
42,322
42,555
42,254
42,280
42,202
42,485
13,291
42,237
56,355
42,300
42,424
42,340
42,519
42,580
42,459
42,389
42,614
42,282
42,544
52,265
42,433
1,380
42,289
42,589
42,305
42,439
42,651
42,311
42,309
42,637
42,639
42,445
42,224
42,668
42,344
42,597
42,587
42,251
42,207
42,315
42,230
42,631
42,195
42,312
42,295
42,698
13,516
42,388
42,313
42,612
42,399
42,509
42,563
42,367
42,583
42,557
42,409
42,716
42,398
42,394
42,622
42,432
42,437
42,465
42,635
42,458
42,410
50,293
42,468
42,539
13,267
42,334
56,349
42,343
42,362
42,428
52,606
42,338
42,302
42,260
42,242
50,357
42,308
42,342
42,518
42,717
42,331
42,182
42,175
42,279
42,261
42,365
42,689
42,510
42,551
42,423
42,304
35,326
42,318
42,726
42,697
42,269
42,681
42,707
42,317
42,617
42,693
5,692
42,629
42,725
42,730
42,676
42,496
42,323
42,666
42,736
42,691
42,733
42,569
42,682
42,665
42,489
42,538
35,548
13,402
42,599
42,481
53,263
56,452
42,572
42,482
42,584
42,558
42,498
42,213
42,501
42,200
42,391
42,376
42,624
42,704
42,324
42,678
42,273
42,360
4,180
42,470
42,690
42,198
52,333
42,740
42,466
42,471
42,328
42,294
42,188
42,286
42,448
42,203
42,193
42,244
13,592
42,684
42,565
42,663
42,536
42,298
13,137
42,336
42,341
42,166
42,229
42,310
42,271
42,199
42,763
42,764
42,754
42,149
42,191
42,257
13,194
42,499
51,110
13,292
42,426
40,369
42,477
42,602
42,219
42,422
42,478
42,358
42,142
42,711
42,533
42,126
42,431
42,417
42,64
42,112
42,172
42,65
42,114
42,25
42,218
42,81
42,741
42,122
42,23
42,46
42,152
42,566
42,30
42,70
41,123
35,179
42,76
42,100
42,7
42,214
42,128
42,473
42,447
42,335
42,650
42,19
42,51
42,770
42,40
42,98
42,26
42,173
42,132
42,120
42,700
42,738
42,303
42,215
42,155
42,713
42,281
41,141
42,140
42,5
42,79
42,15
42,115
42,337
42,420
42,54
42,127
54,102
42,31
42,69
42,517
42,67
42,216
42,8
42,33
42,74
42,29
42,55
42,14
42,89
42,32
42,84
42,28
42,72
19,1
11,47
42,3
42,41
42,97
42,90
42,6
42,39
42,133
42,82
42,762
42,11
42,27
42,21
42,125
42,765
42,44
42,769
42,43
42,768
42,135
42,183
42,190
42,68
42,161
42,159
42,124
42,92
42,234
42,168
42,246
35,147
42,531
42,134
42,66
42,153
42,106
42,60
42,77
42,20
42,22
42,2
42,10
42,93
40,45
42,109
42,101
42,78
42,131
42,58
42,157
42,144
42,24
42,103
42,35
1,146
42,62
42,48
42,18
42,767
42,13
42,87
42,36
42,17
42,37
41,63
42,83
42,9
42,16
42,42
42,136
42,766
42,339
42,205
42,71
42,396
42,178
42,52
42,222
42,356
42,116
29,107
42,474
42,96
42,511
42,534
42,314
42,204
42,138
42,91
42,151
42,50
57,139
42,148
25,88
42,38
42,111
42,80
42,86
42,210
42,61
42,12
42,117
42,73
42,186
42,75
42,620
42,105
42,165
42,85
42,104
42,187
42,163
42,121
42,95
42,169
42,108
42,56
42,143
29,164
42,113
42,129
35,233
42,226
42,759
42,619
42,94
42,59
42,49
42,119
42,34
42,4
42,160
42,250
42,495
37,158
42,245
42,457
42,171
42,217
19,170
42,57
42,99
13,53
36,674
36,371
13,145
13,118
13,167
13,174
13,156
35,130
