7,89
9,112
10,33
2,49
11,80
1,113
13,41
1,120
2,65
13,81
15,168
1,67
8,76
2,29
11,189
1,104
14,122
3,75
11,23
11,87
14,121
11,96
11,82
1,28
11,140
11,92
11,117
11,272
11,50
14,102
11,148
14,107
11,68
11,162
11,85
14,56
14,98
3,97
1,60
11,146
11,161
11,22
11,235
13,84
11,20
11,95
11,201
14,42
11,79
11,101
14,70
13,69
14,105
14,58
11,78
11,200
11,55
11,115
11,40
11,88
11,209
11,57
11,114
14,34
11,156
11,77
11,47
11,27
11,91
11,93
11,190
2,63
8,45
11,240
11,138
11,66
11,171
11,26
11,46
11,61
11,31
11,90
14,35
11,15
11,59
8,25
11,232
11,271
11,62
11,19
11,71
11,268
11,244
9,247
11,175
11,264
11,133
11,109
1,43
14,127
11,248
11,249
14,254
11,198
11,221
11,218
11,181
14,158
11,233
11,74
14,5
11,106
11,110
11,126
11,267
1,257
11,3
9,94
9,170
11,119
11,183
11,216
14,178
14,202
14,179
11,172
11,2
2,212
14,224
14,118
14,180
13,13
11,73
14,86
5,261
14,30
14,225
11,160
14,154
11,103
5,228
2,37
14,217
14,124
3,153
11,111
14,182
11,83
14,108
2,166
14,32
14,197
14,184
14,164
5,125
11,53
14,36
11,208
13,152
14,236
11,177
11,203
13,219
14,130
5,129
14,187
14,196
11,48
13,173
9,193
11,100
9,17
14,137
5,252
11,147
14,139
14,195
9,151
9,64
9,207
11,188
14,222
9,215
14,234
14,205
3,143
14,211
14,21
11,51
11,54
3,157
2,131
14,255
13,256
14,223
14,134
14,144
11,231
14,199
11,176
11,220
9,270
14,149
13,185
14,210
2,136
14,260
14,167
11,259
14,123
14,262
9,194
3,52
13,214
14,241
9,132
14,204
11,237
14,44
14,169
11,229
14,159
14,10
9,163
14,7
1,239
13,243
14,269
13,266
4,227
14,186
11,145
11,238
14,213
11,191
14,245
13,18
3,38
13,258
11,250
13,230
4,242
13,251
11,246
3,141
4,135
11,165
11,174
11,253
4,265
4,155
14,273
5,1
11,150
14,142
14,192
10,72
3,4
14,9
14,128
8,263
14,206
2,14
11,24
5,226
13,12
12,99
11,116
13,39
14,16
11,8
11,6
6,11
