18,833
17,565
38,831
19,845
28,640
43,769
37,767
17,682
17,739
11,713
10,797
17,832
39,732
20,762
28,691
14,642
17,756
44,795
17,367
36,711
2,776
28,810
18,671
19,607
42,747
34,822
14,318
28,494
45,669
10,853
14,847
18,818
18,751
33,114
42,687
24,793
45,731
44,608
5,559
5,645
18,707
18,353
18,839
26,771
42,543
28,750
26,723
17,322
18,689
37,763
18,817
38,714
18,709
23,802
17,676
18,746
32,653
41,598
17,573
35,184
23,748
44,179
5,782
25,638
14,675
18,571
18,761
17,579
45,595
28,485
39,304
34,646
34,719
42,778
44,619
39,672
34,615
38,734
18,555
44,764
17,774
18,848
28,668
28,677
42,216
18,212
6,695
21,685
42,305
17,820
31,605
18,686
18,826
17,787
39,841
39,789
28,825
23,819
28,840
9,704
24,416
38,792
44,850
24,829
19,575
20,790
35,712
28,814
17,737
18,740
18,532
19,170
44,568
17,588
44,48
17,550
19,566
17,754
35,547
28,843
18,718
18,725
24,816
40,849
28,806
18,661
18,842
18,437
41,824
14,429
17,652
16,462
17,259
18,518
40,94
17,524
24,19
18,109
34,479
23,478
18,567
18,9
42,326
17,246
43,604
5,618
18,692
44,226
15,422
28,558
44,766
28,267
39,639
30,445
42,800
38,17
28,378
38,727
14,418
19,770
18,328
45,706
23,384
45,374
18,253
28,643
17,234
25,345
17,854
17,670
18,830
12,59
18,131
37,681
5,745
32,852
42,696
28,834
17,779
18,773
28,637
5,708
38,610
17,683
18,512
3,557
17,520
18,654
19,625
18,611
34,626
28,499
18,563
34,393
25,634
39,587
28,589
45,651
17,535
36,562
28,678
39,743
18,585
39,757
44,622
27,788
13,693
18,530
16,118
33,442
20,702
17,703
18,721
18,541
18,656
17,755
4,684
18,781
12,516
26,627
18,644
17,722
44,453
38,522
14,255
17,556
18,423
18,657
17,796
26,837
18,309
25,443
18,600
17,552
30,803
18,738
17,597
24,663
40,617
19,574
25,635
18,591
41,649
22,716
40,705
17,623
25,780
28,641
17,760
25,694
5,580
25,724
17,630
44,458
17,799
19,648
18,759
38,658
17,667
19,477
42,504
5,551
18,592
19,741
17,513
17,472
17,544
18,596
42,459
18,469
18,167
14,444
28,515
42,377
25,338
17,2
28,8
25,435
17,295
19,528
34,401
39,386
17,380
39,534
26,385
28,249
30,55
4,381
14,427
18,483
18,362
1,388
18,390
45,475
17,317
18,144
19,468
25,237
7,187
25,484
24,315
18,449
18,564
17,726
17,465
18,481
24,599
18,700
17,578
30,620
18,323
25,749
18,583
28,116
17,577
24,594
17,768
17,394
18,343
38,169
2,433
17,329
17,344
19,199
6,744
17,283
18,398
17,265
17,506
17,222
18,519
13,655
18,81
24,440
18,375
28,349
25,330
17,526
39,498
24,662
19,650
4,493
17,432
17,266
17,365
18,276
18,12
18,136
17,229
39,68
5,368
18,90
17,133
18,476
18,364
24,537
18,279
24,402
19,209
42,132
10,141
17,348
5,400
17,570
17,614
18,680
17,542
17,452
5,51
42,32
25,193
37,715
26,511
17,593
17,752
39,473
17,569
17,601
35,492
17,502
17,501
39,404
39,327
17,730
17,728
17,697
18,572
17,447
11,391
17,436
18,497
18,742
17,508
17,673
38,772
28,699
38,688
17,733
18,586
18,431
17,603
17,500
18,523
18,214
42,263
18,576
28,293
42,42
39,306
5,439
39,221
29,126
18,122
42,41
18,134
17,233
39,92
17,121
28,270
18,357
5,185
17,56
17,448
6,303
42,514
39,308
17,406
25,335
17,49
18,257
18,609
17,415
17,236
42,584
17,67
18,366
17,482
39,66
18,142
17,710
18,173
17,110
17,190
17,161
17,413
42,127
18,180
18,271
17,313
28,138
42,546
18,290
17,147
39,231
40,23
18,631
39,616
17,488
17,346
42,208
18,521
17,268
19,387
5,33
17,1
18,302
18,311
17,347
17,213
46,93
42,392
17,399
18,296
39,549
17,128
17,188
17,529
17,242
17,53
18,79
17,165
18,43
17,403
17,621
17,430
5,582
42,495
18,227
39,505
43,291
29,525
18,503
17,679
17,456
18,215
42,218
18,461
17,171
17,319
18,203
18,517
18,420
18,510
17,355
18,333
17,331
28,467
18,86
39,735
18,82
18,480
17,613
17,647
18,354
17,466
17,441
18,228
17,111
17,352
17,341
18,359
17,463
18,105
17,260
18,24
17,256
41,280
17,324
18,264
17,117
28,112
17,297
38,4
17,240
17,189
28,160
17,106
39,14
28,211
42,88
17,27
18,130
17,289
17,159
38,225
18,31
17,272
25,16
18,65
17,149
17,332
17,207
29,172
39,219
17,244
17,561
17,312
17,241
17,252
5,247
25,278
17,371
17,250
17,548
17,428
17,195
17,275
17,64
18,232
18,300
17,168
18,298
17,337
17,307
17,358
18,238
17,104
17,340
17,101
17,36
42,301
18,316
17,334
18,137
17,123
18,356
17,61
17,163
17,54
5,140
17,98
17,44
18,220
17,47
17,285
17,373
17,230
17,206
17,784
17,855
18,539
39,861
18,28
17,808
17,720
5,450
17,46
17,851
18,785
17,99
17,181
28,152
18,108
18,97
17,277
18,192
17,813
17,70
17,5
17,22
18,659
17,857
17,660
28,15
17,859
17,166
17,314
8,178
5,828
17,83
18,407
28,248
39,197
17,273
17,201
39,531
17,860
17,157
17,396
17,120
17,821
17,701
17,286
17,805
17,777
17,823
18,632
17,612
17,84
17,419
17,674
17,624
17,815
17,336
17,125
17,858
17,507
17,801
28,835
28,536
17,758
17,698
17,150
42,553
29,491
42,412
17,665
17,287
17,154
17,235
17,310
17,91
18,451
28,269
17,540
17,666
17,85
17,405
18,370
18,460
17,581
17,471
17,414
17,408
17,274
17,446
17,496
18,261
17,434
39,35
17,25
17,360
17,89
17,45
17,487
17,177
18,74
28,425
18,664
17,155
28,143
17,129
17,527
17,58
17,243
17,145
17,6
17,490
17,113
18,75
17,103
17,38
17,62
17,80
18,205
17,18
5,254
17,115
17,148
28,223
17,151
17,37
17,294
17,29
17,69
17,198
17,162
18,164
3,489
18,636
17,383
17,282
18,438
17,602
18,633
4,95
17,417
17,409
17,204
17,538
17,509
18,71
17,457
17,382
17,426
17,339
17,96
17,350
17,554
17,690
17,76
18,411
4,376
17,196
17,284
17,474
17,454
28,153
17,202
17,13
17,124
17,239
17,245
17,455
5,135
17,52
17,258
17,320
17,397
17,395
17,224
18,156
17,78
17,158
1,102
17,183
28,545
17,533
17,3
17,372
17,174
17,7
5,50
28,379
28,107
6,119
17,60
17,20
17,200
17,470
4,26
17,73
17,139
11,281
17,191
17,194
17,72
7,77
17,34
17,210
28,176
17,57
17,606
5,838
28,836
17,560
4,765
28,351
5,63
17,844
5,629
5,811
28,421
17,464
28,827
17,717
17,175
17,809
17,410
17,590
28,846
17,363
28,804
17,783
17,251
17,39
5,486
28,856
17,40
17,182
17,812
17,369
17,146
17,262
28,342
5,807
17,736
5,217
17,753
17,791
17,288
17,786
17,325
5,87
17,424
5,729
17,186
17,299
17,798
17,628
28,100
17,321
17,21
17,775
28,292
5,10
28,794
28,389
28,30
28,361
28,11
