66,1288
41,1285
41,1229
54,1254
12,1294
55,1290
41,1302
56,1153
39,1242
39,1262
39,1292
41,1102
41,282
41,1185
65,1240
64,998
44,1197
41,1238
62,1300
65,1168
39,1174
41,1187
41,1303
62,1299
41,1210
41,1272
55,1280
12,645
41,1247
12,1271
41,1054
41,1037
41,238
41,613
60,670
58,1156
41,823
41,1189
55,1255
41,757
41,1276
54,1230
67,1307
12,1172
41,946
46,621
41,434
12,913
58,1219
41,685
12,860
41,1209
41,365
41,682
41,1148
40,956
58,1281
65,995
17,509
12,1109
41,636
41,1047
41,540
41,563
41,958
41,438
55,1184
61,405
58,651
39,1231
40,825
58,1139
41,528
41,1146
41,1186
41,1118
58,1092
41,845
41,925
12,1235
45,1130
54,1308
51,1261
41,1068
12,1074
41,700
44,1016
40,619
41,1266
65,921
41,982
54,1232
17,399
40,1076
41,417
12,1282
35,1151
12,1226
39,1287
41,853
58,1142
56,1049
58,379
62,288
50,1056
41,859
24,826
64,794
41,809
43,1190
41,1245
41,915
17,1160
39,1183
62,1202
41,666
57,591
54,1066
41,1220
17,353
59,467
62,616
17,635
41,862
21,833
61,800
41,485
41,1297
63,1257
45,1286
35,1234
16,1104
54,1162
17,1128
54,1216
13,691
17,751
58,448
41,964
41,708
17,866
17,1127
41,1144
30,1256
17,492
17,950
41,1199
41,1289
14,1295
17,1233
41,1277
17,1030
17,469
43,916
12,1205
12,941
17,1243
40,1225
17,345
45,1133
17,999
41,1081
41,1175
41,1293
23,1129
12,626
52,428
48,1201
17,1196
12,1070
17,1181
17,1284
54,1112
17,1131
41,502
41,1006
9,721
17,1000
48,1071
12,819
17,716
17,1055
41,962
53,1249
17,1052
41,1171
17,817
25,1214
41,1163
17,1032
17,326
3,1244
17,1122
17,799
41,523
17,877
17,697
41,1221
41,991
17,840
41,1173
41,1008
4,987
17,850
41,609
17,1278
17,1304
17,1157
58,949
17,801
17,1027
17,1119
17,1192
6,1105
17,1134
37,954
41,740
17,1028
58,977
15,679
17,899
17,208
17,297
48,906
17,805
17,765
17,934
17,1298
17,1296
41,1283
17,1301
17,1218
17,1228
17,544
17,161
17,1269
17,404
17,1018
40,886
54,611
17,443
17,959
17,1085
17,253
17,667
17,473
17,450
48,695
17,402
32,287
10,378
15,994
17,856
17,764
17,1087
17,1200
49,974
17,1147
17,930
17,631
19,1136
17,503
17,989
5,1023
17,815
17,1079
17,565
17,696
17,1152
58,975
17,1115
58,615
17,213
17,923
17,1050
17,395
17,1126
17,846
17,649
17,795
17,888
17,488
17,658
5,955
17,1239
17,1159
17,430
17,790
17,785
17,908
17,1241
17,383
17,1179
62,1188
17,1265
17,1258
17,984
17,1259
41,966
17,1203
17,706
40,1215
17,358
17,420
17,269
17,1043
17,919
17,1260
17,842
17,1044
17,654
1,407
17,1161
17,1072
17,331
17,185
17,477
17,394
41,910
17,603
48,396
17,624
17,577
17,735
17,699
17,980
17,914
12,607
17,971
17,324
17,836
17,944
17,802
17,755
17,928
17,715
42,1264
17,907
17,876
17,376
17,347
17,789
17,644
17,262
17,855
17,1154
17,705
17,1208
17,496
45,804
17,546
17,837
17,472
17,986
17,922
17,191
17,527
17,869
17,1073
17,236
17,254
17,759
17,973
17,320
17,357
17,549
17,798
17,863
17,676
17,532
23,316
17,444
17,895
41,838
27,688
17,243
8,662
17,366
17,988
17,215
17,1213
17,196
17,743
17,811
17,929
17,1123
17,1251
17,1270
17,604
17,981
17,722
12,963
17,1064
17,589
17,612
17,260
17,879
17,766
17,709
17,848
17,871
17,359
41,704
17,1167
17,1275
17,285
17,873
17,717
17,841
17,887
17,844
17,750
17,573
17,1077
17,538
17,812
17,931
17,594
17,1042
17,961
17,1057
17,336
17,632
17,249
17,574
17,1108
17,672
17,690
17,281
17,517
17,1021
17,1113
17,1191
17,1031
17,227
17,657
17,470
17,880
17,550
17,1083
17,1060
17,1194
17,1029
17,481
17,633
17,306
17,322
17,211
17,200
17,233
17,997
17,720
17,882
17,872
17,454
17,1124
62,663
17,1125
17,386
17,1279
17,978
17,1088
18,1141
17,453
17,1069
17,1250
17,380
17,1114
17,990
17,421
17,835
17,414
17,768
17,425
17,1246
17,1204
17,828
17,427
17,409
17,293
17,1001
17,460
17,356
17,1022
17,1003
48,993
58,1039
17,489
17,1010
17,520
17,796
17,329
41,1035
17,936
17,1099
17,767
17,983
17,318
17,729
17,397
17,752
17,687
17,1166
22,596
17,665
19,1121
17,1143
17,1075
17,1004
17,948
17,511
17,683
17,255
17,436
17,373
17,889
17,1135
17,480
17,821
17,622
66,728
17,416
17,967
17,1007
17,553
17,385
17,985
17,992
17,661
17,308
17,924
17,1116
17,797
17,733
17,564
17,774
17,1101
17,1176
17,419
17,222
17,300
17,363
17,898
17,338
17,829
17,507
17,1094
41,1137
17,933
17,599
48,937
17,656
17,461
17,225
17,491
17,277
17,1082
17,1045
17,874
17,1117
17,839
17,583
17,598
17,263
17,458
17,452
17,852
17,832
33,465
17,1053
17,957
17,1089
17,1149
17,335
17,951
41,769
17,431
17,814
41,782
17,349
17,433
17,628
17,266
41,398
17,142
17,157
17,680
17,593
17,432
17,555
17,343
17,578
17,568
17,515
17,572
17,466
17,439
17,793
17,206
17,543
17,271
17,435
17,370
17,242
17,235
20,352
17,602
17,518
17,557
17,146
17,938
17,451
17,884
41,508
17,495
17,777
17,423
17,671
17,120
17,145
17,762
17,745
17,711
17,702
17,810
17,1120
23,1046
17,1274
41,585
28,442
17,625
17,710
17,181
17,367
17,1180
17,787
17,1267
17,707
17,426
17,854
17,1019
17,415
17,581
17,535
17,344
17,1236
17,446
23,664
17,668
34,960
17,818
17,311
17,784
17,1038
17,1017
17,917
17,1111
17,1103
17,1252
17,552
17,542
17,1065
17,834
17,1150
17,1106
17,736
17,1014
17,703
17,808
17,422
17,355
17,806
17,424
17,1158
17,1237
17,516
17,279
17,510
17,659
17,410
17,412
17,501
17,223
17,372
17,524
17,459
17,342
17,730
17,878
17,497
17,827
17,1012
17,561
17,1227
17,234
17,533
17,483
17,783
17,776
17,1090
17,1178
17,775
17,259
17,870
17,830
17,570
17,713
17,327
17,1061
17,996
17,1140
17,885
17,881
17,362
17,559
17,674
17,820
17,911
17,935
17,901
17,1212
17,970
17,280
40,1051
17,525
17,1211
17,1005
17,296
17,354
17,478
17,246
17,900
17,113
17,560
17,303
17,732
17,307
17,231
17,455
17,731
17,861
63,726
17,1020
17,788
17,1198
17,298
17,779
17,610
17,953
17,851
17,1011
17,479
17,1132
17,725
17,675
41,447
17,741
17,896
17,1086
17,150
17,237
17,401
17,531
17,512
17,694
17,268
17,361
17,244
17,494
17,382
17,325
17,608
17,1033
17,539
17,332
17,758
17,292
17,218
17,229
17,152
17,718
17,575
17,723
17,673
17,772
17,341
17,681
17,927
17,778
17,754
17,1067
17,1138
17,1059
17,647
17,413
17,567
17,232
17,822
17,920
17,791
17,1080
17,351
17,639
17,744
17,623
17,945
17,640
17,1025
17,875
17,334
17,617
17,348
17,712
17,317
17,556
17,1096
17,1110
17,1155
17,698
17,943
17,952
17,1002
17,387
17,883
17,1036
17,865
17,734
17,1164
17,748
17,1058
17,212
17,660
17,1224
17,475
17,456
17,346
17,701
17,780
17,390
17,267
17,595
17,505
17,641
17,605
17,600
17,597
17,286
17,646
17,500
17,620
17,965
17,193
17,289
17,388
17,562
17,643
17,807
17,771
17,739
17,669
17,763
17,571
17,693
45,918
17,530
17,304
17,381
17,498
17,278
17,137
17,868
17,727
17,677
17,369
17,590
17,947
17,197
17,159
17,642
17,537
17,847
17,686
17,894
17,592
17,714
17,513
17,514
17,295
17,174
31,1024
17,1026
17,968
17,719
17,283
17,265
17,339
23,761
17,309
17,749
17,738
17,153
17,411
56,313
17,892
17,566
17,134
17,781
17,301
17,258
17,226
17,241
17,652
17,857
17,123
17,1009
17,178
17,59
17,476
17,1040
17,391
17,93
17,190
17,330
17,1177
17,891
17,471
17,172
17,1182
17,792
17,221
17,692
17,1195
17,1034
17,291
17,770
17,678
17,1098
17,773
58,1015
14,909
17,554
47,547
17,1100
17,449
17,932
17,586
17,526
17,482
17,429
17,1165
17,207
17,315
17,418
17,979
17,580
17,558
17,653
17,905
17,601
17,490
17,210
17,545
17,276
17,1091
17,393
17,171
17,831
17,522
19,333
17,816
17,893
36,541
17,389
17,618
17,536
29,684
17,824
17,484
17,637
17,867
17,519
17,323
17,360
17,474
17,1248
17,228
17,310
17,182
17,529
17,849
17,813
17,588
17,926
17,499
17,305
17,843
17,1169
17,441
17,368
17,194
17,655
17,437
17,1084
17,290
17,753
17,340
17,912
17,141
17,256
17,1253
17,1305
17,1291
55,1306
17,274
17,400
17,204
17,273
17,468
17,638
17,445
17,904
17,786
17,384
17,803
17,314
17,689
17,737
17,760
17,408
17,364
17,534
17,187
17,902
17,747
17,1041
17,587
17,275
17,1063
17,634
17,746
17,464
17,1273
17,440
17,247
17,462
17,406
17,582
38,169
17,858
17,1097
17,245
17,1268
17,1223
17,1062
17,252
17,220
17,132
17,940
17,149
17,463
17,969
15,506
17,1217
17,261
17,96
17,156
17,328
17,155
17,60
17,30
17,5
17,51
17,80
17,180
17,98
17,166
17,44
26,28
17,85
17,48
17,392
17,170
17,136
17,606
17,1312
17,1309
17,1310
17,1316
17,1314
17,1315
17,1313
17,1319
66,1318
17,125
45,504
17,371
17,648
17,627
17,165
17,897
17,107
17,188
17,1078
17,375
17,264
17,284
40,214
17,1193
17,1206
17,1263
17,312
17,192
17,203
17,177
17,377
17,251
17,976
17,630
17,144
17,250
17,890
17,650
17,569
17,199
17,202
17,201
17,164
17,50
17,205
17,95
17,576
17,579
17,1207
17,124
17,614
17,175
17,139
17,374
17,52
17,23
17,13
17,65
17,756
17,61
48,84
17,109
17,162
17,54
17,14
17,7
17,1325
17,25
17,47
17,76
17,34
17,319
17,1170
17,186
17,128
17,148
17,493
17,112
17,32
17,403
17,195
17,33
17,127
17,1330
17,22
41,45
17,1321
17,3
17,29
17,119
17,176
17,299
17,147
17,63
17,548
17,183
17,217
17,198
17,111
17,37
17,55
17,75
17,73
17,41
17,38
17,1335
17,1320
17,189
7,66
17,1329
17,86
17,143
17,2
17,12
17,26
17,163
17,79
17,91
17,106
17,31
17,18
7,62
41,40
17,230
17,78
17,151
17,64
17,89
17,74
17,629
17,584
17,1327
19,1328
17,100
17,116
17,53
17,140
55,71
17,158
17,1107
17,239
17,56
17,88
17,724
17,302
17,94
17,337
17,11
17,1334
17,1324
17,99
17,114
17,10
17,9
17,21
17,1331
17,70
17,154
17,110
17,87
17,17
17,224
17,168
17,486
17,321
17,551
17,1145
17,179
17,248
17,257
17,81
17,1095
17,160
17,864
17,350
17,130
17,46
17,942
2,131
17,97
17,972
17,1048
17,216
17,105
17,939
17,272
17,209
17,487
17,270
17,103
17,138
17,36
17,49
17,1311
17,69
17,57
17,101
17,219
17,77
17,72
17,121
17,35
17,122
17,19
17,457
17,294
17,24
17,115
17,104
17,126
17,68
17,742
17,129
17,20
17,15
17,1333
17,90
17,1323
17,58
17,1326
17,1336
17,1
17,1093
17,521
11,16
11,108
58,43
11,42
11,173
11,133
11,4
11,240
56,135
11,118
11,82
41,92
41,1332
56,1222
65,1013
39,39
41,67
66,6
41,27
41,1317
41,903
41,1322
39,102
55,8
65,117
39,167
41,83
66,184
