19,667
17,680
8,672
3,649
17,652
19,651
15,634
9,671
13,669
17,660
10,510
15,656
5,631
16,647
17,598
17,594
8,682
11,107
17,515
10,405
13,138
10,474
13,481
3,519
16,507
8,552
16,639
9,646
12,495
9,617
14,553
1,658
17,616
9,527
17,584
19,543
5,535
16,654
16,583
9,558
9,636
11,664
9,608
14,655
10,666
13,653
6,629
9,676
9,599
14,560
1,601
9,358
10,644
10,446
10,678
9,71
16,633
17,588
8,145
9,395
8,234
7,550
19,426
9,485
20,430
8,429
9,374
17,302
19,129
19,308
9,327
9,416
9,82
11,257
9,8
8,52
5,489
18,152
9,143
9,421
14,587
9,612
6,579
10,623
17,565
9,90
14,486
3,600
8,452
9,378
8,534
17,549
5,352
17,195
3,432
19,353
9,454
17,417
8,473
9,546
9,363
8,330
1,216
10,228
9,427
8,491
9,536
17,453
3,410
9,400
14,541
17,334
9,350
14,555
7,595
4,663
9,637
1,650
9,643
9,563
8,657
9,508
11,681
9,662
9,372
16,626
9,404
3,590
9,513
14,465
17,478
9,447
17,246
17,611
8,613
17,554
3,580
9,566
17,529
19,568
9,476
17,597
9,591
8,551
9,521
8,574
11,573
16,562
8,585
7,511
9,537
9,412
17,632
17,592
5,576
5,578
8,610
9,642
9,615
9,487
9,533
9,530
3,497
2,455
7,544
9,556
9,630
9,531
19,456
16,479
6,268
15,517
14,282
10,422
17,444
9,509
13,351
9,218
9,329
17,326
9,420
16,451
7,518
9,461
17,394
17,528
15,437
9,324
9,548
17,213
17,202
7,645
17,624
8,496
9,460
8,226
16,545
9,204
17,356
9,377
19,127
9,270
10,159
9,217
9,73
9,249
9,291
8,449
9,337
8,72
9,40
13,442
9,459
9,64
10,364
9,419
9,101
9,439
5,609
9,577
8,561
8,606
3,684
9,532
10,618
9,538
9,614
9,581
9,525
3,559
9,539
9,540
16,214
9,677
6,635
5,564
9,607
9,596
9,431
9,492
9,665
19,409
17,297
9,406
10,141
9,462
9,340
9,488
9,522
17,418
5,467
17,475
9,307
17,493
10,381
9,296
9,231
9,120
9,285
8,277
8,391
3,56
9,211
10,524
9,122
9,362
17,271
9,498
17,298
9,503
9,247
9,463
10,86
17,441
9,567
9,28
9,283
9,317
9,266
9,506
9,117
9,184
9,433
8,361
9,483
9,336
9,342
9,322
9,345
1,79
9,280
10,241
11,436
9,178
4,259
9,237
9,162
9,132
9,424
17,256
6,411
9,80
16,371
9,97
19,229
19,166
9,390
9,413
19,325
17,526
1,179
6,286
10,457
8,67
10,466
9,490
9,393
8,575
10,369
9,379
19,471
9,176
17,289
9,398
9,253
9,232
9,512
9,621
9,49
9,288
9,240
10,207
17,276
9,320
9,124
9,542
9,458
10,335
17,239
9,469
5,220
9,354
10,105
3,294
9,279
13,375
19,275
10,470
19,435
9,382
9,384
9,401
9,516
9,161
10,263
9,206
9,386
9,316
4,209
17,125
9,258
9,75
9,331
9,370
9,244
6,160
17,198
10,48
9,205
9,248
9,357
9,494
9,200
9,281
9,272
19,168
9,365
9,373
9,151
17,328
9,265
9,119
8,227
9,43
19,60
9,30
3,188
17,110
9,34
9,438
9,287
14,167
9,238
9,434
9,181
16,158
15,41
9,189
14,100
9,299
9,304
10,113
19,389
9,224
9,278
9,501
14,675
8,679
9,619
9,245
9,500
9,480
9,520
19,686
17,640
9,628
9,589
9,502
9,45
9,402
9,104
9,20
10,319
9,53
17,255
9,332
9,355
17,225
9,22
9,292
9,313
9,685
9,368
9,423
9,54
9,84
9,348
9,215
9,586
17,264
9,55
9,338
17,203
9,315
6,482
9,11
9,273
19,174
9,343
19,499
9,66
9,408
9,383
9,468
9,208
9,472
9,146
9,106
9,102
9,314
9,89
9,61
9,221
19,318
9,261
9,210
9,121
8,222
9,144
9,76
9,157
8,149
9,26
9,196
9,59
9,135
6,284
9,260
9,91
10,17
9,194
10,3
9,99
19,235
9,171
9,301
9,445
9,477
9,366
9,47
9,83
9,312
9,115
9,62
9,192
9,183
9,165
9,150
10,37
10,93
10,219
10,13
9,251
17,341
19,236
9,77
9,156
9,155
9,295
9,116
9,359
9,230
9,109
17,163
9,262
9,95
9,128
9,24
9,4
10,223
9,344
9,387
19,137
9,88
9,290
9,118
9,103
9,311
9,51
9,32
9,164
9,68
9,415
9,133
9,175
9,33
9,191
9,254
9,112
9,193
9,243
9,428
9,199
9,269
9,131
9,323
19,440
9,443
9,310
9,58
9,2
9,142
9,514
9,333
9,5
9,339
19,274
9,10
9,360
9,180
9,139
9,16
9,186
9,94
9,108
9,380
9,367
9,153
19,154
19,92
19,190
19,300
9,136
9,35
9,98
9,504
9,267
9,425
9,19
9,185
9,388
19,134
9,250
9,85
9,252
10,15
9,25
9,27
10,14
9,233
9,197
9,38
19,57
9,396
9,126
9,182
9,170
9,39
9,148
9,303
9,78
19,87
19,114
19,130
19,50
9,31
9,44
9,81
9,392
9,638
9,407
9,173
9,399
9,111
9,7
9,172
9,12
9,187
10,397
19,212
9,9
19,23
9,177
9,46
19,346
9,21
19,42
10,147
9,123
9,18
9,293
9,74
9,29
9,140
9,604
9,376
9,622
14,347
9,670
10,523
19,464
9,661
9,321
9,602
9,582
9,96
9,36
19,683
9,69
9,625
9,570
9,448
9,659
9,648
9,414
9,63
9,620
9,385
19,603
9,572
19,593
9,309
9,505
9,484
9,668
9,674
9,547
19,169
9,571
19,242
9,557
9,70
19,641
19,403
10,627
9,349
9,1
9,569
10,201
9,6
9,305
9,673
19,450
9,605
10,306
10,65
