2,1206
10,1208
10,1210
10,1064
10,1219
2,1236
10,703
11,1232
10,1207
9,1157
6,1199
2,1082
9,1112
10,1212
9,1095
7,889
11,1144
6,1227
9,876
9,1118
11,1005
9,954
9,1089
10,1042
10,561
11,1087
11,591
9,1223
3,1139
9,928
2,1222
2,908
9,784
6,1077
9,891
9,1056
9,912
2,1228
9,1215
9,655
4,946
9,970
9,996
9,532
9,581
2,485
11,722
1,751
7,829
9,1192
11,1194
9,514
9,831
9,1197
9,633
9,967
10,500
9,1030
7,952
1,386
9,1221
7,880
9,1032
9,1166
9,1001
9,697
6,1133
8,659
9,993
10,1163
9,1196
10,1053
9,520
9,978
9,1204
9,1147
4,798
9,981
10,1101
8,850
9,1060
8,1153
7,1079
9,1195
9,1022
9,1010
8,1205
9,1116
9,636
1,701
9,1052
9,927
9,602
9,522
9,1094
2,853
9,351
9,745
9,811
7,1067
7,583
9,772
9,1086
9,863
9,716
3,564
4,385
9,816
9,725
9,580
9,1231
9,1176
4,882
10,411
9,660
6,920
9,913
7,374
3,288
11,631
9,683
11,393
8,518
9,621
9,400
9,577
9,1046
9,667
9,1114
9,554
9,456
10,723
7,720
7,953
4,959
8,1122
9,937
9,1058
9,543
9,982
9,578
4,791
9,511
10,1049
6,740
8,1098
3,692
6,727
9,593
10,427
9,415
9,493
10,430
4,1115
6,841
9,1031
9,919
4,861
7,1217
1,1224
9,1161
1,773
9,823
9,565
9,626
6,1120
9,991
9,979
9,1076
9,1182
9,526
9,1008
9,894
9,830
9,969
9,947
9,999
9,1105
9,704
9,512
9,428
7,612
9,486
9,744
9,1132
9,466
9,842
9,980
9,1063
9,817
7,1029
9,775
9,568
9,681
9,730
5,781
9,851
9,1068
9,762
9,608
15,729
9,690
9,1141
9,944
6,767
9,611
7,930
9,1016
9,549
9,1121
9,609
9,790
9,865
9,825
9,1143
9,1047
9,845
9,984
9,1119
9,888
9,590
9,843
9,708
9,641
9,685
2,574
9,1211
9,1225
9,642
9,1198
9,1202
9,1226
10,698
9,972
6,1051
9,1156
6,1184
9,837
7,684
9,1177
9,713
9,1229
9,1164
6,1126
9,801
9,924
9,917
9,1216
9,1235
9,1218
9,1158
9,872
9,1209
9,1185
9,1136
9,916
9,1017
9,1234
9,1138
10,1036
9,1104
9,1220
6,709
9,1175
9,800
9,1088
9,921
7,584
6,465
9,1146
6,1169
9,918
9,962
9,1142
9,788
9,1055
9,1129
9,765
9,1128
9,802
7,629
9,777
7,1075
9,1018
9,669
9,896
9,824
9,938
9,529
9,388
9,792
9,854
9,535
10,1069
8,878
9,1180
9,810
9,1170
9,1171
9,285
9,915
9,1151
9,1092
9,652
6,1154
9,1168
9,334
9,1173
1,645
9,412
9,657
9,846
9,503
4,995
9,318
9,866
9,1109
9,983
1,910
9,1125
9,809
9,1145
9,625
9,505
8,732
9,1004
9,771
9,968
9,1024
9,855
9,956
9,743
9,1083
9,1045
9,1131
9,640
7,933
9,524
9,1165
9,1000
9,760
9,1174
9,617
9,1187
4,955
9,884
9,904
9,1048
9,752
9,844
9,536
9,632
9,1044
9,1200
8,587
9,1034
9,828
6,1123
2,717
9,813
9,869
9,974
9,1003
9,840
9,1090
9,1135
9,1084
9,769
1,1040
10,964
9,502
9,1021
9,1106
9,754
9,1006
13,1113
4,966
9,832
9,594
9,682
9,691
9,618
9,1137
9,1189
9,1002
9,712
9,1213
9,793
9,961
9,895
9,1230
9,1214
9,677
9,348
9,1178
9,936
7,934
9,932
9,1188
9,395
9,734
6,1152
9,1111
9,997
6,1043
9,758
1,906
9,676
9,903
9,646
9,1148
9,925
9,668
9,1071
9,949
9,1140
9,540
9,875
9,322
8,735
9,747
9,544
9,390
11,1097
9,1183
9,569
9,941
9,702
14,893
9,582
2,647
9,1059
9,1134
9,768
9,960
9,858
9,929
6,990
9,672
9,1130
9,1020
9,864
9,551
9,282
9,601
9,886
9,513
9,449
9,1110
9,623
9,988
9,779
9,736
7,572
9,1124
9,320
9,586
9,275
9,384
9,812
9,592
8,635
9,380
9,1167
9,1062
9,746
9,883
4,1033
8,506
9,958
9,852
9,976
9,494
9,562
9,497
9,898
9,527
9,870
13,731
9,530
7,787
9,987
10,794
9,897
9,573
9,1093
9,733
9,689
9,403
9,501
8,822
9,1054
9,902
9,821
9,627
9,662
9,780
9,671
9,710
9,445
9,839
9,539
9,566
9,1023
9,948
9,1149
9,877
9,686
9,890
9,867
9,911
9,885
9,776
9,973
8,1014
9,1091
9,1072
9,567
9,1028
9,1027
9,1080
9,498
1,695
9,600
9,940
9,488
9,496
9,558
9,556
9,408
9,432
9,439
9,437
9,674
9,795
9,1057
9,1150
9,579
9,576
9,738
9,441
9,422
9,198
9,93
9,95
9,286
9,489
9,257
9,157
9,236
9,311
9,477
9,806
9,696
9,610
9,994
8,724
9,458
9,860
9,596
9,1099
9,785
9,820
9,1009
9,504
9,1107
9,835
9,826
9,805
9,679
9,656
9,763
9,541
9,721
9,1061
9,418
9,650
9,753
9,649
9,766
9,874
9,750
9,922
9,957
9,783
9,926
9,807
9,1085
9,899
9,847
9,943
9,1100
9,986
9,670
9,764
9,654
9,510
9,665
9,818
9,387
9,862
9,588
9,658
9,827
9,310
9,375
9,680
9,394
9,223
9,1038
9,571
9,705
9,473
9,247
9,749
9,620
9,129
9,86
9,232
9,280
9,315
9,484
9,675
9,538
9,545
9,459
9,302
9,172
9,255
7,343
9,434
9,333
9,1015
9,585
9,971
9,546
9,859
9,624
9,507
9,266
9,209
9,349
1,219
9,517
9,443
9,435
9,292
9,104
9,354
9,552
1,542
9,164
9,214
9,188
9,151
9,297
9,347
9,737
9,550
9,416
9,848
9,360
1,371
9,598
9,352
8,267
9,338
9,128
9,433
9,487
9,834
9,296
9,871
9,977
9,799
9,856
9,1041
9,1073
9,475
9,139
9,833
9,401
9,1070
9,350
9,604
9,321
12,471
9,85
9,98
9,312
9,189
9,234
9,242
9,560
9,190
9,367
9,357
9,225
15,206
9,238
9,328
9,180
9,341
9,589
9,362
9,303
9,379
9,460
9,84
9,246
12,261
9,326
9,786
9,638
9,1103
9,256
9,942
7,814
9,399
9,548
9,218
9,173
9,193
9,141
9,143
9,279
9,277
9,78
9,63
9,313
9,363
9,105
9,472
9,220
9,688
9,605
9,323
9,421
9,1162
9,442
9,905
9,426
9,91
9,797
9,452
9,366
9,340
9,892
9,719
9,327
9,1190
9,998
9,228
9,224
9,210
9,254
9,339
9,474
9,715
9,270
9,121
9,213
9,186
9,289
9,202
9,290
9,252
9,378
9,112
9,308
9,156
9,273
9,836
2,1096
9,204
9,230
9,265
9,65
9,881
9,229
9,448
9,163
9,222
9,97
9,171
9,89
9,755
9,69
7,335
9,88
9,678
9,287
9,241
9,179
9,127
9,140
9,276
9,212
9,203
9,492
9,200
9,476
9,92
9,353
9,547
9,165
9,262
9,317
9,570
9,192
9,184
9,531
9,615
9,653
4,346
9,796
9,329
9,324
9,849
9,240
9,300
9,248
9,417
9,306
9,344
9,634
9,185
9,616
9,307
9,707
9,178
9,301
9,628
9,243
9,939
9,907
9,450
9,409
9,414
9,272
9,161
9,446
9,482
9,1159
9,706
9,253
9,264
9,490
9,951
9,603
9,423
9,398
9,413
9,1127
9,613
9,365
13,444
9,463
9,170
9,259
9,274
9,137
9,94
9,174
9,169
9,71
9,64
9,258
9,516
9,382
9,183
9,208
15,480
9,108
9,138
9,838
9,368
9,700
8,176
9,103
9,249
9,109
9,250
9,117
9,742
9,931
9,131
9,373
9,110
9,130
9,56
9,211
9,99
9,464
9,694
9,757
9,1155
9,1026
9,756
9,1025
9,622
9,1035
9,714
9,639
9,356
9,759
9,316
9,396
7,607
9,1181
9,739
9,559
9,533
9,1108
9,508
9,521
9,644
9,761
9,1065
9,619
9,331
9,661
4,606
9,168
9,455
9,614
9,741
9,555
9,406
9,782
9,525
9,519
9,726
9,963
15,231
9,693
9,673
9,804
9,1037
9,914
9,453
9,534
9,381
9,563
9,391
9,372
9,770
9,597
9,803
9,887
9,965
9,748
9,945
9,553
9,336
9,425
9,778
9,528
9,819
9,537
9,1201
9,1012
9,1013
9,950
9,451
9,599
9,278
9,495
9,637
9,728
9,361
9,467
9,901
9,330
9,197
9,975
9,1039
9,1203
9,461
9,868
9,1233
9,342
9,293
9,575
4,1019
9,291
9,181
9,195
9,111
9,216
9,251
8,648
9,436
9,457
9,364
9,470
9,392
9,808
9,478
9,900
9,389
9,1007
9,1172
9,1193
9,36
9,66
9,13
9,74
9,37
9,124
12,35
9,58
9,22
9,177
9,75
9,30
9,45
9,39
9,43
9,53
9,115
9,664
9,125
9,199
9,40
9,73
9,15
9,989
9,61
9,23
9,33
9,383
9,299
9,19
9,20
9,28
9,10
9,50
9,42
9,52
9,55
9,102
9,404
9,284
9,447
9,126
9,215
9,76
9,245
3,175
9,440
9,595
9,410
9,509
9,217
9,44
9,149
9,1066
9,304
9,499
9,332
9,298
9,194
9,227
9,419
9,1186
9,1078
9,167
9,54
9,152
9,187
9,221
9,81
8,1081
9,233
9,114
9,260
9,57
9,483
9,150
9,294
9,370
9,24
9,132
9,3
9,144
9,5
9,7
9,1237
9,9
9,4
9,70
9,2
9,79
9,153
9,14
9,72
9,25
9,8
9,21
9,26
13,51
9,17
9,1238
9,47
9,27
9,424
9,120
9,122
9,134
9,789
9,909
9,397
9,182
9,481
9,630
6,454
9,100
9,101
9,283
9,133
9,207
9,59
9,239
9,268
9,159
9,281
9,62
9,337
9,49
9,718
9,83
9,118
9,191
9,16
9,491
9,146
9,87
9,469
9,123
9,82
9,515
9,80
9,557
9,68
9,295
9,1191
9,879
9,666
9,325
9,992
9,420
9,462
9,1074
9,355
9,136
9,358
9,269
9,67
6,271
9,1117
9,1160
9,438
9,244
9,11
9,18
9,235
9,155
9,237
9,305
9,402
9,116
9,148
9,263
9,34
9,145
9,166
9,205
12,405
9,41
9,985
9,107
9,154
9,923
9,314
9,345
9,113
9,158
9,815
9,142
8,77
9,468
9,377
9,135
9,119
9,29
9,106
9,147
9,1050
9,196
9,1102
9,857
9,479
9,376
9,1179
9,1011
9,687
9,711
9,429
9,699
9,935
9,201
9,873
9,319
9,60
9,162
9,651
9,90
9,369
9,663
9,309
9,643
9,523
9,160
9,48
9,407
9,774
9,226
9,38
9,6
9,359
9,431
9,12
9,32
9,1
9,46
10,31
11,96
