5,712
5,728
5,737
6,724
5,701
5,600
19,618
5,508
5,646
5,654
5,656
5,505
5,719
5,739
5,643
5,669
5,664
5,504
19,686
5,616
5,729
5,677
19,596
5,633
19,734
18,718
5,715
5,723
5,702
19,545
5,685
5,671
5,722
6,571
5,406
5,720
5,512
5,756
5,735
19,727
5,370
5,546
5,364
5,427
5,621
19,564
5,351
5,521
6,632
5,732
19,687
5,659
3,526
5,604
5,731
5,705
2,615
5,601
6,506
5,672
5,714
5,611
5,644
19,708
19,479
5,648
5,559
5,588
5,547
19,710
5,667
5,581
5,469
5,553
5,647
19,636
5,638
5,562
5,688
5,585
19,520
5,262
5,630
5,560
5,613
5,419
5,699
5,476
5,590
5,456
5,529
5,570
5,623
6,662
5,272
5,401
5,524
18,403
2,609
19,321
5,346
5,649
5,645
5,386
5,368
5,661
5,652
5,706
5,461
30,284
5,625
19,550
4,586
19,670
5,634
5,610
5,703
1,543
6,683
17,352
5,721
19,568
19,363
5,208
5,535
29,541
5,379
19,497
4,418
10,528
5,444
17,640
5,695
5,607
5,655
5,591
21,680
5,573
5,673
16,696
13,593
31,400
4,709
5,658
1,657
5,540
5,446
5,393
26,319
21,453
5,660
19,438
5,462
21,507
11,744
8,675
5,287
2,264
5,192
2,484
5,679
21,347
5,460
4,605
5,390
21,382
7,405
5,236
5,454
2,578
2,247
19,488
17,378
9,522
21,407
21,425
21,502
5,330
19,373
21,276
21,483
21,285
5,274
21,435
21,491
5,249
5,415
21,515
21,441
5,514
25,374
21,486
21,327
30,381
21,377
21,487
21,429
21,574
24,542
21,463
21,525
21,450
21,455
5,493
5,220
21,238
21,320
21,243
21,413
5,387
21,316
21,354
21,443
19,492
15,397
5,189
2,412
19,150
30,404
21,248
21,537
5,241
21,385
21,299
21,211
6,408
21,232
21,306
21,430
21,464
21,577
21,494
4,567
5,258
21,384
21,255
21,627
21,235
21,270
21,181
21,177
21,532
21,594
21,608
2,421
5,296
21,383
21,694
21,414
2,503
21,411
21,556
21,442
21,513
21,361
21,642
27,209
21,329
21,348
21,325
21,475
21,227
21,449
21,283
21,436
21,307
21,239
21,162
21,266
21,434
23,212
21,297
21,196
21,184
21,301
21,223
21,345
21,259
21,500
21,197
12,490
21,579
21,554
21,392
21,641
21,576
21,480
21,228
21,290
21,288
21,253
30,372
21,440
21,350
21,225
21,375
21,252
21,278
21,176
21,598
21,575
21,395
14,626
21,472
21,416
21,231
21,206
21,595
21,240
22,628
21,561
21,268
21,582
5,277
21,275
21,154
21,201
21,603
21,185
21,750
21,747
21,755
21,745
21,758
21,653
21,760
21,757
21,753
21,742
21,748
21,752
21,746
21,749
21,751
19,743
21,761
5,523
21,552
5,527
21,467
21,332
21,549
21,451
21,530
21,353
21,366
21,221
21,359
21,256
21,322
21,555
21,254
21,280
21,202
21,485
5,291
21,237
31,355
21,300
21,424
21,340
21,519
21,580
21,459
21,389
21,614
21,282
21,544
30,265
21,433
1,380
21,289
21,589
21,305
21,439
21,651
21,311
21,309
21,637
21,639
21,445
21,224
21,668
21,344
21,597
21,587
21,251
21,207
21,315
21,230
21,631
21,195
21,312
21,295
21,698
5,516
21,388
21,313
21,612
21,399
21,509
21,563
21,367
21,583
21,557
21,409
21,716
21,398
21,394
21,622
21,432
21,437
21,465
21,635
21,458
21,410
28,293
21,468
21,539
5,267
21,334
31,349
21,343
21,362
21,428
30,606
21,338
21,302
21,260
21,242
28,357
21,308
21,342
21,518
21,717
21,331
21,182
21,175
21,279
21,261
21,365
21,689
21,510
21,551
21,423
21,304
19,326
21,318
21,726
21,697
21,269
21,681
21,707
21,317
21,617
21,693
2,692
21,629
21,725
21,730
21,676
21,496
21,323
21,666
21,736
21,691
21,733
21,569
21,682
21,665
21,489
21,538
19,548
5,402
21,599
21,481
30,263
31,452
21,572
21,482
21,584
21,558
21,498
21,213
21,501
21,200
21,391
21,376
21,624
21,704
21,324
21,678
21,273
21,360
2,180
21,470
21,690
21,198
30,333
21,740
21,466
21,471
21,328
21,294
21,188
21,286
21,448
21,203
21,193
21,244
5,592
21,684
21,565
21,663
21,536
21,298
5,137
21,336
21,341
21,166
21,229
21,310
21,271
21,199
21,763
21,764
21,754
21,149
21,191
21,257
5,194
21,499
29,110
5,292
21,426
21,369
21,477
21,602
21,219
21,422
21,478
21,358
21,142
21,711
21,533
21,126
21,431
21,417
21,64
21,112
21,172
21,65
21,114
21,25
21,218
21,81
21,741
21,122
21,23
21,46
21,152
21,566
21,30
21,70
21,123
19,179
21,76
21,100
21,7
21,214
21,128
21,473
21,447
21,335
21,650
21,19
21,51
21,770
21,40
21,98
21,26
21,173
21,132
21,120
21,700
21,738
21,303
21,215
21,155
21,713
21,281
21,141
21,140
21,5
21,79
21,15
21,115
21,337
21,420
21,54
21,127
30,102
21,31
21,69
21,517
21,67
21,216
21,8
21,33
21,74
21,29
21,55
21,14
21,89
21,32
21,84
21,28
21,72
6,1
5,47
21,3
21,41
21,97
21,90
21,6
21,39
21,133
21,82
21,762
21,11
21,27
21,21
21,125
21,765
21,44
21,769
21,43
21,768
21,135
21,183
21,190
21,68
21,161
21,159
21,124
21,92
21,234
21,168
21,246
19,147
21,531
21,134
21,66
21,153
21,106
21,60
21,77
21,20
21,22
21,2
21,10
21,93
21,45
21,109
21,101
21,78
21,131
21,58
21,157
21,144
21,24
21,103
21,35
1,146
21,62
21,48
21,18
21,767
21,13
21,87
21,36
21,17
21,37
21,63
21,83
21,9
21,16
21,42
21,136
21,766
21,339
21,205
21,71
21,396
21,178
21,52
21,222
21,356
21,116
14,107
21,474
21,96
21,511
21,534
21,314
21,204
21,138
21,91
21,151
21,50
31,139
21,148
11,88
21,38
21,111
21,80
21,86
21,210
21,61
21,12
21,117
21,73
21,186
21,75
21,620
21,105
21,165
21,85
21,104
21,187
21,163
21,121
21,95
21,169
21,108
21,56
21,143
14,164
21,113
21,129
19,233
21,226
21,759
21,619
21,94
21,59
21,49
21,119
21,34
21,4
21,160
21,250
21,495
20,158
21,245
21,457
21,171
21,217
6,170
21,57
21,99
5,53
20,674
20,371
5,145
5,118
5,167
5,174
5,156
19,130
