16,135
11,167
2,130
6,219
5,278
21,276
16,223
29,192
14,162
10,325
30,201
29,287
24,343
17,265
14,299
7,319
4,235
7,382
11,341
7,141
5,123
7,182
6,381
4,304
6,395
16,418
5,378
11,448
9,222
4,298
6,349
16,449
29,396
12,87
22,406
24,76
29,455
7,405
5,364
6,397
7,311
17,458
7,463
17,473
29,467
16,13
17,36
7,215
29,153
5,344
29,432
21,438
7,371
21,322
4,279
14,216
29,194
16,307
17,294
29,121
29,208
6,470
22,421
15,474
14,54
29,6
16,52
17,303
5,138
18,224
29,380
29,433
16,63
15,110
29,331
27,379
18,315
15,35
29,353
5,246
18,321
29,360
17,317
18,392
17,146
29,372
27,269
7,180
29,460
17,387
7,206
18,189
5,273
14,383
17,231
17,357
29,242
12,476
18,258
12,237
29,184
29,106
29,103
17,115
12,114
29,156
18,295
17,89
29,462
22,339
29,61
5,176
29,79
29,97
29,197
7,165
7,318
14,227
16,290
14,270
21,388
5,301
26,400
29,284
12,232
17,267
29,347
6,257
18,183
26,332
5,209
5,255
7,291
16,217
26,327
17,384
17,158
21,456
16,239
17,316
26,359
18,305
4,8
18,342
17,60
22,401
29,336
17,323
18,187
17,233
17,252
16,157
24,101
17,124
17,296
29,171
29,72
29,49
5,179
30,127
17,109
26,57
5,113
18,37
29,166
29,147
26,86
29,45
16,111
17,82
29,186
29,102
5,33
18,168
17,71
29,51
12,320
16,66
29,75
22,172
16,408
26,12
29,454
29,361
18,466
29,338
29,414
7,160
19,459
6,354
5,461
26,434
18,11
21,425
14,377
17,398
29,435
6,285
5,328
17,90
26,196
17,281
17,253
12,211
17,203
19,272
17,329
21,247
29,429
17,345
17,245
12,236
17,370
17,373
24,148
21,261
29,251
12,250
26,404
15,170
17,243
26,326
26,140
21,205
6,260
7,221
29,126
17,154
18,155
14,14
19,293
29,375
29,202
12,42
26,297
17,367
29,175
16,362
29,145
5,210
12,150
20,151
17,200
12,161
17,83
22,96
17,207
16,213
12,137
17,214
17,330
29,104
17,108
16,59
29,313
5,85
29,47
29,95
18,136
17,228
17,68
18,44
6,300
12,366
26,363
16,457
29,465
5,444
22,346
29,259
15,283
17,144
19,142
12,174
16,314
26,193
14,149
26,164
21,262
16,356
17,185
12,81
18,92
29,107
17,229
14,129
26,70
5,84
5,352
29,77
29,99
12,351
17,306
21,58
29,139
29,248
17,119
26,152
26,238
17,181
29,374
16,254
21,302
26,134
29,310
18,169
21,451
12,427
9,73
16,67
25,26
6,46
17,178
18,391
22,266
29,440
22,424
29,422
26,348
29,416
22,7
23,478
29,32
12,280
26,1
17,376
29,275
17,439
17,389
17,446
22,407
29,472
6,218
5,204
5,241
29,264
12,274
28,105
29,100
8,177
26,282
29,125
26,368
23,442
17,34
17,369
29,420
16,355
27,244
8,98
18,234
18,249
22,337
30,324
12,308
18,402
20,212
5,292
29,413
22,65
28,56
17,195
17,230
25,9
5,415
17,94
17,394
12,15
12,277
17,286
23,118
22,120
17,436
16,417
17,64
16,78
30,74
26,220
22,426
21,477
26,271
26,410
19,365
29,334
4,335
11,412
19,288
29,112
16,132
6,464
16,256
22,431
1,358
14,173
26,268
27,131
25,447
17,468
6,199
29,289
29,471
12,445
9,163
17,430
25,27
27,21
16,80
29,423
10,93
5,191
6,50
5,69
13,240
28,122
14,39
16,159
14,5
26,31
4,40
12,23
21,263
16,4
5,225
16,411
30,312
15,469
16,190
7,399
17,333
5,437
5,62
23,128
21,198
30,390
17,25
14,30
6,24
23,17
16,55
16,143
1,450
12,385
3,419
17,41
5,20
16,428
5,133
26,117
27,226
4,453
16,91
3,53
7,43
29,48
25,22
29,18
17,88
25,116
30,16
19,38
30,188
29,309
24,403
5,29
17,340
28,350
24,441
5,393
6,3
21,452
5,443
16,19
24,28
21,386
10,2
20,409
15,475
16,10
