3,825
48,1225
83,1247
88,1178
3,1182
48,1177
53,1222
3,996
3,1236
52,1239
83,1061
83,546
51,1097
48,1246
3,1112
3,856
3,1055
48,1185
53,1244
48,1046
48,1167
53,446
3,971
53,1229
3,1232
50,1224
3,987
3,1206
84,1184
52,520
3,1253
5,1179
3,968
53,1252
3,1077
53,1238
3,932
83,1191
83,1176
2,1085
53,619
49,988
53,913
83,1139
3,1140
52,1205
83,568
53,1223
3,1022
83,1148
83,414
3,776
48,670
83,1218
52,1168
86,1133
53,1195
86,667
88,804
3,623
83,964
53,1128
77,1159
3,632
3,865
3,783
82,586
52,843
83,1157
3,976
64,979
3,1033
47,1111
52,949
4,947
64,871
52,755
52,1132
88,516
3,502
59,322
3,1102
28,1180
48,901
52,937
64,848
53,1221
52,391
83,889
52,1203
77,1153
59,1169
52,535
52,1090
52,739
3,874
87,867
5,982
5,744
88,759
52,1149
3,407
52,1110
52,1109
3,1240
86,955
3,462
3,1227
3,727
52,558
16,1065
83,1219
59,1213
6,1135
48,1151
53,1241
3,615
59,1141
3,607
52,1173
3,270
54,752
81,765
54,1114
24,1188
3,767
3,894
80,594
8,1198
3,842
52,296
53,832
6,970
12,823
59,641
3,1142
52,785
59,773
59,725
56,1129
48,421
19,1117
5,1175
59,1234
5,1200
59,1230
3,1040
59,1212
85,1174
1,521
52,926
64,669
83,868
52,251
59,1171
59,1158
9,1120
59,466
48,927
3,675
3,552
26,940
83,792
3,1093
3,1044
3,455
3,571
52,981
63,953
33,510
22,1197
5,1030
59,1025
59,1026
3,1087
54,935
3,345
3,1215
29,529
59,1056
58,898
59,777
3,365
59,1201
25,1242
3,1235
3,951
83,756
59,797
48,610
48,1143
58,341
53,748
64,651
3,816
59,980
56,808
70,719
59,423
6,908
59,1125
59,1154
59,896
59,966
70,303
30,880
59,628
5,318
64,1181
7,1095
5,1138
59,872
59,1013
59,1192
59,1237
83,499
52,914
59,1243
52,794
59,1051
59,1103
3,1052
83,531
64,828
59,1163
61,1152
44,604
16,1228
13,385
11,1122
59,509
59,1194
87,1189
59,1116
31,1131
39,663
6,668
59,775
38,681
59,1001
73,995
59,1210
58,830
52,1127
59,1170
10,905
59,1130
59,1211
43,1078
59,409
59,1084
40,977
45,271
71,638
83,873
59,393
59,1193
65,1119
18,1092
59,672
52,699
59,403
23,892
59,1164
59,1049
15,1012
34,1249
59,1006
59,938
59,761
59,969
59,847
59,350
61,354
37,430
58,406
59,899
35,637
52,1126
58,993
59,1183
59,974
83,386
59,674
3,1144
59,1081
6,989
59,973
59,355
57,572
59,608
58,442
59,213
59,189
59,1220
59,286
5,272
74,513
16,309
52,850
58,508
59,852
59,737
59,944
59,1094
59,434
64,844
59,401
59,357
59,684
59,923
59,612
59,1079
59,702
83,616
59,720
58,500
59,860
59,321
57,791
59,904
59,811
59,717
59,232
59,734
58,1024
59,707
59,424
59,1075
59,729
59,269
59,747
59,602
59,790
6,419
59,538
58,240
59,360
59,362
55,489
59,273
70,329
59,1072
59,460
59,382
59,465
59,812
59,353
59,344
59,786
59,802
58,593
59,855
59,829
59,566
65,963
59,473
59,264
59,1156
59,965
59,554
59,1108
69,1136
61,939
59,408
59,343
59,585
59,447
59,262
59,916
59,936
52,858
59,550
59,439
59,461
16,247
59,644
6,945
59,718
58,486
59,338
59,551
59,664
59,478
59,528
59,577
59,656
59,870
27,1104
17,960
59,284
72,849
59,443
59,1004
61,781
59,250
64,879
59,691
59,763
59,706
59,1039
59,925
59,517
59,714
59,787
59,771
59,1050
59,220
59,890
57,692
59,503
59,1002
61,768
59,622
59,613
59,1123
59,475
59,324
59,745
59,1106
59,437
58,749
59,950
59,1187
59,754
3,713
58,1038
59,545
55,626
59,911
58,328
46,295
59,780
59,640
58,1034
59,203
59,201
41,444
59,441
59,560
59,840
59,857
59,959
59,582
70,736
59,906
59,900
22,511
59,798
59,770
59,1209
59,793
59,313
59,690
59,245
59,339
21,361
32,1003
59,796
59,620
59,415
59,716
59,351
59,288
59,396
59,305
59,789
59,479
59,603
58,530
59,834
59,310
59,555
59,693
59,268
57,910
59,526
59,817
59,1009
59,678
63,864
59,590
83,595
58,564
59,753
59,494
59,553
59,377
59,534
58,533
59,156
59,519
3,962
59,459
59,405
59,598
57,882
59,346
59,1019
59,398
59,512
59,1216
59,676
59,1186
59,639
61,501
59,922
59,1214
59,467
59,1035
59,1199
59,665
59,609
52,575
59,1029
59,983
59,601
7,381
59,199
59,645
59,492
58,930
61,687
59,998
58,347
59,282
59,741
59,1059
59,348
59,801
59,333
59,371
59,686
59,751
59,482
59,778
70,304
59,758
59,624
59,1060
59,184
58,174
59,204
65,562
59,1076
59,1172
59,760
59,319
3,234
59,853
59,942
59,1071
59,231
59,541
59,683
59,374
59,248
59,450
66,671
59,1010
3,573
59,182
59,148
59,1070
59,420
59,611
59,642
59,866
58,1018
57,722
59,402
59,144
59,81
66,158
59,180
59,312
59,334
59,135
59,958
59,515
59,428
59,155
58,113
59,146
59,118
59,139
59,173
59,196
59,138
59,218
59,862
59,1053
59,818
59,655
59,703
60,788
59,440
59,631
58,918
59,588
59,657
59,967
59,694
59,557
89,648
59,1047
59,934
59,306
59,367
59,876
59,505
59,289
59,316
59,984
59,618
59,1005
58,1100
59,454
59,1099
59,723
58,539
59,779
59,715
59,652
69,221
59,277
59,1020
59,799
59,731
59,1226
59,412
59,543
59,281
59,477
58,764
59,1000
59,659
59,294
59,456
59,504
59,822
59,358
59,733
59,851
59,827
59,1115
58,433
59,567
59,302
59,1107
59,366
59,359
58,1037
59,861
59,757
59,1165
59,885
58,774
59,909
58,952
59,330
57,845
59,488
59,1101
59,480
59,730
59,1063
59,709
59,394
59,831
59,742
59,743
59,810
59,915
59,1086
59,1150
58,666
59,524
59,833
58,795
59,819
59,649
59,917
59,507
59,411
59,311
59,416
65,314
59,495
59,474
59,746
59,425
59,1091
59,1096
68,721
59,1098
18,807
14,581
59,1008
58,634
40,711
59,308
59,336
59,895
7,836
59,1088
59,673
59,565
59,1146
58,1067
59,1137
59,946
59,1105
59,1204
59,370
59,451
59,929
59,536
59,893
59,331
59,498
59,547
59,696
58,436
59,682
59,954
59,1054
66,978
59,888
59,704
59,265
59,469
59,679
59,735
59,379
59,726
59,540
20,712
59,375
59,387
59,225
59,293
59,238
59,1048
59,592
59,578
59,903
59,1202
59,661
72,1166
59,383
59,1021
59,496
59,576
59,1155
59,869
59,803
59,327
59,907
59,589
59,1023
59,1162
59,897
59,636
59,491
59,453
59,548
59,468
58,838
59,485
59,732
52,878
59,1124
59,487
59,471
59,1118
59,1042
59,766
59,591
59,580
59,629
58,584
59,991
58,650
59,762
59,826
59,1069
59,912
59,369
59,997
59,606
59,373
59,242
59,332
59,452
59,404
59,902
59,556
59,212
58,859
59,532
59,633
59,990
59,689
58,323
59,214
59,563
59,839
82,256
59,1036
59,1073
59,449
14,1082
3,1031
61,614
59,708
59,527
59,384
59,941
58,400
66,349
59,685
59,846
61,325
59,887
59,627
59,597
59,948
59,646
59,260
59,368
59,291
59,472
59,975
7,740
59,986
42,388
59,630
59,587
59,418
15,884
59,933
59,579
59,806
59,992
59,464
59,92
59,215
59,417
59,202
59,654
59,257
59,399
62,643
59,1217
59,985
59,1017
59,463
59,600
59,1134
59,207
59,972
58,596
59,292
59,635
59,280
59,660
59,337
59,863
59,1043
59,647
59,583
59,1007
59,542
58,700
59,1064
3,490
59,800
59,710
59,1014
58,677
59,569
58,919
59,999
59,470
58,522
59,724
59,617
59,1058
59,784
58,301
59,181
59,924
59,431
59,931
59,883
59,782
59,920
59,680
59,886
59,599
59,653
59,1190
59,422
59,805
59,621
59,1028
59,192
59,881
59,380
59,352
59,891
59,1041
59,525
59,769
59,243
59,875
59,957
58,484
58,658
66,1068
59,326
59,820
58,435
59,1032
59,317
59,276
52,427
59,943
59,290
58,570
59,476
59,320
59,497
59,662
59,410
59,523
59,815
59,824
59,364
59,506
59,274
58,413
59,226
59,395
59,854
59,481
59,169
59,224
59,397
59,209
59,307
59,152
59,71
59,76
36,1290
58,86
59,194
59,688
59,356
12,258
59,544
59,124
59,1062
59,122
59,176
59,429
59,340
59,1207
59,197
59,140
59,537
59,1045
59,1147
59,1089
59,1066
59,342
59,445
59,1080
59,198
59,205
59,363
59,625
59,1208
59,559
59,728
59,574
59,821
59,921
59,1113
59,695
59,254
59,103
3,85
59,219
59,90
59,101
59,168
58,95
59,772
59,78
59,46
59,120
59,137
59,300
59,94
58,372
59,928
59,93
59,151
5,261
59,77
59,55
58,514
72,279
7,131
59,154
59,244
59,217
59,104
59,30
59,10
59,74
59,110
59,88
59,68
7,132
58,57
59,87
59,36
59,116
58,193
59,43
59,1273
59,62
59,1276
59,22
59,1284
59,1277
59,24
58,1279
59,19
58,41
59,7
70,34
59,1298
59,1289
59,48
59,18
59,115
59,21
59,141
59,1283
59,6
59,1278
59,2
78,14
58,159
59,191
59,53
59,84
54,1272
59,190
58,20
59,1297
70,1282
59,1291
58,42
59,1145
59,26
59,13
59,1015
59,392
20,750
59,241
59,298
59,73
59,432
59,1260
70,1255
59,1254
59,1258
20,1259
59,1264
59,1257
59,1261
59,1256
59,1263
70,1262
59,701
59,252
59,438
59,837
59,249
59,227
59,253
59,206
59,179
59,235
59,170
59,458
59,267
59,239
59,275
59,956
59,278
59,236
59,89
59,51
59,61
59,44
59,216
67,283
59,483
59,255
59,47
59,50
59,39
59,153
59,3
6,38
59,69
59,12
59,315
59,11
59,1270
59,54
59,163
59,188
59,223
59,112
59,809
59,67
59,29
59,149
59,58
59,1275
59,106
59,56
59,233
59,97
59,1285
59,1271
59,1286
50,79
59,4
70,59
59,100
59,1299
59,1057
59,1161
59,1268
59,91
59,63
59,1245
59,128
59,123
59,605
59,83
5,389
78,147
59,814
59,178
59,25
59,177
59,70
59,160
59,493
59,164
59,426
59,167
59,33
59,31
59,1274
59,1281
59,166
59,35
59,1266
59,1294
59,60
59,105
59,15
59,107
59,102
59,80
59,1265
59,72
59,8
59,17
58,5
59,23
59,186
59,65
59,1292
59,45
14,1
59,16
59,1295
59,52
59,37
59,1280
59,1296
59,1293
59,1288
59,1267
59,165
56,9
66,1269
59,285
59,195
59,1287
59,187
59,108
59,136
59,49
59,121
59,64
59,161
59,222
59,175
59,1233
59,877
59,994
59,549
59,126
59,183
59,561
59,130
59,119
59,96
22,109
59,28
3,66
59,117
59,27
59,82
59,127
59,75
59,40
59,150
59,208
59,98
59,145
59,143
77,1160
59,211
59,297
22,99
59,1011
22,172
22,32
59,1300
59,378
75,1121
75,287
75,237
75,133
75,200
75,335
75,114
75,518
76,1027
75,705
75,1016
3,210
3,835
3,129
79,157
3,246
83,230
88,1074
48,738
53,1083
3,457
86,259
53,697
53,142
48,1231
53,1250
3,171
3,448
48,1248
48,1251
53,698
88,813
88,1196
3,266
3,841
53,228
64,299
48,111
3,376
3,134
3,961
3,229
3,390
48,125
53,263
88,185
5,162
