94,374
120,735
118,664
49,665
55,710
49,704
32,660
118,326
25,699
90,672
21,650
38,602
48,356
147,540
60,667
49,599
92,617
60,638
71,716
108,695
99,655
97,693
32,555
97,627
97,697
20,696
63,621
44,588
95,604
99,589
18,132
4,570
49,259
59,289
74,401
22,571
27,56
72,622
111,568
97,493
94,728
82,647
52,709
62,734
22,670
20,629
96,714
61,715
125,700
67,686
97,720
53,712
102,579
107,536
91,631
20,541
116,293
22,637
50,733
22,731
29,633
113,657
118,603
50,616
22,576
143,479
83,572
73,598
141,452
38,587
103,724
76,623
99,727
22,708
97,711
143,674
110,651
143,600
108,713
68,565
116,702
51,701
118,634
120,684
62,654
94,669
110,630
71,680
71,543
94,510
71,492
97,594
97,561
102,721
63,546
20,641
109,258
102,535
147,460
47,688
97,642
57,692
20,433
97,517
9,521
97,440
86,485
117,482
20,624
83,325
26,564
95,529
75,620
57,530
99,575
95,26
108,671
73,658
17,321
20,656
91,628
131,524
97,538
16,478
97,126
20,380
28,198
30,218
25,367
108,430
109,416
20,409
127,539
114,498
85,652
92,368
91,515
44,648
65,501
45,406
11,109
52,509
62,673
61,668
20,593
29,698
6,690
30,542
53,608
101,488
135,646
83,581
22,606
124,679
143,722
81,247
30,96
104,360
106,534
22,338
46,580
92,643
133,619
89,551
80,459
26,601
77,613
94,442
60,516
15,456
132,46
80,591
56,188
112,508
97,649
104,103
95,424
24,322
118,553
115,566
5,635
10,585
31,502
19,717
92,597
60,489
39,659
20,514
41,560
112,499
7,567
49,497
66,388
67,494
70,145
31,398
14,473
20,435
88,413
29,486
99,454
123,531
32,662
127,389
34,339
90,528
58,470
83,120
71,309
114,429
93,436
145,420
125,396
111,350
5,507
91,372
60,294
20,184
29,242
143,385
98,300
1,487
70,618
30,523
17,316
30,370
28,466
100,450
97,65
23,395
78,519
148,513
93,36
12,58
126,45
94,563
28,160
22,677
28,644
78,544
32,490
19,547
119,341
92,353
22,462
120,60
20,74
97,245
97,153
110,586
32,506
99,449
83,314
109,477
103,238
68,329
94,511
20,392
20,549
111,432
50,362
97,504
95,292
122,505
7,394
2,277
120,354
21,554
137,230
11,471
11,422
92,483
146,268
28,343
104,11
53,330
22,9
83,423
29,129
3,481
70,178
134,290
94,225
130,439
135,119
93,31
36,166
65,111
20,170
17,324
94,550
22,315
20,124
19,375
8,303
125,61
27,146
65,384
119,319
19,200
139,219
143,279
29,311
69,467
149,469
97,444
70,453
91,127
20,334
82,455
29,274
128,227
12,239
22,474
15,237
22,37
87,297
36,148
29,226
94,157
20,224
20,128
93,520
15,661
20,345
20,7
91,23
72,203
22,251
21,241
92,196
91,183
97,234
28,426
84,313
93,271
93,141
20,270
20,182
97,105
22,191
33,265
21,295
92,215
30,181
80,147
112,197
13,348
143,573
20,552
118,605
118,415
22,537
22,443
112,512
20,386
69,557
142,412
37,390
20,522
93,187
22,363
41,189
83,558
83,12
71,70
20,451
20,427
97,441
22,491
79,468
19,205
97,342
20,556
29,318
82,287
94,359
97,28
67,138
20,403
80,140
93,100
92,161
29,13
19,6
39,4
54,33
20,16
20,192
39,59
135,64
22,261
120,82
22,52
22,276
20,149
100,142
20,43
143,387
93,102
20,114
123,173
44,5
97,266
97,222
20,280
64,32
97,465
20,582
143,437
123,425
39,336
20,233
119,211
40,361
20,286
143,495
94,636
105,382
20,400
97,607
23,480
25,484
20,323
93,337
12,185
43,331
136,272
20,344
20,383
84,162
22,17
20,136
143,244
20,418
20,615
93,463
143,283
17,545
20,496
35,86
20,291
40,236
29,41
83,320
83,90
129,168
91,257
22,377
22,1
42,112
20,29
29,263
20,116
28,177
20,47
88,475
97,121
20,327
20,216
121,55
22,448
94,308
98,332
93,137
22,206
29,10
35,592
29,457
20,199
23,317
99,107
20,164
28,369
91,249
97,404
22,106
20,248
20,306
93,378
24,373
20,737
23,685
93,405
20,125
20,458
22,421
20,626
20,22
22,262
35,408
20,93
20,340
20,123
93,476
94,518
20,333
20,75
20,92
99,175
20,683
20,229
123,25
22,104
22,40
22,24
20,718
20,51
20,101
20,464
22,569
40,666
22,610
20,574
20,639
20,675
20,625
97,632
22,221
30,73
20,730
39,726
22,676
20,115
146,682
144,691
143,472
20,736
20,596
20,583
20,577
135,500
143,611
20,612
20,252
20,201
40,30
20,21
20,19
20,89
20,91
20,209
20,366
22,88
94,281
20,223
22,195
143,307
22,118
15,68
20,35
40,328
20,38
23,379
20,50
36,194
39,256
41,80
143,288
20,139
20,298
143,193
22,304
20,357
20,85
20,44
20,143
20,27
98,95
20,407
20,278
20,445
40,584
98,364
20,365
20,253
99,67
143,446
20,152
20,208
20,110
93,335
99,431
83,376
20,310
22,42
20,346
20,172
20,165
147,381
20,156
88,240
20,231
20,371
141,135
99,72
20,113
20,167
20,217
20,18
20,15
20,186
20,169
20,144
40,48
20,34
93,207
20,2
144,84
98,267
99,246
99,393
20,243
140,299
94,414
20,8
20,83
22,3
20,351
20,63
20,179
20,352
20,57
20,81
98,108
97,202
20,503
20,411
20,402
20,154
20,264
98,461
20,204
20,133
20,312
93,447
20,49
20,296
98,213
145,235
20,122
20,284
20,355
22,174
138,190
20,347
20,39
20,260
20,214
20,62
20,210
20,134
146,87
20,77
20,250
20,79
20,130
20,20
20,117
20,97
30,254
20,131
148,180
20,159
20,419
98,54
20,94
20,98
20,53
20,255
20,71
20,158
20,176
20,275
98,397
99,228
22,150
143,723
20,548
20,76
146,527
99,706
97,438
20,562
97,732
20,66
142,78
20,725
143,578
20,703
99,410
20,434
20,707
143,694
20,349
20,705
20,533
20,719
20,417
20,689
20,220
20,399
143,729
20,559
143,155
143,678
143,302
20,687
20,358
20,609
20,526
20,273
20,681
20,653
20,525
20,212
20,640
97,595
143,69
20,590
20,99
20,14
143,663
20,232
143,305
99,614
20,301
20,151
143,391
99,285
20,532
143,428
20,645
20,269
20,163
99,171
97,282
