16,833
15,565
35,831
17,845
25,640
39,769
34,767
15,682
15,739
10,713
9,797
15,832
36,732
18,762
25,691
13,642
15,756
40,795
15,367
33,711
2,776
25,810
16,671
17,607
38,747
31,822
13,318
25,494
41,669
9,853
13,847
16,818
16,751
30,114
38,687
21,793
41,731
40,608
4,559
4,645
16,707
16,353
16,839
23,771
38,543
25,750
23,723
15,322
16,689
34,763
16,817
35,714
16,709
20,802
15,676
16,746
29,653
37,598
15,573
32,184
20,748
40,179
4,782
22,638
13,675
16,571
16,761
15,579
41,595
25,485
36,304
31,646
31,719
38,778
40,619
36,672
31,615
35,734
16,555
40,764
15,774
16,848
25,668
25,677
38,216
16,212
5,695
18,685
38,305
15,820
28,605
16,686
16,826
15,787
36,841
36,789
25,825
20,819
25,840
8,704
21,416
35,792
40,850
21,829
17,575
18,790
32,712
25,814
15,737
16,740
16,532
17,170
40,568
15,588
40,48
15,550
17,566
15,754
32,547
25,843
16,718
16,725
21,816
36,849
25,806
16,661
16,842
16,437
37,824
13,429
15,652
15,462
15,259
16,518
36,94
15,524
21,19
16,109
31,479
20,478
16,567
16,9
38,326
15,246
39,604
4,618
16,692
40,226
14,422
25,558
40,766
25,267
36,639
27,445
38,800
35,17
25,378
35,727
13,418
17,770
16,328
41,706
20,384
41,374
16,253
25,643
15,234
22,345
15,854
15,670
16,830
11,59
16,131
34,681
4,745
29,852
38,696
25,834
15,779
16,773
25,637
4,708
35,610
15,683
16,512
3,557
15,520
16,654
17,625
16,611
31,626
25,499
16,563
31,393
22,634
36,587
25,589
41,651
15,535
33,562
25,678
36,743
16,585
36,757
40,622
24,788
12,693
16,530
15,118
30,442
18,702
15,703
16,721
16,541
16,656
15,755
4,684
16,781
11,516
23,627
16,644
15,722
40,453
35,522
13,255
15,556
16,423
16,657
15,796
23,837
16,309
22,443
16,600
15,552
27,803
16,738
15,597
21,663
36,617
17,574
22,635
16,591
37,649
19,716
36,705
15,623
22,780
25,641
15,760
22,694
4,580
22,724
15,630
40,458
15,799
17,648
16,759
35,658
15,667
17,477
38,504
4,551
16,592
17,741
15,513
15,472
15,544
16,596
38,459
16,469
16,167
13,444
25,515
38,377
22,338
15,2
25,8
22,435
15,295
17,528
31,401
36,386
15,380
36,534
23,385
25,249
27,55
4,381
13,427
16,483
16,362
1,388
16,390
41,475
15,317
16,144
17,468
22,237
6,187
22,484
21,315
16,449
16,564
15,726
15,465
16,481
21,599
16,700
15,578
27,620
16,323
22,749
16,583
25,116
15,577
21,594
15,768
15,394
16,343
35,169
2,433
15,329
15,344
17,199
5,744
15,283
16,398
15,265
15,506
15,222
16,519
12,655
16,81
21,440
16,375
25,349
22,330
15,526
36,498
21,662
17,650
4,493
15,432
15,266
15,365
16,276
16,12
16,136
15,229
36,68
4,368
16,90
15,133
16,476
16,364
21,537
16,279
21,402
17,209
38,132
9,141
15,348
4,400
15,570
15,614
16,680
15,542
15,452
4,51
38,32
22,193
34,715
23,511
15,593
15,752
36,473
15,569
15,601
32,492
15,502
15,501
36,404
36,327
15,730
15,728
15,697
16,572
15,447
10,391
15,436
16,497
16,742
15,508
15,673
35,772
25,699
35,688
15,733
16,586
16,431
15,603
15,500
16,523
16,214
38,263
16,576
25,293
38,42
36,306
4,439
36,221
26,126
16,122
38,41
16,134
15,233
36,92
15,121
25,270
16,357
4,185
15,56
15,448
5,303
38,514
36,308
15,406
22,335
15,49
16,257
16,609
15,415
15,236
38,584
15,67
16,366
15,482
36,66
16,142
15,710
16,173
15,110
15,190
15,161
15,413
38,127
16,180
16,271
15,313
25,138
38,546
16,290
15,147
36,231
36,23
16,631
36,616
15,488
15,346
38,208
16,521
15,268
17,387
4,33
15,1
16,302
16,311
15,347
15,213
42,93
38,392
15,399
16,296
36,549
15,128
15,188
15,529
15,242
15,53
16,79
15,165
16,43
15,403
15,621
15,430
4,582
38,495
16,227
36,505
39,291
26,525
16,503
15,679
15,456
16,215
38,218
16,461
15,171
15,319
16,203
16,517
16,420
16,510
15,355
16,333
15,331
25,467
16,86
36,735
16,82
16,480
15,613
15,647
16,354
15,466
15,441
16,228
15,111
15,352
15,341
16,359
15,463
16,105
15,260
16,24
15,256
37,280
15,324
16,264
15,117
25,112
15,297
35,4
15,240
15,189
25,160
15,106
36,14
25,211
38,88
15,27
16,130
15,289
15,159
35,225
16,31
15,272
22,16
16,65
15,149
15,332
15,207
26,172
36,219
15,244
15,561
15,312
15,241
15,252
4,247
22,278
15,371
15,250
15,548
15,428
15,195
15,275
15,64
16,232
16,300
15,168
16,298
15,337
15,307
15,358
16,238
15,104
15,340
15,101
15,36
38,301
16,316
15,334
16,137
15,123
16,356
15,61
15,163
15,54
4,140
15,98
15,44
16,220
15,47
15,285
15,373
15,230
15,206
15,784
15,855
16,539
36,861
16,28
15,808
15,720
4,450
15,46
15,851
16,785
15,99
15,181
25,152
16,108
16,97
15,277
16,192
15,813
15,70
15,5
15,22
16,659
15,857
15,660
25,15
15,859
15,166
15,314
7,178
4,828
15,83
16,407
25,248
36,197
15,273
15,201
36,531
15,860
15,157
15,396
15,120
15,821
15,701
15,286
15,805
15,777
15,823
16,632
15,612
15,84
15,419
15,674
15,624
15,815
15,336
15,125
15,858
15,507
15,801
25,835
25,536
15,758
15,698
15,150
38,553
26,491
38,412
15,665
15,287
15,154
15,235
15,310
15,91
16,451
25,269
15,540
15,666
15,85
15,405
16,370
16,460
15,581
15,471
15,414
15,408
15,274
15,446
15,496
16,261
15,434
36,35
15,25
15,360
15,89
15,45
15,487
15,177
16,74
25,425
16,664
15,155
25,143
15,129
15,527
15,58
15,243
15,145
15,6
15,490
15,113
16,75
15,103
15,38
15,62
15,80
16,205
15,18
4,254
15,115
15,148
25,223
15,151
15,37
15,294
15,29
15,69
15,198
15,162
16,164
3,489
16,636
15,383
15,282
16,438
15,602
16,633
4,95
15,417
15,409
15,204
15,538
15,509
16,71
15,457
15,382
15,426
15,339
15,96
15,350
15,554
15,690
15,76
16,411
4,376
15,196
15,284
15,474
15,454
25,153
15,202
15,13
15,124
15,239
15,245
15,455
4,135
15,52
15,258
15,320
15,397
15,395
15,224
16,156
15,78
15,158
1,102
15,183
25,545
15,533
15,3
15,372
15,174
15,7
4,50
25,379
25,107
5,119
15,60
15,20
15,200
15,470
4,26
15,73
15,139
10,281
15,191
15,194
15,72
6,77
15,34
15,210
25,176
15,57
15,606
4,838
25,836
15,560
4,765
25,351
4,63
15,844
4,629
4,811
25,421
15,464
25,827
15,717
15,175
15,809
15,410
15,590
25,846
15,363
25,804
15,783
15,251
15,39
4,486
25,856
15,40
15,182
15,812
15,369
15,146
15,262
25,342
4,807
15,736
4,217
15,753
15,791
15,288
15,786
15,325
4,87
15,424
4,729
15,186
15,299
15,798
15,628
25,100
15,321
15,21
15,775
25,292
4,10
25,794
25,389
25,30
25,361
25,11
