57,833
40,565
121,831
65,845
94,640
146,769
117,767
40,682
38,739
26,713
25,797
36,832
128,732
69,762
94,691
33,642
38,756
150,795
38,367
115,711
2,776
94,810
57,671
63,607
138,747
110,822
32,318
94,494
153,669
24,853
31,847
46,818
57,751
107,114
143,687
77,793
153,731
148,608
15,559
16,645
47,707
47,353
56,839
89,771
139,543
94,750
90,723
38,322
51,689
116,763
46,817
122,714
56,709
75,802
40,676
51,746
104,653
134,598
39,573
113,184
74,748
149,179
10,782
82,638
33,675
50,571
51,761
36,579
154,595
94,485
127,304
109,646
110,719
137,778
148,619
129,672
111,615
124,734
56,555
149,764
36,774
62,848
94,668
94,677
141,216
62,212
18,695
70,685
138,305
36,820
103,605
48,686
55,826
38,787
127,841
127,789
94,825
72,819
94,840
22,704
77,416
125,792
148,850
78,829
64,575
69,790
112,712
94,814
38,737
50,740
62,532
65,170
148,568
38,588
150,48
37,550
65,566
40,754
112,547
94,843
48,718
47,725
79,816
132,849
95,806
47,661
52,842
55,437
136,824
32,429
39,652
35,462
36,259
47,518
133,94
36,524
80,19
53,109
110,479
73,478
46,567
50,9
145,326
41,246
146,604
16,618
57,692
151,226
34,422
93,558
152,766
94,267
130,639
99,445
144,800
124,17
94,378
125,727
32,418
68,770
49,328
155,706
74,384
156,374
56,253
94,643
40,234
82,345
37,854
38,670
59,830
28,59
50,131
118,681
12,745
105,852
137,696
94,834
38,779
52,773
94,637
16,708
120,610
38,683
43,512
4,557
41,520
55,654
66,625
50,611
108,626
94,499
46,563
108,393
85,634
129,587
94,589
155,651
37,535
114,562
94,678
128,743
59,585
127,757
149,622
92,788
29,693
57,530
35,118
106,442
69,702
38,703
55,721
45,541
60,656
38,755
8,684
60,781
27,516
89,627
47,644
36,722
151,453
124,522
32,255
38,556
61,423
62,657
36,796
91,837
57,309
82,443
47,600
38,552
101,803
51,738
41,597
78,663
132,617
67,574
84,635
54,591
134,649
71,716
131,705
38,623
84,780
94,641
40,760
84,694
9,580
84,724
38,630
150,458
40,799
63,648
51,759
122,658
38,667
64,477
143,504
16,551
45,592
65,741
37,513
36,472
38,544
57,596
141,459
48,469
52,167
31,444
94,515
143,377
86,338
36,2
94,8
84,435
36,295
63,528
110,401
127,386
37,380
129,534
88,385
94,249
100,55
5,381
32,427
57,483
61,362
1,388
47,390
153,475
40,317
55,144
65,468
82,237
20,187
82,484
76,315
57,449
51,564
38,726
38,465
47,481
78,599
51,700
40,578
102,620
57,323
84,749
52,583
94,116
41,577
76,594
41,768
38,394
59,343
122,169
3,433
38,329
37,344
65,199
17,744
38,283
46,398
38,265
37,506
36,222
62,519
30,655
62,81
81,440
51,375
95,349
83,330
40,526
127,498
78,662
64,650
6,493
37,432
37,266
38,365
57,276
58,12
46,136
36,229
126,68
10,368
62,90
38,133
62,476
62,364
79,537
44,279
78,402
64,209
138,132
23,141
40,348
14,400
36,570
36,614
51,680
38,542
36,452
16,51
142,32
84,193
119,715
87,511
38,593
36,752
129,473
40,569
38,601
112,492
40,502
40,501
127,404
127,327
38,730
40,728
40,697
57,572
40,447
26,391
40,436
45,497
55,742
40,508
37,673
123,772
94,699
123,688
37,733
55,586
46,431
40,603
42,500
61,523
46,214
142,263
51,576
94,293
140,42
127,306
13,439
129,221
97,126
49,122
140,41
51,134
38,233
127,92
38,121
94,270
62,357
12,185
38,56
40,448
19,303
144,514
127,308
40,406
84,335
38,49
61,257
45,609
36,415
37,236
143,584
40,67
45,366
38,482
127,66
47,142
36,710
62,173
40,110
40,190
40,161
38,413
143,127
45,180
51,271
37,313
94,138
141,546
46,290
40,147
129,231
131,23
60,631
127,616
40,488
40,346
140,208
60,521
38,268
64,387
12,33
37,1
62,302
62,311
41,347
40,213
157,93
140,392
40,399
46,296
129,549
41,128
36,188
40,529
38,242
38,53
62,79
37,165
50,43
40,403
41,621
38,430
16,582
139,495
57,227
127,505
147,291
96,525
46,503
36,679
38,456
61,215
143,218
45,461
36,171
40,319
45,203
46,517
46,420
60,510
40,355
61,333
37,331
95,467
45,86
127,735
62,82
46,480
40,613
40,647
51,354
40,466
40,441
62,228
38,111
36,352
40,341
57,359
40,463
45,105
38,260
61,24
36,256
135,280
40,324
54,264
40,117
94,112
38,297
120,4
40,240
40,189
95,160
36,106
127,14
94,211
141,88
40,27
46,130
38,289
40,159
120,225
57,31
38,272
84,16
55,65
38,149
40,332
40,207
96,172
126,219
38,244
40,561
40,312
38,241
38,252
10,247
84,278
40,371
40,250
37,548
38,428
38,195
38,275
38,64
46,232
46,300
38,168
45,298
38,337
40,307
38,358
45,238
37,104
37,340
38,101
40,36
140,301
61,316
37,334
51,137
40,123
45,356
40,61
38,163
40,54
13,140
40,98
40,44
46,220
37,47
38,285
40,373
40,230
38,206
37,784
40,855
46,539
127,861
45,28
38,808
38,720
10,450
38,46
38,851
51,785
40,99
40,181
94,152
62,108
46,97
38,277
57,192
40,813
38,70
38,5
37,22
61,659
40,857
40,660
94,15
40,859
40,166
40,314
21,178
11,828
40,83
57,407
94,248
127,197
40,273
40,201
127,531
40,860
38,157
38,396
38,120
40,821
38,701
38,286
40,805
38,777
38,823
62,632
40,612
40,84
36,419
40,674
38,624
38,815
40,336
36,125
40,858
40,507
40,801
94,835
94,536
38,758
36,698
40,150
144,553
98,491
141,412
40,665
38,287
38,154
38,235
38,310
38,91
45,451
94,269
38,540
38,666
38,85
40,405
60,370
46,460
40,581
38,471
40,414
40,408
38,274
38,446
38,496
45,261
38,434
129,35
38,25
38,360
40,89
40,45
38,487
40,177
45,74
93,425
45,664
37,155
94,143
40,129
40,527
38,58
40,243
38,145
38,6
40,490
38,113
50,75
38,103
38,38
38,62
38,80
46,205
40,18
12,254
38,115
38,148
94,223
40,151
40,37
38,294
40,29
38,69
37,198
38,162
45,164
4,489
45,636
38,383
38,282
45,438
38,602
62,633
7,95
38,417
40,409
38,204
38,538
40,509
45,71
40,457
37,382
40,426
38,339
38,96
38,350
37,554
38,690
38,76
46,411
8,376
38,196
40,284
38,474
40,454
95,153
40,202
40,13
38,124
38,239
38,245
38,455
10,135
38,52
38,258
37,320
38,397
38,395
38,224
45,156
40,78
38,158
1,102
38,183
94,545
38,533
40,3
40,372
40,174
38,7
9,50
94,379
94,107
17,119
38,60
40,20
38,200
38,470
5,26
38,73
38,139
26,281
38,191
40,194
38,72
20,77
40,34
38,210
95,176
38,57
40,606
14,838
94,836
38,560
6,765
94,351
13,63
38,844
12,629
16,811
94,421
38,464
94,827
38,717
38,175
38,809
38,410
38,590
94,846
38,363
94,804
38,783
38,251
38,39
12,486
94,856
38,40
38,182
38,812
38,369
38,146
40,262
95,342
10,807
40,736
10,217
38,753
38,791
38,288
38,786
38,325
11,87
38,424
13,729
38,186
38,299
38,798
38,628
94,100
40,321
38,21
38,775
94,292
16,10
94,794
95,389
94,30
94,361
94,11
