1,712
1,728
1,737
1,724
1,701
1,600
2,618
1,508
1,646
1,654
1,656
1,505
1,719
1,739
1,643
1,669
1,664
1,504
2,686
1,616
1,729
1,677
2,596
1,633
2,734
2,718
1,715
1,723
1,702
2,545
1,685
1,671
1,722
1,571
1,406
1,720
1,512
1,756
1,735
2,727
1,370
1,546
1,364
1,427
1,621
2,564
1,351
1,521
1,632
1,732
2,687
1,659
1,526
1,604
1,731
1,705
1,615
1,601
1,506
1,672
1,714
1,611
1,644
2,708
2,479
1,648
1,559
1,588
1,547
2,710
1,667
1,581
1,469
1,553
1,647
2,636
1,638
1,562
1,688
1,585
2,520
1,262
1,630
1,560
1,613
1,419
1,699
1,476
1,590
1,456
1,529
1,570
1,623
1,662
1,272
1,401
1,524
2,403
1,609
2,321
1,346
1,649
1,645
1,386
1,368
1,661
1,652
1,706
1,461
2,284
1,625
2,550
1,586
2,670
1,634
1,610
1,703
1,543
1,683
2,352
1,721
2,568
2,363
1,208
1,535
2,541
1,379
2,497
1,418
1,528
1,444
2,640
1,695
1,607
1,655
1,591
2,680
1,573
1,673
2,696
2,593
2,400
1,709
1,658
1,657
1,540
1,446
1,393
2,319
2,453
1,660
2,438
1,462
2,507
2,744
1,675
1,287
1,264
1,192
1,484
1,679
2,347
1,460
1,605
1,390
2,382
1,405
1,236
1,454
1,578
1,247
2,488
2,378
1,522
2,407
2,425
2,502
1,330
2,373
2,276
2,483
2,285
1,274
2,435
2,491
1,249
1,415
2,515
2,441
1,514
2,374
2,486
2,327
2,381
2,377
2,487
2,429
2,574
2,542
2,463
2,525
2,450
2,455
1,493
1,220
2,238
2,320
2,243
2,413
1,387
2,316
2,354
2,443
2,492
2,397
1,189
1,412
2,150
2,404
2,248
2,537
1,241
2,385
2,299
2,211
1,408
2,232
2,306
2,430
2,464
2,577
2,494
1,567
1,258
2,384
2,255
2,627
2,235
2,270
2,181
2,177
2,532
2,594
2,608
1,421
1,296
2,383
2,694
2,414
1,503
2,411
2,556
2,442
2,513
2,361
2,642
2,209
2,329
2,348
2,325
2,475
2,227
2,449
2,283
2,436
2,307
2,239
2,162
2,266
2,434
2,212
2,297
2,196
2,184
2,301
2,223
2,345
2,259
2,500
2,197
2,490
2,579
2,554
2,392
2,641
2,576
2,480
2,228
2,290
2,288
2,253
2,372
2,440
2,350
2,225
2,375
2,252
2,278
2,176
2,598
2,575
2,395
2,626
2,472
2,416
2,231
2,206
2,595
2,240
2,628
2,561
2,268
2,582
1,277
2,275
2,154
2,201
2,603
2,185
2,750
2,747
2,755
2,745
2,758
2,653
2,760
2,757
2,753
2,742
2,748
2,752
2,746
2,749
2,751
2,743
2,761
1,523
2,552
1,527
2,467
2,332
2,549
2,451
2,530
2,353
2,366
2,221
2,359
2,256
2,322
2,555
2,254
2,280
2,202
2,485
1,291
2,237
2,355
2,300
2,424
2,340
2,519
2,580
2,459
2,389
2,614
2,282
2,544
2,265
2,433
1,380
2,289
2,589
2,305
2,439
2,651
2,311
2,309
2,637
2,639
2,445
2,224
2,668
2,344
2,597
2,587
2,251
2,207
2,315
2,230
2,631
2,195
2,312
2,295
2,698
1,516
2,388
2,313
2,612
2,399
2,509
2,563
2,367
2,583
2,557
2,409
2,716
2,398
2,394
2,622
2,432
2,437
2,465
2,635
2,458
2,410
2,293
2,468
2,539
1,267
2,334
2,349
2,343
2,362
2,428
2,606
2,338
2,302
2,260
2,242
2,357
2,308
2,342
2,518
2,717
2,331
2,182
2,175
2,279
2,261
2,365
2,689
2,510
2,551
2,423
2,304
2,326
2,318
2,726
2,697
2,269
2,681
2,707
2,317
2,617
2,693
1,692
2,629
2,725
2,730
2,676
2,496
2,323
2,666
2,736
2,691
2,733
2,569
2,682
2,665
2,489
2,538
2,548
1,402
2,599
2,481
2,263
2,452
2,572
2,482
2,584
2,558
2,498
2,213
2,501
2,200
2,391
2,376
2,624
2,704
2,324
2,678
2,273
2,360
1,180
2,470
2,690
2,198
2,333
2,740
2,466
2,471
2,328
2,294
2,188
2,286
2,448
2,203
2,193
2,244
1,592
2,684
2,565
2,663
2,536
2,298
1,137
2,336
2,341
2,166
2,229
2,310
2,271
2,199
2,763
2,764
2,754
2,149
2,191
2,257
1,194
2,499
2,110
1,292
2,426
2,369
2,477
2,602
2,219
2,422
2,478
2,358
2,142
2,711
2,533
2,126
2,431
2,417
2,64
2,112
2,172
2,65
2,114
2,25
2,218
2,81
2,741
2,122
2,23
2,46
2,152
2,566
2,30
2,70
2,123
2,179
2,76
2,100
2,7
2,214
2,128
2,473
2,447
2,335
2,650
2,19
2,51
2,770
2,40
2,98
2,26
2,173
2,132
2,120
2,700
2,738
2,303
2,215
2,155
2,713
2,281
2,141
2,140
2,5
2,79
2,15
2,115
2,337
2,420
2,54
2,127
2,102
2,31
2,69
2,517
2,67
2,216
2,8
2,33
2,74
2,29
2,55
2,14
2,89
2,32
2,84
2,28
2,72
1,1
1,47
2,3
2,41
2,97
2,90
2,6
2,39
2,133
2,82
2,762
2,11
2,27
2,21
2,125
2,765
2,44
2,769
2,43
2,768
2,135
2,183
2,190
2,68
2,161
2,159
2,124
2,92
2,234
2,168
2,246
2,147
2,531
2,134
2,66
2,153
2,106
2,60
2,77
2,20
2,22
2,2
2,10
2,93
2,45
2,109
2,101
2,78
2,131
2,58
2,157
2,144
2,24
2,103
2,35
1,146
2,62
2,48
2,18
2,767
2,13
2,87
2,36
2,17
2,37
2,63
2,83
2,9
2,16
2,42
2,136
2,766
2,339
2,205
2,71
2,396
2,178
2,52
2,222
2,356
2,116
2,107
2,474
2,96
2,511
2,534
2,314
2,204
2,138
2,91
2,151
2,50
2,139
2,148
2,88
2,38
2,111
2,80
2,86
2,210
2,61
2,12
2,117
2,73
2,186
2,75
2,620
2,105
2,165
2,85
2,104
2,187
2,163
2,121
2,95
2,169
2,108
2,56
2,143
2,164
2,113
2,129
2,233
2,226
2,759
2,619
2,94
2,59
2,49
2,119
2,34
2,4
2,160
2,250
2,495
2,158
2,245
2,457
2,171
2,217
1,170
2,57
2,99
1,53
2,674
2,371
1,145
1,118
1,167
1,174
1,156
2,130
