2,1206
12,1208
12,1210
12,1064
12,1219
3,1236
12,703
13,1232
12,1207
10,1157
7,1199
2,1082
10,1112
12,1212
10,1095
8,889
13,1144
7,1227
10,876
10,1118
13,1005
10,954
10,1089
12,1042
12,561
13,1087
13,591
10,1223
4,1139
10,928
2,1222
2,908
10,784
7,1077
10,891
10,1056
10,912
3,1228
10,1215
10,655
5,946
10,970
10,996
10,532
10,581
2,485
13,722
1,751
8,829
10,1192
13,1194
10,514
10,831
10,1197
10,633
10,967
12,500
10,1030
8,952
1,386
10,1221
8,880
10,1032
10,1166
10,1001
10,697
7,1133
9,659
10,993
12,1163
10,1196
12,1053
10,520
10,978
10,1204
10,1147
5,798
10,981
12,1101
9,850
10,1060
9,1153
8,1079
10,1195
10,1022
10,1010
9,1205
10,1116
10,636
1,701
10,1052
10,927
10,602
10,522
10,1094
2,853
10,351
10,745
10,811
8,1067
8,583
10,772
10,1086
10,863
10,716
4,564
5,385
10,816
10,725
10,580
10,1231
10,1176
5,882
12,411
10,660
7,920
10,913
8,374
4,288
13,631
10,683
14,393
9,518
10,621
10,400
10,577
10,1046
10,667
10,1114
10,554
10,456
12,723
8,720
8,953
5,959
9,1122
10,937
10,1058
10,543
10,982
10,578
5,791
10,511
12,1049
7,740
9,1098
4,692
7,727
10,593
12,427
10,415
10,493
12,430
5,1115
7,841
10,1031
10,919
5,861
8,1217
1,1224
10,1161
1,773
10,823
10,565
10,626
7,1120
10,991
10,979
10,1076
10,1182
10,526
10,1008
10,894
10,830
10,969
10,947
10,999
10,1105
10,704
10,512
10,428
8,612
10,486
10,744
10,1132
10,466
10,842
10,980
10,1063
10,817
8,1029
10,775
10,568
10,681
10,730
6,781
10,851
10,1068
10,762
10,608
19,729
10,690
10,1141
10,944
7,767
10,611
8,930
10,1016
10,549
10,1121
10,609
10,790
10,865
10,825
10,1143
10,1047
10,845
10,984
10,1119
10,888
10,590
10,843
10,708
10,641
10,685
3,574
10,1211
10,1225
10,642
10,1198
10,1202
10,1226
12,698
10,972
7,1051
10,1156
7,1184
10,837
8,684
10,1177
10,713
10,1229
10,1164
7,1126
10,801
10,924
10,917
10,1216
10,1235
10,1218
10,1158
10,872
10,1209
10,1185
10,1136
10,916
10,1017
10,1234
10,1138
12,1036
10,1104
10,1220
7,709
10,1175
10,800
10,1088
10,921
8,584
7,465
10,1146
7,1169
10,918
10,962
10,1142
10,788
10,1055
10,1129
10,765
10,1128
10,802
8,629
10,777
8,1075
10,1018
10,669
10,896
10,824
10,938
10,529
10,388
10,792
10,854
10,535
12,1069
9,878
10,1180
10,810
10,1170
10,1171
10,285
10,915
10,1151
10,1092
10,652
7,1154
10,1168
10,334
10,1173
1,645
10,412
10,657
10,846
10,503
5,995
10,318
10,866
10,1109
10,983
1,910
10,1125
10,809
10,1145
10,625
10,505
9,732
10,1004
10,771
10,968
10,1024
10,855
10,956
10,743
10,1083
10,1045
10,1131
10,640
8,933
10,524
10,1165
10,1000
10,760
10,1174
10,617
10,1187
5,955
10,884
10,904
10,1048
10,752
10,844
10,536
10,632
10,1044
10,1200
9,587
10,1034
10,828
7,1123
3,717
10,813
10,869
10,974
10,1003
10,840
10,1090
10,1135
10,1084
10,769
1,1040
12,964
10,502
10,1021
10,1106
10,754
10,1006
17,1113
5,966
10,832
10,594
10,682
10,691
10,618
10,1137
10,1189
10,1002
10,712
10,1213
10,793
10,961
10,895
10,1230
10,1214
10,677
10,348
10,1178
10,936
8,934
10,932
10,1188
10,395
10,734
7,1152
10,1111
10,997
7,1043
10,758
1,906
10,676
10,903
10,646
10,1148
10,925
10,668
10,1071
10,949
10,1140
10,540
10,875
10,322
9,735
10,747
10,544
10,390
13,1097
10,1183
10,569
10,941
10,702
18,893
10,582
3,647
10,1059
10,1134
10,768
10,960
10,858
10,929
7,990
10,672
10,1130
10,1020
10,864
10,551
10,282
10,601
10,886
10,513
10,449
10,1110
10,623
10,988
10,779
10,736
8,572
10,1124
10,320
10,586
10,275
10,384
10,812
10,592
9,635
10,380
10,1167
10,1062
10,746
10,883
5,1033
9,506
10,958
10,852
10,976
10,494
10,562
10,497
10,898
10,527
10,870
16,731
10,530
8,787
10,987
12,794
10,897
10,573
10,1093
10,733
10,689
10,403
10,501
9,822
10,1054
10,902
10,821
10,627
10,662
10,780
10,671
10,710
10,445
10,839
10,539
10,566
10,1023
10,948
10,1149
10,877
10,686
10,890
10,867
10,911
10,885
10,776
10,973
9,1014
10,1091
10,1072
10,567
10,1028
10,1027
10,1080
10,498
1,695
10,600
10,940
10,488
10,496
10,558
10,556
10,408
10,432
10,439
10,437
10,674
10,795
10,1057
10,1150
10,579
10,576
10,738
10,441
10,422
10,198
10,93
10,95
10,286
10,489
10,257
10,157
10,236
10,311
10,477
10,806
10,696
10,610
10,994
9,724
10,458
10,860
10,596
10,1099
10,785
10,820
10,1009
10,504
10,1107
10,835
10,826
10,805
10,679
10,656
10,763
10,541
10,721
10,1061
10,418
10,650
10,753
10,649
10,766
10,874
10,750
10,922
10,957
10,783
10,926
10,807
10,1085
10,899
10,847
10,943
10,1100
10,986
10,670
10,764
10,654
10,510
10,665
10,818
10,387
10,862
10,588
10,658
10,827
10,310
10,375
10,680
10,394
10,223
10,1038
10,571
10,705
10,473
10,247
10,749
10,620
10,129
10,86
10,232
10,280
10,315
10,484
10,675
10,538
10,545
10,459
10,302
10,172
10,255
8,343
10,434
10,333
10,1015
10,585
10,971
10,546
10,859
10,624
10,507
10,266
10,209
10,349
1,219
10,517
10,443
10,435
10,292
10,104
10,354
10,552
1,542
10,164
10,214
10,188
10,151
10,297
10,347
10,737
10,550
10,416
10,848
10,360
1,371
10,598
10,352
9,267
10,338
10,128
10,433
10,487
10,834
10,296
10,871
10,977
10,799
10,856
10,1041
10,1073
10,475
10,139
10,833
10,401
10,1070
10,350
10,604
10,321
15,471
10,85
10,98
10,312
10,189
10,234
10,242
10,560
10,190
10,367
10,357
10,225
19,206
10,238
10,328
10,180
10,341
10,589
10,362
10,303
10,379
10,460
10,84
10,246
15,261
10,326
10,786
10,638
10,1103
10,256
10,942
8,814
10,399
10,548
10,218
10,173
10,193
10,141
10,143
10,279
10,277
10,78
10,63
10,313
10,363
10,105
10,472
10,220
10,688
10,605
10,323
10,421
10,1162
10,442
10,905
10,426
10,91
10,797
10,452
10,366
10,340
10,892
10,719
10,327
10,1190
10,998
10,228
10,224
10,210
10,254
10,339
10,474
10,715
10,270
10,121
10,213
10,186
10,289
10,202
10,290
10,252
10,378
10,112
10,308
10,156
10,273
10,836
3,1096
10,204
10,230
10,265
10,65
10,881
10,229
10,448
10,163
10,222
10,97
10,171
10,89
10,755
10,69
8,335
10,88
10,678
10,287
10,241
10,179
10,127
10,140
10,276
10,212
10,203
10,492
10,200
10,476
10,92
10,353
10,547
10,165
10,262
10,317
10,570
10,192
10,184
10,531
10,615
10,653
5,346
10,796
10,329
10,324
10,849
10,240
10,300
10,248
10,417
10,306
10,344
10,634
10,185
10,616
10,307
10,707
10,178
10,301
10,628
10,243
10,939
10,907
10,450
10,409
10,414
10,272
10,161
10,446
10,482
10,1159
10,706
10,253
10,264
10,490
10,951
10,603
10,423
10,398
10,413
10,1127
10,613
10,365
16,444
10,463
10,170
10,259
10,274
10,137
10,94
10,174
10,169
10,71
10,64
10,258
10,516
10,382
10,183
10,208
19,480
10,108
10,138
10,838
10,368
10,700
9,176
10,103
10,249
10,109
10,250
10,117
10,742
10,931
10,131
10,373
10,110
10,130
10,56
10,211
10,99
10,464
10,694
10,757
10,1155
10,1026
10,756
10,1025
10,622
10,1035
10,714
10,639
10,356
10,759
10,316
10,396
8,607
10,1181
10,739
10,559
10,533
10,1108
10,508
10,521
10,644
10,761
10,1065
10,619
10,331
10,661
5,606
10,168
10,455
10,614
10,741
10,555
10,406
10,782
10,525
10,519
10,726
10,963
19,231
10,693
10,673
10,804
10,1037
10,914
10,453
10,534
10,381
10,563
10,391
10,372
10,770
10,597
10,803
10,887
10,965
10,748
10,945
10,553
10,336
10,425
10,778
10,528
10,819
10,537
10,1201
10,1012
10,1013
10,950
10,451
10,599
10,278
10,495
10,637
10,728
10,361
10,467
10,901
10,330
10,197
10,975
10,1039
10,1203
10,461
10,868
10,1233
10,342
10,293
10,575
5,1019
10,291
10,181
10,195
10,111
10,216
10,251
9,648
10,436
10,457
10,364
10,470
10,392
10,808
10,478
10,900
10,389
10,1007
10,1172
10,1193
10,36
10,66
10,13
10,74
10,37
10,124
15,35
10,58
10,22
10,177
10,75
10,30
10,45
10,39
10,43
10,53
10,115
10,664
10,125
10,199
10,40
10,73
10,15
10,989
10,61
10,23
10,33
10,383
10,299
10,19
10,20
10,28
10,10
10,50
10,42
10,52
10,55
10,102
10,404
10,284
10,447
10,126
10,215
10,76
10,245
4,175
10,440
10,595
10,410
10,509
10,217
10,44
10,149
10,1066
10,304
10,499
10,332
10,298
10,194
10,227
10,419
10,1186
10,1078
10,167
10,54
10,152
10,187
10,221
10,81
9,1081
10,233
10,114
10,260
10,57
10,483
10,150
11,294
10,370
10,24
10,132
10,3
10,144
10,5
10,7
10,1237
10,9
10,4
10,70
10,2
10,79
10,153
10,14
10,72
10,25
10,8
10,21
10,26
16,51
10,17
10,1238
10,47
10,27
10,424
10,120
10,122
10,134
10,789
10,909
10,397
10,182
10,481
10,630
7,454
10,100
10,101
10,283
10,133
10,207
10,59
10,239
10,268
10,159
10,281
10,62
10,337
10,49
10,718
10,83
10,118
10,191
10,16
10,491
10,146
10,87
10,469
10,123
10,82
10,515
10,80
10,557
10,68
10,295
10,1191
10,879
10,666
10,325
10,992
10,420
10,462
10,1074
10,355
10,136
10,358
10,269
10,67
7,271
10,1117
10,1160
10,438
10,244
10,11
10,18
10,235
10,155
10,237
10,305
10,402
10,116
10,148
10,263
10,34
10,145
10,166
10,205
15,405
10,41
10,985
10,107
10,154
10,923
10,314
10,345
10,113
10,158
10,815
10,142
9,77
10,468
10,377
10,135
10,119
10,29
10,106
10,147
10,1050
10,196
10,1102
10,857
10,479
10,376
10,1179
10,1011
10,687
10,711
10,429
10,699
10,935
10,201
10,873
10,319
10,60
10,162
10,651
10,90
10,369
10,663
10,309
10,643
10,523
10,160
10,48
10,407
10,774
10,226
10,38
10,6
10,359
10,431
10,12
10,32
10,1
10,46
12,31
13,96
