48,667
42,680
14,672
4,649
42,652
48,651
38,634
20,671
31,669
42,660
22,510
38,656
8,631
41,647
46,598
42,594
14,682
26,107
45,515
23,405
33,138
23,474
31,481
5,519
41,507
15,552
41,639
20,646
30,495
20,617
34,553
2,658
42,616
20,527
44,584
48,543
8,535
40,654
39,583
20,558
18,636
27,664
20,608
35,655
23,666
32,653
9,629
20,676
20,599
34,560
1,601
20,358
23,644
23,446
24,678
20,71
40,633
42,588
15,145
20,395
16,234
13,550
48,426
20,485
50,430
17,429
20,374
42,302
48,129
48,308
20,327
20,416
20,82
28,257
20,8
15,52
8,489
47,152
20,143
20,421
35,587
20,612
9,579
23,623
46,565
20,90
34,486
4,600
16,452
20,378
14,534
43,549
8,352
42,195
5,432
48,353
20,454
44,417
14,473
18,546
20,363
17,330
1,216
23,228
20,427
17,491
20,536
42,453
5,410
20,400
37,541
42,334
21,350
34,555
13,595
6,663
20,637
1,650
20,643
20,563
15,657
20,508
26,681
20,662
20,372
39,626
20,404
5,590
20,513
34,465
42,478
20,447
42,246
46,611
15,613
44,554
4,580
20,566
42,529
48,568
20,476
42,597
20,591
15,551
20,521
17,574
27,573
39,562
15,585
12,511
20,537
20,412
43,632
43,592
8,576
8,578
15,610
19,642
20,615
20,487
20,533
20,530
5,497
3,455
12,544
20,556
20,630
20,531
48,456
39,479
11,268
38,517
36,282
22,422
42,444
20,509
32,351
20,218
20,329
42,326
19,420
39,451
12,518
20,461
45,394
42,528
38,437
20,324
18,548
43,213
42,202
13,645
42,624
14,496
20,460
15,226
41,545
20,204
42,356
20,377
48,127
20,270
22,159
20,217
20,73
20,249
20,291
17,449
20,337
15,72
20,40
31,442
20,459
20,64
23,364
20,419
20,101
20,439
8,609
20,577
16,561
15,606
4,684
21,532
23,618
20,538
20,614
20,581
20,525
5,559
20,539
20,540
41,214
20,677
11,635
8,564
20,607
19,596
20,431
20,492
20,665
48,409
42,297
20,406
23,141
20,462
20,340
20,488
20,522
46,418
8,467
46,475
20,307
42,493
23,381
20,296
20,231
20,120
20,285
15,277
15,391
5,56
20,211
23,524
20,122
20,362
44,271
20,498
42,298
20,503
20,247
20,463
22,86
42,441
20,567
20,28
20,283
21,317
20,266
20,506
20,117
20,184
20,433
15,361
20,483
20,336
20,342
20,322
20,345
1,79
20,280
23,241
29,436
20,178
6,259
20,237
20,162
20,132
18,424
43,256
11,411
20,80
39,371
21,97
48,229
49,166
20,390
20,413
48,325
42,526
1,179
9,286
23,457
17,67
22,466
20,490
20,393
16,575
23,369
20,379
48,471
20,176
42,289
20,398
20,253
20,232
20,512
20,621
20,49
20,288
20,240
23,207
42,276
20,320
20,124
20,542
20,458
22,335
42,239
20,469
8,220
20,354
22,105
4,294
20,279
33,375
48,275
23,470
48,435
20,382
20,384
20,401
20,516
20,161
23,263
20,206
20,386
20,316
7,209
42,125
20,258
20,75
20,331
20,370
20,244
10,160
43,198
23,48
20,205
20,248
20,357
20,494
20,200
20,281
20,272
48,168
20,365
20,373
20,151
43,328
20,265
20,119
17,227
20,43
48,60
20,30
4,188
45,110
21,34
20,438
20,287
35,167
20,238
20,434
20,181
40,158
38,41
20,189
36,100
20,299
20,304
23,113
48,389
20,224
20,278
20,501
36,675
17,679
20,619
20,245
20,500
20,480
20,520
48,686
42,640
20,628
20,589
20,502
20,45
20,402
20,104
20,20
23,319
20,53
45,255
20,332
20,355
42,225
20,22
20,292
20,313
20,685
20,368
19,423
20,54
20,84
20,348
20,215
20,586
42,264
20,55
20,338
42,203
20,315
10,482
20,11
20,273
48,174
20,343
48,499
20,66
20,408
20,383
20,468
20,208
20,472
20,146
20,106
20,102
20,314
20,89
20,61
20,221
48,318
20,261
20,210
20,121
17,222
20,144
20,76
20,157
17,149
20,26
20,196
20,59
20,135
10,284
20,260
20,91
23,17
20,194
22,3
20,99
48,235
20,171
20,301
20,445
20,477
20,366
20,47
20,83
20,312
20,115
20,62
20,192
20,183
20,165
20,150
25,37
23,93
23,219
23,13
20,251
44,341
48,236
20,77
20,156
20,155
20,295
20,116
20,359
20,230
20,109
42,163
20,262
20,95
20,128
20,24
20,4
23,223
20,344
20,387
48,137
20,88
20,290
20,118
20,103
20,311
20,51
20,32
20,164
20,68
20,415
20,133
20,175
20,33
20,191
20,254
20,112
20,193
20,243
20,428
20,199
20,269
20,131
20,323
48,440
20,443
20,310
20,58
20,2
20,142
20,514
20,333
20,5
20,339
48,274
20,10
20,360
20,180
20,139
20,16
20,186
20,94
20,108
20,380
20,367
20,153
48,154
48,92
48,190
48,300
20,136
20,35
20,98
20,504
20,267
20,425
20,19
20,185
20,388
48,134
20,250
20,85
20,252
23,15
20,25
20,27
23,14
20,233
20,197
20,38
48,57
20,396
20,126
20,182
20,170
20,39
20,148
20,303
20,78
48,87
48,114
48,130
49,50
20,31
20,44
20,81
20,392
20,638
20,407
20,173
20,399
20,111
20,7
20,172
20,12
20,187
23,397
48,212
20,9
48,23
20,177
20,46
48,346
20,21
48,42
23,147
20,123
20,18
20,293
20,74
20,29
20,140
20,604
20,376
20,622
36,347
20,670
23,523
48,464
20,661
20,321
20,602
20,582
20,96
20,36
48,683
20,69
20,625
20,570
20,448
20,659
20,648
20,414
20,63
20,620
20,385
48,603
20,572
48,593
20,309
20,505
20,484
20,668
20,674
20,547
48,169
20,571
48,242
20,557
20,70
48,641
48,403
23,627
20,349
20,1
20,569
23,201
20,6
20,305
20,673
48,450
20,605
23,306
23,65
