101,374
128,735
126,664
54,665
60,710
54,704
34,660
126,326
27,699
96,672
22,650
41,602
53,356
156,540
65,667
54,599
99,617
65,638
77,716
115,695
106,655
104,693
34,555
104,627
104,697
21,696
68,621
49,588
102,604
106,589
19,132
4,570
54,259
64,289
80,401
24,571
29,56
78,622
118,568
104,493
101,728
88,647
57,709
67,734
24,670
21,629
103,714
66,715
133,700
72,686
104,720
58,712
109,579
114,536
97,631
21,541
123,293
24,637
55,733
24,731
31,633
120,657
126,603
55,616
24,576
151,479
89,572
79,598
149,452
41,587
110,724
82,623
106,727
24,708
104,711
151,674
117,651
151,600
115,713
73,565
123,702
56,701
126,634
128,684
67,654
101,669
117,630
77,680
77,543
101,510
77,492
104,594
104,561
109,721
68,546
21,641
116,258
109,535
156,460
52,688
104,642
62,692
21,433
104,517
9,521
104,440
92,485
124,482
21,624
89,325
28,564
102,529
81,620
62,530
106,575
102,26
115,671
79,658
18,321
21,656
97,628
139,524
104,538
17,478
104,126
21,380
30,198
32,218
27,367
115,430
116,416
21,409
135,539
121,498
91,652
98,368
97,515
49,648
70,501
50,406
11,109
57,509
67,673
66,668
21,593
31,698
6,690
32,542
58,608
108,488
143,646
89,581
24,606
132,679
151,722
87,247
32,96
111,360
113,534
24,338
51,580
99,643
141,619
95,551
86,459
28,601
83,613
101,442
65,516
16,456
140,46
86,591
61,188
119,508
104,649
111,103
102,424
26,322
125,553
122,566
5,635
10,585
33,502
20,717
99,597
65,489
42,659
21,514
45,560
119,499
7,567
54,497
71,388
72,494
75,145
33,398
15,473
21,435
94,413
31,486
106,454
131,531
34,662
135,389
36,339
96,528
63,470
89,120
77,309
121,429
100,436
154,420
133,396
118,350
5,507
97,372
65,294
21,184
31,242
151,385
105,300
1,487
75,618
32,523
18,316
32,370
30,466
107,450
104,65
25,395
84,519
157,513
100,36
13,58
134,45
101,563
30,160
24,677
30,644
84,544
34,490
20,547
127,341
98,353
24,462
128,60
21,74
104,245
104,153
117,586
34,506
106,449
89,314
116,477
110,238
73,329
101,511
21,392
21,549
118,432
55,362
104,504
102,292
130,505
7,394
2,277
128,354
22,554
145,230
12,471
11,422
99,483
155,268
30,343
111,11
58,330
23,9
89,423
31,129
3,481
75,178
142,290
101,225
138,439
143,119
100,31
39,166
70,111
21,170
18,324
101,550
24,315
21,124
20,375
8,303
133,61
29,146
70,384
127,319
20,200
147,219
152,279
31,311
74,467
158,469
104,444
76,453
97,127
21,334
88,455
31,274
136,227
13,239
24,474
16,237
24,37
93,297
39,148
31,226
101,157
21,224
21,128
100,520
16,661
21,345
21,7
97,23
78,203
24,251
22,241
99,196
97,183
104,234
30,426
90,313
100,271
100,141
21,270
21,182
104,105
24,191
35,265
22,295
99,215
32,181
86,147
119,197
14,348
151,573
21,552
126,605
125,415
24,537
23,443
119,512
21,386
74,557
150,412
40,390
21,522
100,187
24,363
45,189
89,558
89,12
77,70
21,451
21,427
104,441
24,491
85,468
20,205
104,342
21,556
31,318
88,287
101,359
104,28
72,138
21,403
86,140
100,100
99,161
31,13
20,6
43,4
59,33
21,16
21,192
42,59
143,64
24,261
128,82
23,52
24,276
21,149
107,142
21,43
151,387
100,102
21,114
131,173
49,5
104,266
104,222
21,280
69,32
104,465
21,582
151,437
131,425
43,336
21,233
127,211
44,361
21,286
151,495
101,636
112,382
21,400
104,607
25,480
27,484
21,323
100,337
13,185
48,331
144,272
21,344
21,383
90,162
24,17
21,136
151,244
21,418
21,615
100,463
151,283
18,545
21,496
37,86
21,291
44,236
31,41
89,320
89,90
137,168
97,257
24,377
24,1
47,112
21,29
31,263
21,116
30,177
21,47
94,475
104,121
21,327
21,216
129,55
24,448
101,308
105,332
100,137
24,206
31,10
38,592
31,457
21,199
25,317
106,107
21,164
30,369
97,249
104,404
24,106
21,248
21,306
100,378
26,373
21,737
25,685
100,405
21,125
21,458
24,421
21,626
21,22
24,262
37,408
21,93
21,340
21,123
100,476
101,518
21,333
21,75
21,92
106,175
21,683
21,229
131,25
24,104
24,40
24,24
21,718
21,51
21,101
21,464
24,569
44,666
24,610
21,574
21,639
21,675
21,625
104,632
24,221
32,73
21,730
42,726
24,676
21,115
155,682
153,691
151,472
21,736
21,596
21,583
21,577
143,500
151,611
21,612
21,252
21,201
44,30
21,21
21,19
21,89
21,91
21,209
21,366
24,88
101,281
21,223
24,195
151,307
24,118
16,68
21,35
44,328
21,38
25,379
21,50
39,194
43,256
46,80
151,288
21,139
21,298
151,193
24,304
21,357
21,85
21,44
21,143
21,27
105,95
21,407
21,278
21,445
44,584
105,364
21,365
21,253
106,67
151,446
21,152
21,208
21,110
100,335
106,431
89,376
21,310
24,42
21,346
21,172
21,165
156,381
21,156
94,240
21,231
21,371
149,135
106,72
21,113
21,167
21,217
21,18
21,15
21,186
21,169
21,144
44,48
21,34
100,207
21,2
153,84
105,267
106,246
106,393
21,243
148,299
101,414
21,8
21,83
24,3
21,351
21,63
21,179
21,352
21,57
21,81
105,108
104,202
21,503
21,411
21,402
21,154
21,264
105,461
21,204
21,133
21,312
100,447
21,49
21,296
105,213
154,235
21,122
21,284
21,355
24,174
146,190
21,347
21,39
21,260
21,214
21,62
21,210
21,134
155,87
21,77
21,250
21,79
21,130
21,20
21,117
21,97
32,254
21,131
157,180
21,159
21,419
105,54
21,94
21,98
21,53
21,255
21,71
21,158
21,176
21,275
105,397
106,228
24,150
152,723
21,548
21,76
155,527
106,706
104,438
21,562
104,732
21,66
150,78
21,725
151,578
21,703
106,410
21,434
21,707
151,694
21,349
21,705
21,533
21,719
21,417
21,689
21,220
21,399
151,729
21,559
151,155
151,678
151,302
21,687
21,358
21,609
21,526
21,273
21,681
21,653
21,525
21,212
21,640
104,595
151,69
21,590
21,99
21,14
151,663
21,232
151,305
106,614
21,301
21,151
151,391
106,285
21,532
151,428
21,645
21,269
21,163
106,171
104,282
