32,135
22,167
2,130
10,219
9,278
48,276
32,223
70,192
26,162
21,325
72,201
69,287
56,343
35,265
26,299
14,319
5,235
15,382
22,341
16,141
9,123
15,182
10,381
5,304
13,395
30,418
9,378
22,448
19,222
5,298
10,349
32,449
69,396
24,87
52,406
57,76
69,455
14,405
9,364
10,397
16,311
35,458
15,463
36,473
69,467
30,13
36,36
15,215
69,153
9,344
69,432
48,438
16,371
48,322
5,279
26,216
69,194
30,307
36,294
70,121
70,208
13,470
52,421
29,474
26,54
69,6
30,52
36,303
9,138
39,224
69,380
69,433
30,63
29,110
69,331
65,379
39,315
29,35
70,353
9,246
39,321
69,360
36,317
39,392
36,146
69,372
65,269
15,180
70,460
35,387
16,206
39,189
9,273
26,383
36,231
36,357
70,242
23,476
39,258
24,237
69,184
69,106
70,103
36,115
24,114
70,156
39,295
36,89
69,462
52,339
69,61
8,176
69,79
70,97
70,197
15,165
16,318
27,227
30,290
27,270
45,388
9,301
63,400
69,284
24,232
35,267
69,347
13,257
39,183
63,332
8,209
8,255
16,291
30,217
63,327
36,384
36,158
48,456
30,239
35,316
63,359
39,305
5,8
39,342
35,60
49,401
69,336
35,323
39,187
35,233
35,252
30,157
57,101
35,124
35,296
70,171
69,72
70,49
9,179
73,127
35,109
63,57
7,113
39,37
70,166
69,147
63,86
69,45
30,111
35,82
69,186
69,102
8,33
39,168
35,71
70,51
24,320
30,66
69,75
50,172
30,408
63,12
70,454
70,361
39,466
69,338
69,414
14,160
40,459
10,354
9,461
63,434
39,11
45,425
26,377
35,398
70,435
13,285
8,328
35,90
63,196
35,281
35,253
24,211
35,203
41,272
36,329
45,247
70,429
35,345
35,245
23,236
36,370
36,373
57,148
45,261
70,251
24,250
63,404
29,170
35,243
61,326
63,140
47,205
10,260
16,221
70,126
36,154
39,155
26,14
42,293
70,375
69,202
23,42
63,297
35,367
70,175
30,362
70,145
9,210
24,150
43,151
35,200
23,161
35,83
51,96
35,207
30,213
23,137
35,214
35,330
69,104
35,108
30,59
70,313
8,85
70,47
70,95
39,136
35,228
35,68
39,44
10,300
24,366
63,363
30,457
70,465
8,444
50,346
70,259
28,283
35,144
40,142
24,174
32,314
63,193
27,149
63,164
45,262
32,356
35,185
24,81
39,92
70,107
35,229
27,129
63,70
8,84
8,352
70,77
70,99
23,351
35,306
45,58
70,139
69,248
35,119
61,152
63,238
36,181
70,374
30,254
48,302
64,134
70,310
38,169
45,451
23,427
18,73
30,67
58,26
10,46
36,178
39,391
52,266
70,440
49,424
70,422
63,348
69,416
51,7
53,478
69,32
23,280
63,1
35,376
70,275
35,439
35,389
36,446
52,407
70,472
12,218
8,204
8,241
70,264
23,274
67,105
70,100
17,177
63,282
70,125
63,368
54,442
35,34
34,369
70,420
31,355
66,244
17,98
38,234
39,249
51,337
73,324
23,308
39,402
43,212
8,292
70,413
51,65
68,56
35,195
37,230
60,9
8,415
36,94
35,394
24,15
24,277
35,286
53,118
49,120
35,436
30,417
35,64
32,78
74,74
62,220
52,426
47,477
64,271
63,410
42,365
70,334
5,335
22,412
41,288
70,112
33,132
13,464
30,256
49,431
1,358
26,173
62,268
66,131
58,447
35,468
11,199
70,289
70,471
23,445
18,163
35,430
59,27
65,21
33,80
69,423
20,93
8,191
10,50
8,69
25,240
67,122
26,39
32,159
27,5
62,31
6,40
24,23
45,263
31,4
9,225
31,411
74,312
29,469
30,190
16,399
35,333
7,437
8,62
54,128
47,198
71,390
35,25
27,30
12,24
54,17
32,55
31,143
1,450
24,385
3,419
34,41
7,20
33,428
8,133
62,117
66,226
5,453
30,91
4,53
16,43
69,48
59,22
70,18
37,88
58,116
73,16
41,38
71,188
70,309
55,403
8,29
34,340
68,350
55,441
8,393
10,3
45,452
7,443
33,19
55,28
46,386
20,2
44,409
28,475
32,10
