1,712
1,728
1,737
1,724
1,701
1,600
7,618
1,508
1,646
1,654
1,656
1,505
1,719
1,739
1,643
1,669
1,664
1,504
7,686
1,616
1,729
1,677
7,596
1,633
7,734
7,718
1,715
1,723
1,702
7,545
1,685
1,671
1,722
1,571
1,406
1,720
1,512
1,756
1,735
7,727
1,370
1,546
1,364
1,427
1,621
7,564
1,351
1,521
1,632
1,732
7,687
1,659
1,526
1,604
1,731
1,705
1,615
1,601
1,506
1,672
1,714
1,611
1,644
7,708
7,479
1,648
1,559
1,588
1,547
7,710
1,667
1,581
1,469
1,553
1,647
7,636
1,638
1,562
1,688
1,585
7,520
1,262
1,630
1,560
1,613
1,419
1,699
1,476
1,590
1,456
1,529
1,570
1,623
1,662
1,272
1,401
1,524
7,403
1,609
7,321
1,346
1,649
1,645
1,386
1,368
1,661
1,652
1,706
1,461
8,284
1,625
7,550
1,586
7,670
1,634
1,610
1,703
1,543
1,683
7,352
1,721
7,568
7,363
1,208
1,535
8,541
1,379
7,497
1,418
3,528
1,444
7,640
1,695
1,607
1,655
1,591
8,680
1,573
1,673
6,696
4,593
8,400
1,709
1,658
1,657
1,540
1,446
1,393
8,319
8,453
1,660
7,438
1,462
8,507
4,744
2,675
1,287
1,264
1,192
1,484
1,679
8,347
1,460
1,605
1,390
8,382
1,405
1,236
1,454
1,578
1,247
7,488
7,378
2,522
8,407
8,425
8,502
1,330
7,373
8,276
8,483
8,285
1,274
8,435
8,491
1,249
1,415
8,515
8,441
1,514
8,374
8,486
8,327
8,381
8,377
8,487
8,429
8,574
8,542
8,463
8,525
8,450
8,455
1,493
1,220
8,238
8,320
8,243
8,413
1,387
8,316
8,354
8,443
7,492
5,397
1,189
1,412
7,150
8,404
8,248
8,537
1,241
8,385
8,299
8,211
1,408
8,232
8,306
8,430
8,464
8,577
8,494
1,567
1,258
8,384
8,255
8,627
8,235
8,270
8,181
8,177
8,532
8,594
8,608
1,421
1,296
8,383
8,694
8,414
1,503
8,411
8,556
8,442
8,513
8,361
8,642
8,209
8,329
8,348
8,325
8,475
8,227
8,449
8,283
8,436
8,307
8,239
8,162
8,266
8,434
8,212
8,297
8,196
8,184
8,301
8,223
8,345
8,259
8,500
8,197
4,490
8,579
8,554
8,392
8,641
8,576
8,480
8,228
8,290
8,288
8,253
8,372
8,440
8,350
8,225
8,375
8,252
8,278
8,176
8,598
8,575
8,395
5,626
8,472
8,416
8,231
8,206
8,595
8,240
8,628
8,561
8,268
8,582
1,277
8,275
8,154
8,201
8,603
8,185
8,750
8,747
8,755
8,745
8,758
8,653
8,760
8,757
8,753
8,742
8,748
8,752
8,746
8,749
8,751
7,743
8,761
1,523
8,552
1,527
8,467
8,332
8,549
8,451
8,530
8,353
8,366
8,221
8,359
8,256
8,322
8,555
8,254
8,280
8,202
8,485
1,291
8,237
8,355
8,300
8,424
8,340
8,519
8,580
8,459
8,389
8,614
8,282
8,544
8,265
8,433
1,380
8,289
8,589
8,305
8,439
8,651
8,311
8,309
8,637
8,639
8,445
8,224
8,668
8,344
8,597
8,587
8,251
8,207
8,315
8,230
8,631
8,195
8,312
8,295
8,698
1,516
8,388
8,313
8,612
8,399
8,509
8,563
8,367
8,583
8,557
8,409
8,716
8,398
8,394
8,622
8,432
8,437
8,465
8,635
8,458
8,410
8,293
8,468
8,539
1,267
8,334
8,349
8,343
8,362
8,428
8,606
8,338
8,302
8,260
8,242
8,357
8,308
8,342
8,518
8,717
8,331
8,182
8,175
8,279
8,261
8,365
8,689
8,510
8,551
8,423
8,304
7,326
8,318
8,726
8,697
8,269
8,681
8,707
8,317
8,617
8,693
1,692
8,629
8,725
8,730
8,676
8,496
8,323
8,666
8,736
8,691
8,733
8,569
8,682
8,665
8,489
8,538
7,548
1,402
8,599
8,481
8,263
8,452
8,572
8,482
8,584
8,558
8,498
8,213
8,501
8,200
8,391
8,376
8,624
8,704
8,324
8,678
8,273
8,360
1,180
8,470
8,690
8,198
8,333
8,740
8,466
8,471
8,328
8,294
8,188
8,286
8,448
8,203
8,193
8,244
1,592
8,684
8,565
8,663
8,536
8,298
1,137
8,336
8,341
8,166
8,229
8,310
8,271
8,199
8,763
8,764
8,754
8,149
8,191
8,257
1,194
8,499
8,110
1,292
8,426
8,369
8,477
8,602
8,219
8,422
8,478
8,358
8,142
8,711
8,533
8,126
8,431
8,417
8,64
8,112
8,172
8,65
8,114
8,25
8,218
8,81
8,741
8,122
8,23
8,46
8,152
8,566
8,30
8,70
8,123
7,179
8,76
8,100
8,7
8,214
8,128
8,473
8,447
8,335
8,650
8,19
8,51
8,770
8,40
8,98
8,26
8,173
8,132
8,120
8,700
8,738
8,303
8,215
8,155
8,713
8,281
8,141
8,140
8,5
8,79
8,15
8,115
8,337
8,420
8,54
8,127
8,102
8,31
8,69
8,517
8,67
8,216
8,8
8,33
8,74
8,29
8,55
8,14
8,89
8,32
8,84
8,28
8,72
1,1
1,47
8,3
8,41
8,97
8,90
8,6
8,39
8,133
8,82
8,762
8,11
8,27
8,21
8,125
8,765
8,44
8,769
8,43
8,768
8,135
8,183
8,190
8,68
8,161
8,159
8,124
8,92
8,234
8,168
8,246
7,147
8,531
8,134
8,66
8,153
8,106
8,60
8,77
8,20
8,22
8,2
8,10
8,93
8,45
8,109
8,101
8,78
8,131
8,58
8,157
8,144
8,24
8,103
8,35
1,146
8,62
8,48
8,18
8,767
8,13
8,87
8,36
8,17
8,37
8,63
8,83
8,9
8,16
8,42
8,136
8,766
8,339
8,205
8,71
8,396
8,178
8,52
8,222
8,356
8,116
5,107
8,474
8,96
8,511
8,534
8,314
8,204
8,138
8,91
8,151
8,50
8,139
8,148
4,88
8,38
8,111
8,80
8,86
8,210
8,61
8,12
8,117
8,73
8,186
8,75
8,620
8,105
8,165
8,85
8,104
8,187
8,163
8,121
8,95
8,169
8,108
8,56
8,143
5,164
8,113
8,129
7,233
8,226
8,759
8,619
8,94
8,59
8,49
8,119
8,34
8,4
8,160
8,250
8,495
8,158
8,245
8,457
8,171
8,217
1,170
8,57
8,99
1,53
8,674
8,371
1,145
1,118
1,167
1,174
1,156
7,130
