27,833
24,565
61,831
30,845
44,640
71,769
60,767
24,682
24,739
17,713
16,797
24,832
64,732
33,762
44,691
21,642
24,756
73,795
24,367
59,711
2,776
44,810
27,671
30,607
68,747
55,822
20,318
44,494
75,669
15,853
20,847
26,818
27,751
54,114
69,687
37,793
75,731
72,608
7,559
8,645
26,707
26,353
27,839
41,771
68,543
44,750
41,723
24,322
26,689
60,763
26,817
62,714
27,709
36,802
24,676
26,746
52,653
66,598
24,573
57,184
36,748
72,179
7,782
39,638
21,675
26,571
26,761
24,579
75,595
44,485
63,304
55,646
55,719
67,778
72,619
64,672
55,615
62,734
27,555
72,764
24,774
29,848
44,668
44,677
69,216
29,212
10,695
34,685
68,305
24,820
51,605
26,686
27,826
24,787
63,841
63,789
44,825
36,819
44,840
14,704
37,416
62,792
72,850
37,829
30,575
33,790
56,712
44,814
24,737
26,740
29,532
30,170
72,568
24,588
73,48
24,550
30,566
24,754
56,547
44,843
26,718
26,725
38,816
65,849
44,806
26,661
26,842
27,437
66,824
20,429
24,652
23,462
24,259
26,518
65,94
24,524
38,19
26,109
55,479
36,478
26,567
26,9
70,326
24,246
71,604
8,618
27,692
73,226
22,422
44,558
74,766
44,267
64,639
48,445
70,800
62,17
44,378
62,727
20,418
32,770
26,328
75,706
36,384
75,374
27,253
44,643
24,234
39,345
24,854
24,670
28,830
18,59
26,131
60,681
7,745
53,852
67,696
44,834
24,779
26,773
44,637
8,708
61,610
24,683
26,512
4,557
24,520
27,654
31,625
26,611
55,626
44,499
26,563
55,393
40,634
64,587
44,589
75,651
24,535
58,562
44,678
64,743
28,585
63,757
72,622
43,788
19,693
27,530
23,118
54,442
33,702
24,703
27,721
26,541
28,656
24,755
6,684
28,781
18,516
41,627
26,644
24,722
73,453
62,522
20,255
24,556
28,423
29,657
24,796
42,837
27,309
39,443
26,600
24,552
49,803
26,738
24,597
37,663
65,617
31,574
40,635
27,591
66,649
35,716
65,705
24,623
40,780
44,641
24,760
40,694
7,580
40,724
24,630
73,458
24,799
30,648
26,759
62,658
24,667
30,477
69,504
8,551
26,592
30,741
24,513
24,472
24,544
27,596
69,459
26,469
26,167
20,444
44,515
69,377
40,338
24,2
44,8
40,435
24,295
30,528
55,401
63,386
24,380
64,534
41,385
44,249
48,55
5,381
20,427
27,483
28,362
1,388
26,390
75,475
24,317
27,144
30,468
39,237
12,187
39,484
37,315
27,449
26,564
24,726
24,465
26,481
37,599
26,700
24,578
50,620
27,323
40,749
26,583
44,116
24,577
37,594
24,768
24,394
28,343
62,169
3,433
24,329
24,344
30,199
9,744
24,283
26,398
24,265
24,506
24,222
29,519
19,655
29,81
38,440
26,375
44,349
39,330
24,526
63,498
37,662
30,650
6,493
24,432
24,266
24,365
27,276
27,12
26,136
24,229
63,68
7,368
29,90
24,133
29,476
29,364
38,537
26,279
37,402
30,209
68,132
15,141
24,348
7,400
24,570
24,614
26,680
24,542
24,452
8,51
69,32
40,193
60,715
41,511
24,593
24,752
64,473
24,569
24,601
56,492
24,502
24,501
63,404
63,327
24,730
24,728
24,697
27,572
24,447
17,391
24,436
26,497
27,742
24,508
24,673
62,772
44,699
62,688
24,733
27,586
26,431
24,603
25,500
28,523
26,214
69,263
26,576
44,293
69,42
63,306
7,439
64,221
46,126
26,122
69,41
26,134
24,233
63,92
24,121
44,270
29,357
7,185
24,56
24,448
11,303
70,514
63,308
24,406
40,335
24,49
28,257
26,609
24,415
24,236
69,584
24,67
26,366
24,482
63,66
26,142
24,710
29,173
24,110
24,190
24,161
24,413
69,127
26,180
26,271
24,313
44,138
69,546
26,290
24,147
64,231
65,23
28,631
63,616
24,488
24,346
69,208
28,521
24,268
30,387
7,33
24,1
29,302
29,311
24,347
24,213
76,93
69,392
24,399
26,296
64,549
24,128
24,188
24,529
24,242
24,53
29,79
24,165
26,43
24,403
24,621
24,430
8,582
68,495
27,227
63,505
71,291
45,525
26,503
24,679
24,456
28,215
69,218
26,461
24,171
24,319
26,203
26,517
26,420
28,510
24,355
28,333
24,331
44,467
26,86
63,735
29,82
26,480
24,613
24,647
26,354
24,466
24,441
29,228
24,111
24,352
24,341
27,359
24,463
26,105
24,260
28,24
24,256
66,280
24,324
27,264
24,117
44,112
24,297
61,4
24,240
24,189
44,160
24,106
63,14
44,211
69,88
24,27
26,130
24,289
24,159
61,225
27,31
24,272
40,16
27,65
24,149
24,332
24,207
45,172
63,219
24,244
24,561
24,312
24,241
24,252
7,247
40,278
24,371
24,250
24,548
24,428
24,195
24,275
24,64
26,232
26,300
24,168
26,298
24,337
24,307
24,358
26,238
24,104
24,340
24,101
24,36
69,301
28,316
24,334
26,137
24,123
26,356
24,61
24,163
24,54
7,140
24,98
24,44
26,220
24,47
24,285
24,373
24,230
24,206
24,784
24,855
26,539
63,861
26,28
24,808
24,720
7,450
24,46
24,851
26,785
24,99
24,181
44,152
29,108
26,97
24,277
27,192
24,813
24,70
24,5
24,22
28,659
24,857
24,660
44,15
24,859
24,166
24,314
13,178
7,828
24,83
27,407
44,248
63,197
24,273
24,201
63,531
24,860
24,157
24,396
24,120
24,821
24,701
24,286
24,805
24,777
24,823
29,632
24,612
24,84
24,419
24,674
24,624
24,815
24,336
24,125
24,858
24,507
24,801
44,835
44,536
24,758
24,698
24,150
70,553
47,491
69,412
24,665
24,287
24,154
24,235
24,310
24,91
26,451
44,269
24,540
24,666
24,85
24,405
28,370
26,460
24,581
24,471
24,414
24,408
24,274
24,446
24,496
26,261
24,434
64,35
24,25
24,360
24,89
24,45
24,487
24,177
26,74
44,425
26,664
24,155
44,143
24,129
24,527
24,58
24,243
24,145
24,6
24,490
24,113
26,75
24,103
24,38
24,62
24,80
26,205
24,18
7,254
24,115
24,148
44,223
24,151
24,37
24,294
24,29
24,69
24,198
24,162
26,164
4,489
26,636
24,383
24,282
26,438
24,602
29,633
6,95
24,417
24,409
24,204
24,538
24,509
26,71
24,457
24,382
24,426
24,339
24,96
24,350
24,554
24,690
24,76
26,411
6,376
24,196
24,284
24,474
24,454
44,153
24,202
24,13
24,124
24,239
24,245
24,455
7,135
24,52
24,258
24,320
24,397
24,395
24,224
26,156
24,78
24,158
1,102
24,183
44,545
24,533
24,3
24,372
24,174
24,7
7,50
44,379
44,107
9,119
24,60
24,20
24,200
24,470
5,26
24,73
24,139
17,281
24,191
24,194
24,72
12,77
24,34
24,210
44,176
24,57
24,606
7,838
44,836
24,560
6,765
44,351
7,63
24,844
7,629
8,811
44,421
24,464
44,827
24,717
24,175
24,809
24,410
24,590
44,846
24,363
44,804
24,783
24,251
24,39
7,486
44,856
24,40
24,182
24,812
24,369
24,146
24,262
44,342
7,807
24,736
7,217
24,753
24,791
24,288
24,786
24,325
7,87
24,424
7,729
24,186
24,299
24,798
24,628
44,100
24,321
24,21
24,775
44,292
8,10
44,794
44,389
44,30
44,361
44,11
