56,374
73,735
73,664
32,665
35,710
32,704
20,660
73,326
16,699
55,672
15,650
25,602
31,356
89,540
39,667
32,599
56,617
39,638
45,716
64,695
58,655
57,693
20,555
57,627
57,697
15,696
41,621
29,588
56,604
58,589
14,132
3,570
32,259
38,289
46,401
15,571
18,56
46,622
67,568
57,493
56,728
49,647
33,709
41,734
15,670
15,629
56,714
40,715
75,700
43,686
57,720
33,712
60,579
63,536
56,631
15,541
71,293
15,637
32,733
15,731
18,633
68,657
73,603
32,616
15,576
87,479
49,572
46,598
86,452
25,587
60,724
47,623
58,727
15,708
57,711
87,674
66,651
87,600
64,713
43,565
71,702
32,701
73,634
73,684
41,654
56,669
66,630
45,680
45,543
56,510
45,492
57,594
57,561
60,721
41,546
15,641
65,258
60,535
89,460
30,688
57,642
36,692
15,433
57,517
8,521
57,440
51,485
72,482
15,624
49,325
17,564
56,529
47,620
36,530
58,575
56,26
64,671
46,658
13,321
15,656
56,628
78,524
57,538
12,478
57,126
15,380
18,198
19,218
16,367
64,430
65,416
15,409
76,539
69,498
50,652
56,368
56,515
29,648
43,501
29,406
9,109
33,509
41,673
40,668
15,593
18,698
5,690
19,542
33,608
59,488
81,646
49,581
15,606
74,679
87,722
49,247
19,96
61,360
62,534
15,338
30,580
56,643
79,619
54,551
49,459
17,601
48,613
56,442
39,516
12,456
79,46
49,591
35,188
67,508
57,649
61,103
56,424
16,322
73,553
70,566
4,635
8,585
20,502
15,717
56,597
39,489
26,659
15,514
26,560
67,499
6,567
32,497
43,388
43,494
45,145
20,398
11,473
15,435
53,413
18,486
58,454
74,531
20,662
76,389
21,339
55,528
37,470
49,120
45,309
69,429
56,436
88,420
75,396
67,350
4,507
56,372
39,294
15,184
18,242
87,385
57,300
1,487
45,618
19,523
13,316
19,370
18,466
59,450
57,65
15,395
49,519
90,513
56,36
10,58
75,45
56,563
18,160
15,677
18,644
49,544
20,490
15,547
73,341
56,353
15,462
73,60
15,74
57,245
57,153
66,586
20,506
58,449
49,314
65,477
60,238
43,329
56,511
15,392
15,549
67,432
32,362
57,504
56,292
74,505
6,394
1,277
73,354
15,554
83,230
9,471
9,422
56,483
88,268
18,343
61,11
33,330
15,9
49,423
18,129
2,481
45,178
80,290
56,225
77,439
81,119
56,31
23,166
43,111
15,170
13,324
56,550
15,315
15,124
15,375
7,303
75,61
18,146
43,384
73,319
15,200
84,219
87,279
18,311
44,467
91,469
57,444
45,453
56,127
15,334
49,455
18,274
76,227
10,239
15,474
12,237
15,37
52,297
23,148
18,226
56,157
15,224
15,128
56,520
12,661
15,345
15,7
56,23
46,203
15,251
15,241
56,196
56,183
57,234
18,426
49,313
56,271
56,141
15,270
15,182
57,105
15,191
21,265
15,295
56,215
19,181
49,147
67,197
11,348
87,573
15,552
73,605
73,415
15,537
15,443
67,512
15,386
44,557
87,412
24,390
15,522
56,187
15,363
26,189
49,558
49,12
45,70
15,451
15,427
57,441
15,491
49,468
15,205
57,342
15,556
18,318
49,287
56,359
57,28
43,138
15,403
49,140
56,100
56,161
18,13
15,6
26,4
34,33
15,16
15,192
26,59
81,64
15,261
73,82
15,52
15,276
15,149
59,142
15,43
87,387
56,102
15,114
74,173
29,5
57,266
57,222
15,280
42,32
57,465
15,582
87,437
74,425
26,336
15,233
73,211
26,361
15,286
87,495
56,636
62,382
15,400
57,607
15,480
16,484
15,323
56,337
10,185
28,331
82,272
15,344
15,383
49,162
15,17
15,136
87,244
15,418
15,615
56,463
87,283
13,545
15,496
22,86
15,291
26,236
18,41
49,320
49,90
76,168
56,257
15,377
15,1
27,112
15,29
18,263
15,116
18,177
15,47
53,475
57,121
15,327
15,216
74,55
15,448
56,308
57,332
56,137
15,206
18,10
22,592
18,457
15,199
15,317
58,107
15,164
18,369
56,249
57,404
15,106
15,248
15,306
56,378
16,373
15,737
15,685
56,405
15,125
15,458
15,421
15,626
15,22
15,262
22,408
15,93
15,340
15,123
56,476
56,518
15,333
15,75
15,92
58,175
15,683
15,229
74,25
15,104
15,40
15,24
15,718
15,51
15,101
15,464
15,569
26,666
15,610
15,574
15,639
15,675
15,625
57,632
15,221
19,73
15,730
26,726
15,676
15,115
88,682
87,691
87,472
15,736
15,596
15,583
15,577
81,500
87,611
15,612
15,252
15,201
26,30
15,21
15,19
15,89
15,91
15,209
15,366
15,88
56,281
15,223
15,195
87,307
15,118
12,68
15,35
26,328
15,38
15,379
15,50
23,194
26,256
26,80
87,288
15,139
15,298
87,193
15,304
15,357
15,85
15,44
15,143
15,27
57,95
15,407
15,278
15,445
26,584
57,364
15,365
15,253
58,67
87,446
15,152
15,208
15,110
56,335
58,431
49,376
15,310
15,42
15,346
15,172
15,165
89,381
15,156
53,240
15,231
15,371
86,135
58,72
15,113
15,167
15,217
15,18
15,15
15,186
15,169
15,144
26,48
15,34
56,207
15,2
87,84
57,267
58,246
58,393
15,243
85,299
56,414
15,8
15,83
15,3
15,351
15,63
15,179
15,352
15,57
15,81
57,108
57,202
15,503
15,411
15,402
15,154
15,264
57,461
15,204
15,133
15,312
56,447
15,49
15,296
57,213
88,235
15,122
15,284
15,355
15,174
83,190
15,347
15,39
15,260
15,214
15,62
15,210
15,134
88,87
15,77
15,250
15,79
15,130
15,20
15,117
15,97
19,254
15,131
90,180
15,159
15,419
57,54
15,94
15,98
15,53
15,255
15,71
15,158
15,176
15,275
57,397
58,228
15,150
87,723
15,548
15,76
88,527
58,706
57,438
15,562
57,732
15,66
87,78
15,725
87,578
15,703
58,410
15,434
15,707
87,694
15,349
15,705
15,533
15,719
15,417
15,689
15,220
15,399
87,729
15,559
87,155
87,678
87,302
15,687
15,358
15,609
15,526
15,273
15,681
15,653
15,525
15,212
15,640
57,595
87,69
15,590
15,99
15,14
87,663
15,232
87,305
58,614
15,301
15,151
87,391
58,285
15,532
87,428
15,645
15,269
15,163
58,171
57,282
