18,135
12,167
2,130
6,219
5,278
27,276
18,223
38,192
15,162
11,325
39,201
38,287
30,343
20,265
15,299
7,319
4,235
7,382
12,341
8,141
5,123
7,182
6,381
4,304
6,395
17,418
5,378
12,448
10,222
4,298
6,349
18,449
38,396
13,87
28,406
31,76
38,455
7,405
5,364
6,397
8,311
20,458
7,463
20,473
38,467
17,13
20,36
7,215
38,153
5,344
38,432
27,438
8,371
27,322
4,279
15,216
38,194
17,307
20,294
38,121
38,208
6,470
28,421
16,474
15,54
38,6
17,52
20,303
5,138
21,224
38,380
38,433
17,63
16,110
38,331
35,379
21,315
16,35
38,353
5,246
21,321
38,360
20,317
21,392
20,146
38,372
35,269
7,180
38,460
20,387
8,206
21,189
5,273
15,383
20,231
20,357
38,242
13,476
21,258
13,237
38,184
38,106
38,103
20,115
13,114
38,156
21,295
20,89
38,462
28,339
38,61
5,176
38,79
38,97
38,197
7,165
8,318
15,227
17,290
15,270
26,388
5,301
34,400
38,284
13,232
20,267
38,347
6,257
21,183
34,332
5,209
5,255
8,291
17,217
34,327
20,384
20,158
27,456
17,239
20,316
34,359
21,305
4,8
21,342
20,60
28,401
38,336
20,323
21,187
20,233
20,252
17,157
31,101
20,124
20,296
38,171
38,72
38,49
5,179
39,127
20,109
34,57
5,113
21,37
38,166
38,147
34,86
38,45
17,111
20,82
38,186
38,102
5,33
21,168
20,71
38,51
13,320
17,66
38,75
28,172
17,408
34,12
38,454
38,361
21,466
38,338
38,414
7,160
22,459
6,354
5,461
34,434
21,11
26,425
15,377
20,398
38,435
6,285
5,328
20,90
34,196
20,281
20,253
13,211
20,203
22,272
20,329
26,247
38,429
20,345
20,245
13,236
20,370
20,373
31,148
26,261
38,251
13,250
34,404
16,170
20,243
33,326
34,140
27,205
6,260
8,221
38,126
20,154
21,155
15,14
23,293
38,375
38,202
13,42
34,297
20,367
38,175
17,362
38,145
5,210
13,150
24,151
20,200
13,161
20,83
28,96
20,207
17,213
13,137
20,214
20,330
38,104
20,108
17,59
38,313
5,85
38,47
38,95
21,136
20,228
20,68
21,44
6,300
13,366
34,363
17,457
38,465
5,444
28,346
38,259
16,283
20,144
22,142
13,174
18,314
34,193
15,149
34,164
26,262
18,356
20,185
13,81
21,92
38,107
20,229
15,129
34,70
5,84
5,352
38,77
38,99
13,351
20,306
26,58
38,139
38,248
20,119
33,152
34,238
20,181
38,374
17,254
27,302
34,134
38,310
21,169
26,451
13,427
10,73
17,67
32,26
6,46
20,178
21,391
28,266
38,440
28,424
38,422
34,348
38,416
28,7
29,478
38,32
13,280
34,1
20,376
38,275
20,439
20,389
20,446
28,407
38,472
6,218
5,204
5,241
38,264
13,274
37,105
38,100
9,177
34,282
38,125
34,368
29,442
20,34
19,369
38,420
17,355
36,244
9,98
21,234
21,249
28,337
39,324
13,308
21,402
24,212
5,292
38,413
28,65
37,56
20,195
20,230
32,9
5,415
20,94
20,394
13,15
13,277
20,286
29,118
28,120
20,436
17,417
20,64
18,78
40,74
33,220
28,426
27,477
34,271
34,410
23,365
38,334
4,335
12,412
22,288
38,112
18,132
6,464
17,256
28,431
1,358
15,173
33,268
36,131
32,447
20,468
6,199
38,289
38,471
13,445
10,163
20,430
32,27
35,21
18,80
38,423
11,93
5,191
6,50
5,69
14,240
37,122
15,39
18,159
15,5
33,31
4,40
13,23
26,263
17,4
5,225
17,411
40,312
16,469
17,190
8,399
20,333
5,437
5,62
29,128
27,198
39,390
20,25
15,30
6,24
29,17
18,55
17,143
1,450
13,385
3,419
19,41
5,20
18,428
5,133
33,117
36,226
4,453
17,91
3,53
8,43
38,48
32,22
38,18
20,88
32,116
39,16
22,38
39,188
38,309
30,403
5,29
19,340
37,350
30,441
5,393
6,3
26,452
5,443
18,19
30,28
26,386
11,2
25,409
16,475
18,10
