5,135
3,167
1,130
2,219
2,278
6,276
5,223
9,192
4,162
3,325
9,201
9,287
7,343
5,265
4,299
2,319
2,235
2,382
3,341
2,141
2,123
2,182
2,381
2,304
2,395
5,418
2,378
3,448
2,222
2,298
2,349
5,449
9,396
4,87
6,406
7,76
9,455
2,405
2,364
2,397
2,311
5,458
2,463
5,473
9,467
5,13
5,36
2,215
9,153
2,344
9,432
6,438
2,371
6,322
2,279
4,216
9,194
5,307
5,294
9,121
9,208
2,470
6,421
4,474
4,54
9,6
5,52
5,303
2,138
5,224
9,380
9,433
5,63
4,110
9,331
8,379
5,315
4,35
9,353
2,246
5,321
9,360
5,317
5,392
5,146
9,372
8,269
2,180
9,460
5,387
2,206
5,189
2,273
4,383
5,231
5,357
9,242
4,476
5,258
4,237
9,184
9,106
9,103
5,115
4,114
9,156
5,295
5,89
9,462
6,339
9,61
2,176
9,79
9,97
9,197
2,165
2,318
4,227
5,290
4,270
6,388
2,301
8,400
9,284
4,232
5,267
9,347
2,257
5,183
8,332
2,209
2,255
2,291
5,217
8,327
5,384
5,158
6,456
5,239
5,316
8,359
5,305
2,8
5,342
5,60
6,401
9,336
5,323
5,187
5,233
5,252
5,157
7,101
5,124
5,296
9,171
9,72
9,49
2,179
9,127
5,109
8,57
2,113
5,37
9,166
9,147
8,86
9,45
5,111
5,82
9,186
9,102
2,33
5,168
5,71
9,51
4,320
5,66
9,75
6,172
5,408
8,12
9,454
9,361
5,466
9,338
9,414
2,160
6,459
2,354
2,461
8,434
5,11
6,425
4,377
5,398
9,435
2,285
2,328
5,90
8,196
5,281
5,253
4,211
5,203
6,272
5,329
6,247
9,429
5,345
5,245
4,236
5,370
5,373
7,148
6,261
9,251
4,250
8,404
4,170
5,243
8,326
8,140
6,205
2,260
2,221
9,126
5,154
5,155
4,14
6,293
9,375
9,202
4,42
8,297
5,367
9,175
5,362
9,145
2,210
4,150
6,151
5,200
4,161
5,83
6,96
5,207
5,213
4,137
5,214
5,330
9,104
5,108
5,59
9,313
2,85
9,47
9,95
5,136
5,228
5,68
5,44
2,300
4,366
8,363
5,457
9,465
2,444
6,346
9,259
4,283
5,144
6,142
4,174
5,314
8,193
4,149
8,164
6,262
5,356
5,185
4,81
5,92
9,107
5,229
4,129
8,70
2,84
2,352
9,77
9,99
4,351
5,306
6,58
9,139
9,248
5,119
8,152
8,238
5,181
9,374
5,254
6,302
8,134
9,310
5,169
6,451
4,427
2,73
5,67
8,26
2,46
5,178
5,391
6,266
9,440
6,424
9,422
8,348
9,416
6,7
7,478
9,32
4,280
8,1
5,376
9,275
5,439
5,389
5,446
6,407
9,472
2,218
2,204
2,241
9,264
4,274
9,105
9,100
2,177
8,282
9,125
8,368
7,442
5,34
5,369
9,420
5,355
8,244
2,98
5,234
5,249
6,337
9,324
4,308
5,402
6,212
2,292
9,413
6,65
9,56
5,195
5,230
8,9
2,415
5,94
5,394
4,15
4,277
5,286
7,118
6,120
5,436
5,417
5,64
5,78
9,74
8,220
6,426
6,477
8,271
8,410
6,365
9,334
2,335
3,412
6,288
9,112
5,132
2,464
5,256
6,431
1,358
4,173
8,268
8,131
8,447
5,468
2,199
9,289
9,471
4,445
2,163
5,430
8,27
8,21
5,80
9,423
3,93
2,191
2,50
2,69
4,240
9,122
4,39
5,159
4,5
8,31
2,40
4,23
6,263
5,4
2,225
5,411
9,312
4,469
5,190
2,399
5,333
2,437
2,62
7,128
6,198
9,390
5,25
4,30
2,24
7,17
5,55
5,143
1,450
4,385
1,419
5,41
2,20
5,428
2,133
8,117
8,226
2,453
5,91
1,53
2,43
9,48
8,22
9,18
5,88
8,116
9,16
6,38
9,188
9,309
7,403
2,29
5,340
9,350
7,441
2,393
2,3
6,452
2,443
5,19
7,28
6,386
3,2
6,409
4,475
5,10
