1,825
5,1225
6,1247
6,1178
1,1182
5,1177
5,1222
1,996
1,1236
5,1239
6,1061
6,546
5,1097
5,1246
1,1112
1,856
1,1055
5,1185
5,1244
5,1046
5,1167
5,446
1,971
5,1229
1,1232
5,1224
1,987
1,1206
6,1184
5,520
1,1253
1,1179
1,968
5,1252
1,1077
5,1238
1,932
6,1191
6,1176
1,1085
5,619
5,988
5,913
6,1139
1,1140
5,1205
6,568
5,1223
1,1022
6,1148
6,414
1,776
5,670
6,1218
5,1168
6,1133
5,1195
6,667
6,804
1,623
6,964
5,1128
6,1159
1,632
1,865
1,783
6,586
5,843
6,1157
1,976
5,979
1,1033
5,1111
5,949
1,947
5,871
5,755
5,1132
6,516
1,502
5,322
1,1102
2,1180
5,901
5,937
5,848
5,1221
5,391
6,889
5,1203
6,1153
5,1169
5,535
5,1090
5,739
1,874
6,867
1,982
1,744
6,759
5,1149
1,407
5,1110
5,1109
1,1240
6,955
1,462
1,1227
1,727
5,558
1,1065
6,1219
5,1213
1,1135
5,1151
5,1241
1,615
5,1141
1,607
5,1173
1,270
5,752
6,765
5,1114
1,1188
1,767
1,894
6,594
1,1198
1,842
5,296
5,832
1,970
1,823
5,641
1,1142
5,785
5,773
5,725
5,1129
5,421
1,1117
1,1175
5,1234
1,1200
5,1230
1,1040
5,1212
6,1174
1,521
5,926
5,669
6,868
5,251
5,1171
5,1158
1,1120
5,466
5,927
1,675
1,552
1,940
6,792
1,1093
1,1044
1,455
1,571
5,981
5,953
3,510
1,1197
1,1030
5,1025
5,1026
1,1087
5,935
1,345
1,1215
3,529
5,1056
5,898
5,777
1,365
5,1201
1,1242
1,1235
1,951
6,756
5,797
5,610
5,1143
5,341
5,748
5,651
1,816
5,980
5,808
5,719
5,423
1,908
5,1125
5,1154
5,896
5,966
5,303
3,880
5,628
1,318
5,1181
1,1095
1,1138
5,872
5,1013
5,1192
5,1237
6,499
5,914
5,1243
5,794
5,1051
5,1103
1,1052
6,531
5,828
5,1163
5,1152
5,604
1,1228
1,385
1,1122
5,509
5,1194
6,1189
5,1116
3,1131
4,663
1,668
5,775
4,681
5,1001
5,995
5,1210
5,830
5,1127
5,1170
1,905
5,1130
5,1211
5,1078
5,409
5,1084
5,977
5,271
5,638
6,873
5,393
5,1193
5,1119
1,1092
5,672
5,699
5,403
1,892
5,1164
5,1049
1,1012
3,1249
5,1006
5,938
5,761
5,969
5,847
5,350
5,354
4,430
5,406
5,899
4,637
5,1126
5,993
5,1183
5,974
6,386
5,674
1,1144
5,1081
1,989
5,973
5,355
5,572
5,608
5,442
5,213
5,189
5,1220
5,286
1,272
5,513
1,309
5,850
5,508
5,852
5,737
5,944
5,1094
5,434
5,844
5,401
5,357
5,684
5,923
5,612
5,1079
5,702
6,616
5,720
5,500
5,860
5,321
5,791
5,904
5,811
5,717
5,232
5,734
5,1024
5,707
5,424
5,1075
5,729
5,269
5,747
5,602
5,790
1,419
5,538
5,240
5,360
5,362
5,489
5,273
5,329
5,1072
5,460
5,382
5,465
5,812
5,353
5,344
5,786
5,802
5,593
5,855
5,829
5,566
5,963
5,473
5,264
5,1156
5,965
5,554
5,1108
5,1136
5,939
5,408
5,343
5,585
5,447
5,262
5,916
5,936
5,858
5,550
5,439
5,461
1,247
5,644
1,945
5,718
5,486
5,338
5,551
5,664
5,478
5,528
5,577
5,656
5,870
2,1104
1,960
5,284
5,849
5,443
5,1004
5,781
5,250
5,879
5,691
5,763
5,706
5,1039
5,925
5,517
5,714
5,787
5,771
5,1050
5,220
5,890
5,692
5,503
5,1002
5,768
5,622
5,613
5,1123
5,475
5,324
5,745
5,1106
5,437
5,749
5,950
5,1187
5,754
1,713
5,1038
5,545
5,626
5,911
5,328
5,295
5,780
5,640
5,1034
5,203
5,201
5,444
5,441
5,560
5,840
5,857
5,959
5,582
5,736
5,906
5,900
1,511
5,798
5,770
5,1209
5,793
5,313
5,690
5,245
5,339
1,361
3,1003
5,796
5,620
5,415
5,716
5,351
5,288
5,396
5,305
5,789
5,479
5,603
5,530
5,834
5,310
5,555
5,693
5,268
5,910
5,526
5,817
5,1009
5,678
5,864
5,590
6,595
5,564
5,753
5,494
5,553
5,377
5,534
5,533
5,156
5,519
1,962
5,459
5,405
5,598
5,882
5,346
5,1019
5,398
5,512
5,1216
5,676
5,1186
5,639
5,501
5,922
5,1214
5,467
5,1035
5,1199
5,665
5,609
5,575
5,1029
5,983
5,601
1,381
5,199
5,645
5,492
5,930
5,687
5,998
5,347
5,282
5,741
5,1059
5,348
5,801
5,333
5,371
5,686
5,751
5,482
5,778
5,304
5,758
5,624
5,1060
5,184
5,174
5,204
5,562
5,1076
5,1172
5,760
5,319
1,234
5,853
5,942
5,1071
5,231
5,541
5,683
5,374
5,248
5,450
5,671
5,1010
1,573
5,182
5,148
5,1070
5,420
5,611
5,642
5,866
5,1018
5,722
5,402
5,144
5,81
5,158
5,180
5,312
5,334
5,135
5,958
5,515
5,428
5,155
5,113
5,146
5,118
5,139
5,173
5,196
5,138
5,218
5,862
5,1053
5,818
5,655
5,703
5,788
5,440
5,631
5,918
5,588
5,657
5,967
5,694
5,557
6,648
5,1047
5,934
5,306
5,367
5,876
5,505
5,289
5,316
5,984
5,618
5,1005
5,1100
5,454
5,1099
5,723
5,539
5,779
5,715
5,652
5,221
5,277
5,1020
5,799
5,731
5,1226
5,412
5,543
5,281
5,477
5,764
5,1000
5,659
5,294
5,456
5,504
5,822
5,358
5,733
5,851
5,827
5,1115
5,433
5,567
5,302
5,1107
5,366
5,359
5,1037
5,861
5,757
5,1165
5,885
5,774
5,909
5,952
5,330
5,845
5,488
5,1101
5,480
5,730
5,1063
5,709
5,394
5,831
5,742
5,743
5,810
5,915
5,1086
5,1150
5,666
5,524
5,833
5,795
5,819
5,649
5,917
5,507
5,411
5,311
5,416
5,314
5,495
5,474
5,746
5,425
5,1091
5,1096
5,721
5,1098
1,807
1,581
5,1008
5,634
5,711
5,308
5,336
5,895
1,836
5,1088
5,673
5,565
5,1146
5,1067
5,1137
5,946
5,1105
5,1204
5,370
5,451
5,929
5,536
5,893
5,331
5,498
5,547
5,696
5,436
5,682
5,954
5,1054
5,978
5,888
5,704
5,265
5,469
5,679
5,735
5,379
5,726
5,540
1,712
5,375
5,387
5,225
5,293
5,238
5,1048
5,592
5,578
5,903
5,1202
5,661
5,1166
5,383
5,1021
5,496
5,576
5,1155
5,869
5,803
5,327
5,907
5,589
5,1023
5,1162
5,897
5,636
5,491
5,453
5,548
5,468
5,838
5,485
5,732
5,878
5,1124
5,487
5,471
5,1118
5,1042
5,766
5,591
5,580
5,629
5,584
5,991
5,650
5,762
5,826
5,1069
5,912
5,369
5,997
5,606
5,373
5,242
5,332
5,452
5,404
5,902
5,556
5,212
5,859
5,532
5,633
5,990
5,689
5,323
5,214
5,563
5,839
6,256
5,1036
5,1073
5,449
1,1082
1,1031
5,614
5,708
5,527
5,384
5,941
5,400
5,349
5,685
5,846
5,325
5,887
5,627
5,597
5,948
5,646
5,260
5,368
5,291
5,472
5,975
1,740
5,986
5,388
5,630
5,587
5,418
1,884
5,933
5,579
5,806
5,992
5,464
5,92
5,215
5,417
5,202
5,654
5,257
5,399
5,643
5,1217
5,985
5,1017
5,463
5,600
5,1134
5,207
5,972
5,596
5,292
5,635
5,280
5,660
5,337
5,863
5,1043
5,647
5,583
5,1007
5,542
5,700
5,1064
1,490
5,800
5,710
5,1014
5,677
5,569
5,919
5,999
5,470
5,522
5,724
5,617
5,1058
5,784
5,301
5,181
5,924
5,431
5,931
5,883
5,782
5,920
5,680
5,886
5,599
5,653
5,1190
5,422
5,805
5,621
5,1028
5,192
5,881
5,380
5,352
5,891
5,1041
5,525
5,769
5,243
5,875
5,957
5,484
5,658
5,1068
5,326
5,820
5,435
5,1032
5,317
5,276
5,427
5,943
5,290
5,570
5,476
5,320
5,497
5,662
5,410
5,523
5,815
5,824
5,364
5,506
5,274
5,413
5,226
5,395
5,854
5,481
5,169
5,224
5,397
5,209
5,307
5,152
5,71
5,76
4,1290
5,86
5,194
5,688
5,356
1,258
5,544
5,124
5,1062
5,122
5,176
5,429
5,340
5,1207
5,197
5,140
5,537
5,1045
5,1147
5,1089
5,1066
5,342
5,445
5,1080
5,198
5,205
5,363
5,625
5,1208
5,559
5,728
5,574
5,821
5,921
5,1113
5,695
5,254
5,103
1,85
5,219
5,90
5,101
5,168
5,95
5,772
5,78
5,46
5,120
5,137
5,300
5,94
5,372
5,928
5,93
5,151
1,261
5,77
5,55
5,514
5,279
1,131
5,154
5,244
5,217
5,104
5,30
5,10
5,74
5,110
5,88
5,68
1,132
5,57
5,87
5,36
5,116
5,193
5,43
5,1273
5,62
5,1276
5,22
5,1284
5,1277
5,24
5,1279
5,19
5,41
5,7
5,34
5,1298
5,1289
5,48
5,18
5,115
5,21
5,141
5,1283
5,6
5,1278
5,2
6,14
5,159
5,191
5,53
5,84
5,1272
5,190
5,20
5,1297
5,1282
5,1291
5,42
5,1145
5,26
5,13
5,1015
5,392
1,750
5,241
5,298
5,73
5,432
5,1260
5,1255
5,1254
5,1258
1,1259
5,1264
5,1257
5,1261
5,1256
5,1263
5,1262
5,701
5,252
5,438
5,837
5,249
5,227
5,253
5,206
5,179
5,235
5,170
5,458
5,267
5,239
5,275
5,956
5,278
5,236
5,89
5,51
5,61
5,44
5,216
5,283
5,483
5,255
5,47
5,50
5,39
5,153
5,3
1,38
5,69
5,12
5,315
5,11
5,1270
5,54
5,163
5,188
5,223
5,112
5,809
5,67
5,29
5,149
5,58
5,1275
5,106
5,56
5,233
5,97
5,1285
5,1271
5,1286
5,79
5,4
5,59
5,100
5,1299
5,1057
5,1161
5,1268
5,91
5,63
5,1245
5,128
5,123
5,605
5,83
1,389
6,147
5,814
5,178
5,25
5,177
5,70
5,160
5,493
5,164
5,426
5,167
5,33
5,31
5,1274
5,1281
5,166
5,35
5,1266
5,1294
5,60
5,105
5,15
5,107
5,102
5,80
5,1265
5,72
5,8
5,17
5,5
5,23
5,186
5,65
5,1292
5,45
1,1
5,16
5,1295
5,52
5,37
5,1280
5,1296
5,1293
5,1288
5,1267
5,165
5,9
5,1269
5,285
5,195
5,1287
5,187
5,108
5,136
5,49
5,121
5,64
5,161
5,222
5,175
5,1233
5,877
5,994
5,549
5,126
5,183
5,561
5,130
5,119
5,96
1,109
5,28
1,66
5,117
5,27
5,82
5,127
5,75
5,40
5,150
5,208
5,98
5,145
5,143
6,1160
5,211
5,297
1,99
5,1011
1,172
1,32
5,1300
5,378
5,1121
5,287
5,237
5,133
5,200
5,335
5,114
5,518
5,1027
5,705
5,1016
1,210
1,835
1,129
6,157
1,246
6,230
6,1074
5,738
5,1083
1,457
6,259
5,697
5,142
5,1231
5,1250
1,171
1,448
5,1248
5,1251
5,698
6,813
6,1196
1,266
1,841
5,228
5,299
5,111
1,376
1,134
1,961
1,229
1,390
5,125
5,263
6,185
1,162
