89,667
76,680
23,672
5,649
75,652
92,651
67,634
35,671
56,669
77,660
46,510
67,656
12,631
73,647
83,598
74,594
23,682
50,107
82,515
47,405
58,138
47,474
56,481
7,519
73,507
25,552
73,639
35,646
55,495
42,617
60,553
2,658
76,616
42,527
81,584
90,543
12,535
71,654
70,583
35,558
31,636
52,664
41,608
62,655
47,666
57,653
14,629
36,676
35,599
60,560
1,601
35,358
47,644
47,446
48,678
35,71
71,633
76,588
25,145
41,395
27,234
22,550
90,426
35,485
94,430
28,429
35,374
76,302
90,129
90,308
35,327
35,416
35,82
53,257
35,8
26,52
11,489
86,152
35,143
35,421
62,587
35,612
14,579
47,623
85,565
35,90
61,486
6,600
27,452
35,378
23,534
79,549
12,352
74,195
8,432
90,353
35,454
81,417
23,473
31,546
35,363
29,330
1,216
47,228
35,427
29,491
35,536
78,453
8,410
42,400
66,541
76,334
45,350
61,555
22,595
9,663
35,637
1,650
40,643
35,563
26,657
35,508
51,681
35,662
35,372
70,626
35,404
7,590
35,513
61,465
76,478
35,447
76,246
85,611
25,613
81,554
4,580
35,566
77,529
90,568
35,476
76,597
35,591
26,551
35,521
29,574
52,573
69,562
26,585
21,511
39,537
35,412
80,632
80,592
11,576
11,578
26,610
33,642
35,615
35,487
35,533
35,530
8,497
3,455
20,544
35,556
43,630
38,531
90,456
70,479
18,268
67,517
64,282
46,422
76,444
35,509
57,351
35,218
35,329
77,326
33,420
70,451
20,518
35,461
82,394
74,528
67,437
42,324
31,548
79,213
76,202
22,645
76,624
23,496
35,460
25,226
72,545
35,204
76,356
37,377
88,127
35,270
46,159
35,217
36,73
35,249
35,291
28,449
35,337
26,72
35,40
56,442
35,459
35,64
47,364
35,419
35,101
35,439
12,609
35,577
27,561
26,606
5,684
44,532
47,618
35,538
41,614
35,581
35,525
8,559
35,539
35,540
72,214
35,677
18,635
13,564
35,607
34,596
35,431
35,492
35,665
90,409
76,297
35,406
47,141
35,462
35,340
37,488
35,522
85,418
12,467
84,475
35,307
76,493
47,381
35,296
35,231
35,120
35,285
24,277
26,391
8,56
35,211
47,524
39,122
35,362
81,271
35,498
76,298
35,503
35,247
37,463
46,86
77,441
35,567
35,28
35,283
44,317
35,266
35,506
37,117
35,184
35,433
24,361
35,483
35,336
42,342
35,322
35,345
1,79
35,280
47,241
54,436
35,178
9,259
35,237
35,162
35,132
32,424
79,256
19,411
35,80
69,371
45,97
87,229
93,166
35,390
35,413
90,325
76,526
1,179
15,286
47,457
30,67
46,466
35,490
35,393
27,575
47,369
35,379
90,471
35,176
76,289
35,398
35,253
35,232
35,512
39,621
35,49
35,288
35,240
47,207
75,276
35,320
35,124
35,542
35,458
46,335
75,239
35,469
13,220
35,354
46,105
5,294
35,279
59,375
90,275
47,470
89,435
35,382
35,384
35,401
35,516
35,161
47,263
35,206
37,386
35,316
10,209
77,125
35,258
35,75
35,331
35,370
38,244
17,160
80,198
47,48
35,205
35,248
35,357
35,494
38,200
35,281
35,272
90,168
35,365
35,373
35,151
80,328
35,265
35,119
28,227
35,43
90,60
35,30
4,188
82,110
45,34
35,438
35,287
63,167
35,238
35,434
35,181
71,158
68,41
35,189
64,100
35,299
35,304
47,113
91,389
35,224
35,278
35,501
65,675
28,679
35,619
35,245
35,500
35,480
35,520
90,686
76,640
35,628
35,589
35,502
35,45
35,402
35,104
35,20
47,319
35,53
82,255
35,332
35,355
76,225
35,22
35,292
35,313
35,685
35,368
34,423
35,54
35,84
35,348
42,215
35,586
76,264
35,55
35,338
76,203
35,315
16,482
35,11
35,273
90,174
35,343
87,499
35,66
35,408
35,383
35,468
35,208
35,472
35,146
35,106
35,102
35,314
35,89
35,61
35,221
90,318
35,261
35,210
35,121
28,222
35,144
35,76
35,157
28,149
35,26
35,196
35,59
35,135
16,284
35,260
35,91
47,17
35,194
46,3
35,99
90,235
35,171
35,301
35,445
35,477
35,366
35,47
35,83
35,312
35,115
37,62
35,192
35,183
35,165
35,150
49,37
47,93
47,219
47,13
35,251
81,341
90,236
35,77
35,156
35,155
35,295
35,116
35,359
35,230
35,109
76,163
35,262
35,95
35,128
35,24
35,4
47,223
35,344
35,387
90,137
35,88
35,290
35,118
35,103
35,311
35,51
35,32
35,164
35,68
35,415
35,133
35,175
35,33
35,191
35,254
35,112
35,193
35,243
35,428
35,199
35,269
35,131
35,323
90,440
35,443
35,310
35,58
35,2
35,142
35,514
35,333
35,5
35,339
90,274
35,10
35,360
35,180
35,139
35,16
35,186
35,94
35,108
35,380
35,367
35,153
88,154
90,92
90,190
90,300
35,136
35,35
35,98
35,504
35,267
35,425
35,19
35,185
35,388
90,134
35,250
35,85
35,252
47,15
35,25
35,27
47,14
35,233
35,197
35,38
90,57
35,396
35,126
35,182
35,170
35,39
35,148
35,303
35,78
90,87
90,114
90,130
93,50
35,31
35,44
35,81
35,392
35,638
35,407
35,173
35,399
35,111
35,7
35,172
35,12
35,187
47,397
90,212
35,9
90,23
35,177
35,46
90,346
35,21
89,42
47,147
35,123
35,18
35,293
35,74
35,29
35,140
35,604
35,376
35,622
65,347
35,670
47,523
91,464
35,661
35,321
35,602
35,582
35,96
35,36
90,683
35,69
35,625
35,570
35,448
35,659
35,648
35,414
35,63
35,620
35,385
90,603
35,572
90,593
35,309
35,505
35,484
35,668
35,674
35,547
90,169
35,571
90,242
35,557
35,70
87,641
90,403
47,627
35,349
35,1
35,569
47,201
35,6
35,305
35,673
90,450
35,605
47,306
47,65
