6,1288
4,1285
4,1229
6,1254
2,1294
6,1290
4,1302
6,1153
4,1242
4,1262
4,1292
4,1102
4,282
4,1185
6,1240
6,998
4,1197
4,1238
6,1300
6,1168
4,1174
4,1187
4,1303
6,1299
4,1210
4,1272
6,1280
2,645
4,1247
2,1271
4,1054
4,1037
4,238
4,613
6,670
6,1156
4,823
4,1189
6,1255
4,757
4,1276
6,1230
6,1307
2,1172
4,946
4,621
4,434
2,913
6,1219
4,685
2,860
4,1209
4,365
4,682
4,1148
4,956
6,1281
6,995
2,509
2,1109
4,636
4,1047
4,540
4,563
4,958
4,438
6,1184
6,405
6,651
4,1231
4,825
6,1139
4,528
4,1146
4,1186
4,1118
6,1092
4,845
4,925
2,1235
4,1130
6,1308
6,1261
4,1068
2,1074
4,700
4,1016
4,619
4,1266
6,921
4,982
6,1232
2,399
4,1076
4,417
2,1282
4,1151
2,1226
4,1287
4,853
6,1142
6,1049
6,379
6,288
5,1056
4,859
2,826
6,794
4,809
4,1190
4,1245
4,915
2,1160
4,1183
6,1202
4,666
6,591
6,1066
4,1220
2,353
6,467
6,616
2,635
4,862
2,833
6,800
4,485
4,1297
6,1257
4,1286
4,1234
2,1104
6,1162
2,1128
6,1216
2,691
2,751
6,448
4,964
4,708
2,866
2,1127
4,1144
3,1256
2,492
2,950
4,1199
4,1289
2,1295
2,1233
4,1277
2,1030
2,469
4,916
2,1205
2,941
2,1243
4,1225
2,345
4,1133
2,999
4,1081
4,1175
4,1293
2,1129
2,626
6,428
4,1201
2,1196
2,1070
2,1181
2,1284
6,1112
2,1131
4,502
4,1006
1,721
2,1000
4,1071
2,819
2,716
2,1055
4,962
6,1249
2,1052
4,1171
2,817
2,1214
4,1163
2,1032
2,326
1,1244
2,1122
2,799
4,523
2,877
2,697
4,1221
4,991
2,840
4,1173
4,1008
1,987
2,850
4,609
2,1278
2,1304
2,1157
6,949
2,801
2,1027
2,1119
2,1192
1,1105
2,1134
4,954
4,740
2,1028
6,977
2,679
2,899
2,208
2,297
4,906
2,805
2,765
2,934
2,1298
2,1296
4,1283
2,1301
2,1218
2,1228
2,544
2,161
2,1269
2,404
2,1018
4,886
6,611
2,443
2,959
2,1085
2,253
2,667
2,473
2,450
4,695
2,402
3,287
1,378
2,994
2,856
2,764
2,1087
2,1200
4,974
2,1147
2,930
2,631
2,1136
2,503
2,989
1,1023
2,815
2,1079
2,565
2,696
2,1152
6,975
2,1115
6,615
2,213
2,923
2,1050
2,395
2,1126
2,846
2,649
2,795
2,888
2,488
2,658
1,955
2,1239
2,1159
2,430
2,790
2,785
2,908
2,1241
2,383
2,1179
6,1188
2,1265
2,1258
2,984
2,1259
4,966
2,1203
2,706
4,1215
2,358
2,420
2,269
2,1043
2,919
2,1260
2,842
2,1044
2,654
1,407
2,1161
2,1072
2,331
2,185
2,477
2,394
4,910
2,603
4,396
2,624
2,577
2,735
2,699
2,980
2,914
2,607
2,971
2,324
2,836
2,944
2,802
2,755
2,928
2,715
4,1264
2,907
2,876
2,376
2,347
2,789
2,644
2,262
2,855
2,1154
2,705
2,1208
2,496
4,804
2,546
2,837
2,472
2,986
2,922
2,191
2,527
2,869
2,1073
2,236
2,254
2,759
2,973
2,320
2,357
2,549
2,798
2,863
2,676
2,532
2,316
2,444
2,895
4,838
2,688
2,243
1,662
2,366
2,988
2,215
2,1213
2,196
2,743
2,811
2,929
2,1123
2,1251
2,1270
2,604
2,981
2,722
2,963
2,1064
2,589
2,612
2,260
2,879
2,766
2,709
2,848
2,871
2,359
4,704
2,1167
2,1275
2,285
2,873
2,717
2,841
2,887
2,844
2,750
2,573
2,1077
2,538
2,812
2,931
2,594
2,1042
2,961
2,1057
2,336
2,632
2,249
2,574
2,1108
2,672
2,690
2,281
2,517
2,1021
2,1113
2,1191
2,1031
2,227
2,657
2,470
2,880
2,550
2,1083
2,1060
2,1194
2,1029
2,481
2,633
2,306
2,322
2,211
2,200
2,233
2,997
2,720
2,882
2,872
2,454
2,1124
6,663
2,1125
2,386
2,1279
2,978
2,1088
2,1141
2,453
2,1069
2,1250
2,380
2,1114
2,990
2,421
2,835
2,414
2,768
2,425
2,1246
2,1204
2,828
2,427
2,409
2,293
2,1001
2,460
2,356
2,1022
2,1003
4,993
6,1039
2,489
2,1010
2,520
2,796
2,329
4,1035
2,936
2,1099
2,767
2,983
2,318
2,729
2,397
2,752
2,687
2,1166
2,596
2,665
2,1121
2,1143
2,1075
2,1004
2,948
2,511
2,683
2,255
2,436
2,373
2,889
2,1135
2,480
2,821
2,622
6,728
2,416
2,967
2,1007
2,553
2,385
2,985
2,992
2,661
2,308
2,924
2,1116
2,797
2,733
2,564
2,774
2,1101
2,1176
2,419
2,222
2,300
2,363
2,898
2,338
2,829
2,507
2,1094
4,1137
2,933
2,599
4,937
2,656
2,461
2,225
2,491
2,277
2,1082
2,1045
2,874
2,1117
2,839
2,583
2,598
2,263
2,458
2,452
2,852
2,832
3,465
2,1053
2,957
2,1089
2,1149
2,335
2,951
4,769
2,431
2,814
4,782
2,349
2,433
2,628
2,266
4,398
2,142
2,157
2,680
2,593
2,432
2,555
2,343
2,578
2,568
2,515
2,572
2,466
2,439
2,793
2,206
2,543
2,271
2,435
2,370
2,242
2,235
2,352
2,602
2,518
2,557
2,146
2,938
2,451
2,884
4,508
2,495
2,777
2,423
2,671
2,120
2,145
2,762
2,745
2,711
2,702
2,810
2,1120
2,1046
2,1274
4,585
3,442
2,625
2,710
2,181
2,367
2,1180
2,787
2,1267
2,707
2,426
2,854
2,1019
2,415
2,581
2,535
2,344
2,1236
2,446
2,664
2,668
3,960
2,818
2,311
2,784
2,1038
2,1017
2,917
2,1111
2,1103
2,1252
2,552
2,542
2,1065
2,834
2,1150
2,1106
2,736
2,1014
2,703
2,808
2,422
2,355
2,806
2,424
2,1158
2,1237
2,516
2,279
2,510
2,659
2,410
2,412
2,501
2,223
2,372
2,524
2,459
2,342
2,730
2,878
2,497
2,827
2,1012
2,561
2,1227
2,234
2,533
2,483
2,783
2,776
2,1090
2,1178
2,775
2,259
2,870
2,830
2,570
2,713
2,327
2,1061
2,996
2,1140
2,885
2,881
2,362
2,559
2,674
2,820
2,911
2,935
2,901
2,1212
2,970
2,280
4,1051
2,525
2,1211
2,1005
2,296
2,354
2,478
2,246
2,900
2,113
2,560
2,303
2,732
2,307
2,231
2,455
2,731
2,861
6,726
2,1020
2,788
2,1198
2,298
2,779
2,610
2,953
2,851
2,1011
2,479
2,1132
2,725
2,675
4,447
2,741
2,896
2,1086
2,150
2,237
2,401
2,531
2,512
2,694
2,268
2,361
2,244
2,494
2,382
2,325
2,608
2,1033
2,539
2,332
2,758
2,292
2,218
2,229
2,152
2,718
2,575
2,723
2,673
2,772
2,341
2,681
2,927
2,778
2,754
2,1067
2,1138
2,1059
2,647
2,413
2,567
2,232
2,822
2,920
2,791
2,1080
2,351
2,639
2,744
2,623
2,945
2,640
2,1025
2,875
2,334
2,617
2,348
2,712
2,317
2,556
2,1096
2,1110
2,1155
2,698
2,943
2,952
2,1002
2,387
2,883
2,1036
2,865
2,734
2,1164
2,748
2,1058
2,212
2,660
2,1224
2,475
2,456
2,346
2,701
2,780
2,390
2,267
2,595
2,505
2,641
2,605
2,600
2,597
2,286
2,646
2,500
2,620
2,965
2,193
2,289
2,388
2,562
2,643
2,807
2,771
2,739
2,669
2,763
2,571
2,693
4,918
2,530
2,304
2,381
2,498
2,278
2,137
2,868
2,727
2,677
2,369
2,590
2,947
2,197
2,159
2,642
2,537
2,847
2,686
2,894
2,592
2,714
2,513
2,514
2,295
2,174
3,1024
2,1026
2,968
2,719
2,283
2,265
2,339
2,761
2,309
2,749
2,738
2,153
2,411
6,313
2,892
2,566
2,134
2,781
2,301
2,258
2,226
2,241
2,652
2,857
2,123
2,1009
2,178
2,59
2,476
2,1040
2,391
2,93
2,190
2,330
2,1177
2,891
2,471
2,172
2,1182
2,792
2,221
2,692
2,1195
2,1034
2,291
2,770
2,678
2,1098
2,773
6,1015
2,909
2,554
4,547
2,1100
2,449
2,932
2,586
2,526
2,482
2,429
2,1165
2,207
2,315
2,418
2,979
2,580
2,558
2,653
2,905
2,601
2,490
2,210
2,545
2,276
2,1091
2,393
2,171
2,831
2,522
2,333
2,816
2,893
4,541
2,389
2,618
2,536
3,684
2,824
2,484
2,637
2,867
2,519
2,323
2,360
2,474
2,1248
2,228
2,310
2,182
2,529
2,849
2,813
2,588
2,926
2,499
2,305
2,843
2,1169
2,441
2,368
2,194
2,655
2,437
2,1084
2,290
2,753
2,340
2,912
2,141
2,256
2,1253
2,1305
2,1291
6,1306
2,274
2,400
2,204
2,273
2,468
2,638
2,445
2,904
2,786
2,384
2,803
2,314
2,689
2,737
2,760
2,408
2,364
2,534
2,187
2,902
2,747
2,1041
2,587
2,275
2,1063
2,634
2,746
2,464
2,1273
2,440
2,247
2,462
2,406
2,582
4,169
2,858
2,1097
2,245
2,1268
2,1223
2,1062
2,252
2,220
2,132
2,940
2,149
2,463
2,969
2,506
2,1217
2,261
2,96
2,156
2,328
2,155
2,60
2,30
2,5
2,51
2,80
2,180
2,98
2,166
2,44
2,28
2,85
2,48
2,392
2,170
2,136
2,606
2,1312
2,1309
2,1310
2,1316
2,1314
2,1315
2,1313
2,1319
6,1318
2,125
4,504
2,371
2,648
2,627
2,165
2,897
2,107
2,188
2,1078
2,375
2,264
2,284
4,214
2,1193
2,1206
2,1263
2,312
2,192
2,203
2,177
2,377
2,251
2,976
2,630
2,144
2,250
2,890
2,650
2,569
2,199
2,202
2,201
2,164
2,50
2,205
2,95
2,576
2,579
2,1207
2,124
2,614
2,175
2,139
2,374
2,52
2,23
2,13
2,65
2,756
2,61
4,84
2,109
2,162
2,54
2,14
2,7
2,1325
2,25
2,47
2,76
2,34
2,319
2,1170
2,186
2,128
2,148
2,493
2,112
2,32
2,403
2,195
2,33
2,127
2,1330
2,22
4,45
2,1321
2,3
2,29
2,119
2,176
2,299
2,147
2,63
2,548
2,183
2,217
2,198
2,111
2,37
2,55
2,75
2,73
2,41
2,38
2,1335
2,1320
2,189
1,66
2,1329
2,86
2,143
2,2
2,12
2,26
2,163
2,79
2,91
2,106
2,31
2,18
1,62
4,40
2,230
2,78
2,151
2,64
2,89
2,74
2,629
2,584
2,1327
2,1328
2,100
2,116
2,53
2,140
6,71
2,158
2,1107
2,239
2,56
2,88
2,724
2,302
2,94
2,337
2,11
2,1334
2,1324
2,99
2,114
2,10
2,9
2,21
2,1331
2,70
2,154
2,110
2,87
2,17
2,224
2,168
2,486
2,321
2,551
2,1145
2,179
2,248
2,257
2,81
2,1095
2,160
2,864
2,350
2,130
2,46
2,942
1,131
2,97
2,972
2,1048
2,216
2,105
2,939
2,272
2,209
2,487
2,270
2,103
2,138
2,36
2,49
2,1311
2,69
2,57
2,101
2,219
2,77
2,72
2,121
2,35
2,122
2,19
2,457
2,294
2,24
2,115
2,104
2,126
2,68
2,742
2,129
2,20
2,15
2,1333
2,90
2,1323
2,58
2,1326
2,1336
2,1
2,1093
2,521
2,16
2,108
6,43
2,42
2,173
2,133
2,4
2,240
6,135
2,118
2,82
4,92
4,1332
6,1222
6,1013
4,39
4,67
6,6
4,27
4,1317
4,903
4,1322
4,102
6,8
6,117
4,167
4,83
6,184
