4,833
4,565
10,831
4,845
6,640
10,769
10,767
4,682
4,739
3,713
3,797
4,832
10,732
4,762
6,691
4,642
4,756
10,795
4,367
9,711
1,776
6,810
4,671
4,607
10,747
8,822
4,318
6,494
10,669
3,853
4,847
4,818
4,751
8,114
10,687
5,793
10,731
10,608
2,559
2,645
4,707
4,353
4,839
5,771
10,543
6,750
5,723
4,322
4,689
10,763
4,817
10,714
4,709
5,802
4,676
4,746
8,653
10,598
4,573
9,184
5,748
10,179
2,782
5,638
4,675
4,571
4,761
4,579
10,595
6,485
10,304
8,646
8,719
10,778
10,619
10,672
8,615
10,734
4,555
10,764
4,774
4,848
6,668
6,677
10,216
4,212
2,695
4,685
10,305
4,820
7,605
4,686
4,826
4,787
10,841
10,789
6,825
5,819
6,840
2,704
5,416
10,792
10,850
5,829
4,575
4,790
9,712
6,814
4,737
4,740
4,532
4,170
10,568
4,588
10,48
4,550
4,566
4,754
9,547
6,843
4,718
4,725
5,816
10,849
6,806
4,661
4,842
4,437
10,824
4,429
4,652
4,462
4,259
4,518
10,94
4,524
5,19
4,109
8,479
5,478
4,567
4,9
10,326
4,246
10,604
2,618
4,692
10,226
4,422
6,558
10,766
6,267
10,639
7,445
10,800
10,17
6,378
10,727
4,418
4,770
4,328
10,706
5,384
10,374
4,253
6,643
4,234
5,345
4,854
4,670
4,830
4,59
4,131
10,681
2,745
8,852
10,696
6,834
4,779
4,773
6,637
2,708
10,610
4,683
4,512
2,557
4,520
4,654
4,625
4,611
8,626
6,499
4,563
8,393
5,634
10,587
6,589
10,651
4,535
9,562
6,678
10,743
4,585
10,757
10,622
5,788
4,693
4,530
4,118
8,442
4,702
4,703
4,721
4,541
4,656
4,755
2,684
4,781
4,516
5,627
4,644
4,722
10,453
10,522
4,255
4,556
4,423
4,657
4,796
5,837
4,309
5,443
4,600
4,552
7,803
4,738
4,597
5,663
10,617
4,574
5,635
4,591
10,649
4,716
10,705
4,623
5,780
6,641
4,760
5,694
2,580
5,724
4,630
10,458
4,799
4,648
4,759
10,658
4,667
4,477
10,504
2,551
4,592
4,741
4,513
4,472
4,544
4,596
10,459
4,469
4,167
4,444
6,515
10,377
5,338
4,2
6,8
5,435
4,295
4,528
8,401
10,386
4,380
10,534
5,385
6,249
7,55
2,381
4,427
4,483
4,362
1,388
4,390
10,475
4,317
4,144
4,468
5,237
2,187
5,484
5,315
4,449
4,564
4,726
4,465
4,481
5,599
4,700
4,578
7,620
4,323
5,749
4,583
6,116
4,577
5,594
4,768
4,394
4,343
10,169
1,433
4,329
4,344
4,199
2,744
4,283
4,398
4,265
4,506
4,222
4,519
4,655
4,81
5,440
4,375
6,349
5,330
4,526
10,498
5,662
4,650
2,493
4,432
4,266
4,365
4,276
4,12
4,136
4,229
10,68
2,368
4,90
4,133
4,476
4,364
5,537
4,279
5,402
4,209
10,132
3,141
4,348
2,400
4,570
4,614
4,680
4,542
4,452
2,51
10,32
5,193
10,715
5,511
4,593
4,752
10,473
4,569
4,601
9,492
4,502
4,501
10,404
10,327
4,730
4,728
4,697
4,572
4,447
3,391
4,436
4,497
4,742
4,508
4,673
10,772
6,699
10,688
4,733
4,586
4,431
4,603
4,500
4,523
4,214
10,263
4,576
6,293
10,42
10,306
2,439
10,221
6,126
4,122
10,41
4,134
4,233
10,92
4,121
6,270
4,357
2,185
4,56
4,448
2,303
10,514
10,308
4,406
5,335
4,49
4,257
4,609
4,415
4,236
10,584
4,67
4,366
4,482
10,66
4,142
4,710
4,173
4,110
4,190
4,161
4,413
10,127
4,180
4,271
4,313
6,138
10,546
4,290
4,147
10,231
10,23
4,631
10,616
4,488
4,346
10,208
4,521
4,268
4,387
2,33
4,1
4,302
4,311
4,347
4,213
11,93
10,392
4,399
4,296
10,549
4,128
4,188
4,529
4,242
4,53
4,79
4,165
4,43
4,403
4,621
4,430
2,582
10,495
4,227
10,505
10,291
6,525
4,503
4,679
4,456
4,215
10,218
4,461
4,171
4,319
4,203
4,517
4,420
4,510
4,355
4,333
4,331
6,467
4,86
10,735
4,82
4,480
4,613
4,647
4,354
4,466
4,441
4,228
4,111
4,352
4,341
4,359
4,463
4,105
4,260
4,24
4,256
10,280
4,324
4,264
4,117
6,112
4,297
10,4
4,240
4,189
6,160
4,106
10,14
6,211
10,88
4,27
4,130
4,289
4,159
10,225
4,31
4,272
5,16
4,65
4,149
4,332
4,207
6,172
10,219
4,244
4,561
4,312
4,241
4,252
2,247
5,278
4,371
4,250
4,548
4,428
4,195
4,275
4,64
4,232
4,300
4,168
4,298
4,337
4,307
4,358
4,238
4,104
4,340
4,101
4,36
10,301
4,316
4,334
4,137
4,123
4,356
4,61
4,163
4,54
2,140
4,98
4,44
4,220
4,47
4,285
4,373
4,230
4,206
4,784
4,855
4,539
10,861
4,28
4,808
4,720
2,450
4,46
4,851
4,785
4,99
4,181
6,152
4,108
4,97
4,277
4,192
4,813
4,70
4,5
4,22
4,659
4,857
4,660
6,15
4,859
4,166
4,314
2,178
2,828
4,83
4,407
6,248
10,197
4,273
4,201
10,531
4,860
4,157
4,396
4,120
4,821
4,701
4,286
4,805
4,777
4,823
4,632
4,612
4,84
4,419
4,674
4,624
4,815
4,336
4,125
4,858
4,507
4,801
6,835
6,536
4,758
4,698
4,150
10,553
6,491
10,412
4,665
4,287
4,154
4,235
4,310
4,91
4,451
6,269
4,540
4,666
4,85
4,405
4,370
4,460
4,581
4,471
4,414
4,408
4,274
4,446
4,496
4,261
4,434
10,35
4,25
4,360
4,89
4,45
4,487
4,177
4,74
6,425
4,664
4,155
6,143
4,129
4,527
4,58
4,243
4,145
4,6
4,490
4,113
4,75
4,103
4,38
4,62
4,80
4,205
4,18
2,254
4,115
4,148
6,223
4,151
4,37
4,294
4,29
4,69
4,198
4,162
4,164
2,489
4,636
4,383
4,282
4,438
4,602
4,633
2,95
4,417
4,409
4,204
4,538
4,509
4,71
4,457
4,382
4,426
4,339
4,96
4,350
4,554
4,690
4,76
4,411
2,376
4,196
4,284
4,474
4,454
6,153
4,202
4,13
4,124
4,239
4,245
4,455
2,135
4,52
4,258
4,320
4,397
4,395
4,224
4,156
4,78
4,158
1,102
4,183
6,545
4,533
4,3
4,372
4,174
4,7
2,50
6,379
6,107
2,119
4,60
4,20
4,200
4,470
2,26
4,73
4,139
3,281
4,191
4,194
4,72
2,77
4,34
4,210
6,176
4,57
4,606
2,838
6,836
4,560
2,765
6,351
2,63
4,844
2,629
2,811
6,421
4,464
6,827
4,717
4,175
4,809
4,410
4,590
6,846
4,363
6,804
4,783
4,251
4,39
2,486
6,856
4,40
4,182
4,812
4,369
4,146
4,262
6,342
2,807
4,736
2,217
4,753
4,791
4,288
4,786
4,325
2,87
4,424
2,729
4,186
4,299
4,798
4,628
6,100
4,321
4,21
4,775
6,292
2,10
6,794
6,389
6,30
6,361
6,11
