13,89
15,112
16,33
5,49
17,80
2,113
25,41
2,120
4,65
25,81
29,168
1,67
14,76
6,29
20,189
2,104
28,122
7,75
20,23
20,87
28,121
20,96
20,82
1,28
20,140
20,92
20,117
20,272
20,50
28,102
20,148
28,107
20,68
20,162
20,85
28,56
28,98
7,97
2,60
20,146
20,161
20,22
18,235
22,84
20,20
20,95
20,201
28,42
20,79
20,101
28,70
22,69
28,105
28,58
20,78
20,200
20,55
20,115
20,40
20,88
20,209
20,57
20,114
28,34
20,156
20,77
20,47
20,27
20,91
20,93
20,190
5,63
14,45
17,240
20,138
20,66
20,171
20,26
20,46
20,61
20,31
20,90
28,35
20,15
20,59
14,25
20,232
20,271
20,62
20,19
20,71
20,268
20,244
15,247
20,175
20,264
20,133
20,109
1,43
28,127
20,248
20,249
28,254
20,198
20,221
19,218
20,181
28,158
18,233
19,74
28,5
20,106
20,110
20,126
20,267
1,257
20,3
15,94
15,170
20,119
20,183
20,216
27,178
28,202
28,179
19,172
18,2
4,212
28,224
28,118
28,180
22,13
18,73
28,86
10,261
27,30
28,225
20,160
28,154
20,103
10,228
5,37
28,217
27,124
7,153
20,111
28,182
20,83
27,108
5,166
28,32
28,197
28,184
28,164
11,125
20,53
28,36
18,208
23,152
28,236
20,177
20,203
25,219
28,130
10,129
28,187
27,196
20,48
22,173
15,193
20,100
15,17
28,137
10,252
18,147
27,139
28,195
15,151
15,64
15,207
18,188
28,222
15,215
28,234
27,205
7,143
28,211
28,21
20,51
20,54
7,157
5,131
28,255
22,256
28,223
28,134
28,144
18,231
27,199
20,176
20,220
15,270
28,149
22,185
28,210
3,136
28,260
28,167
20,259
27,123
28,262
15,194
7,52
22,214
28,241
15,132
28,204
18,237
28,44
27,169
18,229
28,159
28,10
15,163
28,7
1,239
26,243
28,269
22,266
9,227
27,186
20,145
18,238
28,213
20,191
28,245
22,18
7,38
25,258
20,250
22,230
9,242
24,251
20,246
7,141
9,135
20,165
18,174
18,253
9,265
9,155
28,273
10,1
18,150
28,142
28,192
16,72
8,4
27,9
27,128
14,263
27,206
3,14
18,24
11,226
26,12
21,99
20,116
24,39
27,16
20,8
20,6
12,11
