3,753
3,746
3,76
2,762
2,775
3,512
3,668
3,486
2,706
3,696
3,758
3,699
1,780
2,260
1,711
2,691
2,499
2,796
3,45
3,130
1,206
2,89
2,669
5,632
3,735
3,703
3,724
3,790
2,756
3,782
2,754
2,169
1,777
1,716
3,759
3,761
2,123
1,755
2,774
2,663
3,661
3,788
3,583
2,511
3,739
2,694
2,577
2,690
4,606
1,752
2,767
3,747
5,685
2,383
3,766
2,63
2,713
1,468
2,127
3,679
3,741
2,750
3,672
2,619
3,727
5,742
2,693
2,722
3,717
5,714
3,528
2,504
3,608
2,660
2,510
3,605
3,698
2,728
3,634
3,635
3,526
1,574
3,502
1,417
3,372
3,537
4,473
3,432
3,544
2,282
3,589
3,337
2,557
3,224
3,710
2,721
2,626
3,385
3,529
3,405
3,395
3,426
3,617
2,595
3,671
1,552
3,515
3,666
1,667
5,551
1,615
3,603
3,683
2,522
1,569
2,680
5,505
2,627
2,516
2,723
3,686
3,466
3,719
1,725
3,689
3,637
3,564
3,568
3,286
3,306
2,464
2,453
4,436
3,313
2,28
3,329
3,77
3,218
3,268
3,494
3,440
3,514
3,449
3,769
3,378
3,65
3,783
3,598
1,700
3,625
3,720
3,654
3,662
3,452
3,597
2,256
3,438
3,105
2,240
6,673
2,590
3,612
3,638
3,533
1,622
5,565
3,563
3,664
3,506
1,670
3,692
3,675
3,348
3,541
3,381
3,459
2,584
3,618
2,548
1,546
5,650
1,384
3,408
3,358
3,312
2,779
1,27
4,642
3,718
3,441
3,740
3,592
3,300
3,518
3,227
3,211
3,628
3,213
1,99
2,443
3,639
1,677
1,35
5,155
3,392
3,195
3,98
3,174
2,30
2,462
3,237
3,393
3,422
3,226
3,542
2,298
1,376
3,294
3,305
2,580
4,198
2,331
2,336
3,134
3,192
3,315
3,196
4,682
3,540
3,591
2,148
3,391
2,271
3,547
4,567
1,653
3,704
3,418
3,280
3,630
3,415
3,463
1,687
2,594
3,357
3,360
5,434
3,550
2,629
2,536
1,490
3,368
2,140
3,520
2,125
3,302
3,458
5,11
3,100
3,517
2,141
1,343
2,480
2,308
3,325
3,461
2,245
3,623
4,531
2,364
3,497
3,521
2,534
3,684
2,460
1,601
2,620
2,543
3,715
3,139
3,420
3,212
2,142
2,610
2,651
3,586
1,151
3,425
2,423
1,508
5,73
3,401
3,347
3,539
3,498
3,399
3,561
3,538
3,640
3,621
3,487
3,475
3,649
3,562
3,575
3,571
3,611
3,316
3,648
2,633
5,712
3,442
3,613
3,407
3,350
3,409
3,554
2,410
2,489
1,122
1,176
1,448
3,607
3,501
3,695
2,614
5,532
3,446
3,560
3,301
3,194
3,205
2,207
2,162
3,582
3,335
3,168
1,143
3,208
1,369
3,103
3,588
3,573
3,397
5,281
5,555
3,248
3,307
2,344
3,108
1,25
1,332
2,279
1,362
1,230
3,55
3,12
3,363
3,530
3,323
2,81
3,373
3,513
3,545
3,328
3,527
2,173
3,375
3,152
3,394
2,219
3,359
3,604
2,479
3,341
3,587
3,299
3,330
2,241
3,234
3,370
3,471
3,600
3,503
3,412
1,636
1,467
1,658
1,674
1,193
3,470
3,36
3,8
3,201
3,20
3,246
3,214
2,69
3,435
1,292
3,437
2,295
1,225
2,197
3,317
1,238
3,356
3,112
3,94
3,297
3,60
3,95
5,183
3,342
3,43
1,85
3,191
3,274
2,215
3,189
7,164
3,175
3,101
5,19
3,167
3,411
1,239
1,760
5,652
2,86
1,396
3,365
1,380
3,107
3,229
3,153
3,377
3,158
3,456
3,293
3,483
3,137
3,172
1,252
1,52
3,190
4,304
3,303
3,257
1,314
2,146
3,171
3,92
1,91
2,382
3,79
1,414
3,185
3,145
3,147
3,265
3,113
3,150
3,7
1,129
3,242
3,26
3,138
5,309
3,477
3,157
5,184
3,41
1,10
3,136
1,254
3,2
2,126
3,154
3,61
2,266
1,3
3,144
5,71
1,128
3,272
3,439
1,178
3,121
3,102
1,643
1,339
1,324
3,83
3,80
1,88
3,296
3,288
3,259
5,6
3,42
3,495
3,232
3,163
3,1
3,366
1,4
3,261
2,29
3,119
3,519
3,289
3,419
3,51
3,48
3,402
3,22
3,54
2,40
3,97
3,333
3,32
2,578
1,602
1,131
3,135
3,57
3,132
3,18
3,14
3,179
3,275
3,349
3,283
1,455
3,481
3,285
3,210
3,59
3,104
3,9
3,263
3,39
3,284
3,220
3,5
3,233
3,264
1,223
3,222
3,398
3,576
1,451
3,231
3,253
2,374
3,16
1,556
1,277
3,367
3,244
3,44
3,114
3,353
3,318
1,90
3,120
3,186
3,523
1,249
3,118
5,68
3,93
3,64
3,404
2,267
3,250
2,310
1,361
3,430
1,177
3,72
3,371
3,78
1,270
3,273
3,31
3,47
3,62
3,17
3,96
3,161
5,74
3,334
3,46
1,156
3,116
3,23
1,75
3,56
3,216
2,326
3,255
3,67
3,37
3,478
3,278
3,159
1,209
3,379
3,200
3,509
3,319
3,235
3,447
5,221
3,228
3,188
3,702
3,49
3,269
3,133
3,87
1,428
3,688
3,581
3,596
3,389
3,655
3,553
5,599
3,549
3,641
3,570
3,124
3,646
3,579
3,388
3,676
3,624
1,678
3,705
3,287
5,482
5,387
1,525
5,491
3,492
3,485
3,558
3,400
3,406
3,416
3,390
1,465
1,665
1,450
3,165
1,322
3,496
3,320
3,170
3,354
3,352
1,431
3,58
3,243
3,340
3,559
3,444
3,609
3,457
3,403
3,507
3,276
1,476
3,38
1,202
3,351
3,355
5,433
3,111
3,109
3,338
3,50
3,182
3,203
1,33
3,386
3,474
3,795
3,701
3,781
3,262
3,792
3,794
1,793
3,770
3,290
3,115
1,524
4,34
3,13
3,21
1,15
3,708
5,797
1,737
1,736
3,180
3,786
3,773
3,745
3,771
3,734
3,709
3,731
3,772
3,251
3,743
3,236
3,748
3,749
3,798
3,787
5,445
3,187
3,217
5,732
5,493
1,566
1,657
5,656
1,454
3,427
1,585
1,535
5,659
3,697
3,149
3,84
3,789
1,321
1,744
1,488
3,106
3,199
1,82
1,751
3,429
5,616
3,785
3,593
3,778
3,469
3,765
5,484
3,738
3,204
3,311
3,733
3,726
5,327
5,729
5,345
3,258
3,730
5,707
3,631
1,768
1,500
1,644
1,791
3,110
3,681
5,166
3,764
5,424
3,757
3,413
1,647
3,784
3,472
5,763
5,776
1,572
1,66
3,53
1,117
3,645
5,70
1,247
1,346
1,181
1,24
3,291
1,421
1,160
