58,135
36,167
3,130
15,219
12,278
92,276
58,223
137,192
45,162
35,325
140,201
133,287
106,343
66,265
44,299
23,319
6,235
25,382
37,341
26,141
13,123
25,182
14,381
6,304
22,395
53,418
13,378
37,448
33,222
6,298
14,349
58,449
132,396
40,87
99,406
107,76
132,455
23,405
12,364
14,397
26,311
66,458
25,463
68,473
132,467
53,13
68,36
25,215
132,153
13,344
132,432
92,438
28,371
92,322
6,279
45,216
132,194
52,307
68,294
137,121
136,208
20,470
98,421
49,474
45,54
132,6
53,52
68,303
12,138
74,224
132,380
132,433
53,63
49,110
132,331
125,379
74,315
49,35
136,353
13,246
74,321
132,360
68,317
74,392
68,146
132,372
124,269
24,180
136,460
66,387
28,206
74,189
13,273
43,383
68,231
68,357
136,242
38,476
74,258
39,237
132,184
132,106
136,103
68,115
39,114
136,156
74,295
68,89
132,462
98,339
132,61
11,176
132,79
136,97
136,197
24,165
26,318
47,227
52,290
47,270
86,388
12,301
121,400
132,284
39,232
66,267
132,347
20,257
74,183
119,332
11,209
11,255
26,291
52,217
119,327
68,384
68,158
91,456
52,239
66,316
121,359
75,305
6,8
75,342
66,60
93,401
132,336
66,323
75,187
66,233
66,252
52,157
108,101
66,124
66,296
136,171
132,72
136,49
12,179
141,127
67,109
119,57
9,113
75,37
136,166
132,147
119,86
132,45
52,111
66,82
132,186
132,102
11,33
75,168
66,71
136,51
39,320
53,66
132,75
95,172
52,408
121,12
136,454
136,361
74,466
132,338
132,414
23,160
78,459
16,354
13,461
119,434
75,11
86,425
45,377
66,398
136,435
20,285
11,328
66,90
119,196
66,281
66,253
39,211
66,203
80,272
68,329
86,247
136,429
66,345
66,245
38,236
68,370
68,373
107,148
86,261
136,251
39,250
119,404
49,170
66,243
115,326
119,140
89,205
15,260
26,221
136,126
68,154
74,155
45,14
81,293
136,375
132,202
38,42
119,297
66,367
136,175
52,362
136,145
12,210
39,150
83,151
66,200
38,161
66,83
96,96
66,207
52,213
38,137
66,214
66,330
132,104
66,108
52,59
136,313
11,85
136,47
136,95
75,136
66,228
66,68
75,44
14,300
39,366
119,363
54,457
136,465
11,444
95,346
136,259
48,283
66,144
77,142
39,174
59,314
119,193
47,149
119,164
86,262
58,356
66,185
39,81
75,92
136,107
66,229
47,129
119,70
11,84
11,352
136,77
136,99
38,351
66,306
86,58
136,139
132,248
66,119
114,152
119,238
68,181
136,374
52,254
91,302
122,134
137,310
72,169
86,451
38,427
32,73
52,67
109,26
16,46
68,178
75,391
99,266
136,440
93,424
136,422
119,348
132,416
96,7
100,478
132,32
38,280
119,1
66,376
136,275
66,439
66,389
68,446
98,407
136,472
19,218
11,204
11,241
135,264
38,274
129,105
136,100
30,177
120,282
137,125
119,368
102,442
66,34
65,369
136,420
57,355
126,244
29,98
73,234
74,249
96,337
142,324
38,308
76,402
84,212
11,292
136,413
97,65
131,56
66,195
71,230
113,9
11,415
69,94
66,394
39,15
41,277
66,286
100,118
94,120
66,436
52,417
66,64
59,78
143,74
116,220
98,426
89,477
123,271
119,410
82,365
136,334
7,335
36,412
79,288
136,112
63,132
21,464
53,256
93,431
1,358
43,173
118,268
127,131
109,447
66,468
17,199
136,289
135,471
38,445
31,163
66,430
111,27
124,21
61,80
133,423
34,93
11,191
15,50
11,69
42,240
128,122
45,39
58,159
46,5
117,31
8,40
41,23
87,263
56,4
13,225
55,411
144,312
50,469
51,190
26,399
66,333
10,437
11,62
101,128
90,198
138,390
66,25
46,30
18,24
103,17
60,55
55,143
2,450
39,385
4,419
64,41
9,20
62,428
11,133
116,117
126,226
6,453
51,91
5,53
27,43
134,48
112,22
136,18
70,88
110,116
141,16
79,38
139,188
136,309
104,403
11,29
64,340
130,350
105,441
11,393
16,3
87,452
9,443
61,19
104,28
88,386
34,2
85,409
48,475
58,10
