1,712
1,728
1,737
1,724
1,701
1,600
8,618
1,508
1,646
1,654
1,656
1,505
1,719
1,739
1,643
1,669
1,664
1,504
8,686
1,616
1,729
1,677
8,596
1,633
8,734
8,718
1,715
1,723
1,702
8,545
1,685
1,671
1,722
1,571
1,406
1,720
1,512
1,756
1,735
8,727
1,370
1,546
1,364
1,427
1,621
8,564
1,351
1,521
1,632
1,732
8,687
1,659
1,526
1,604
1,731
1,705
1,615
1,601
1,506
1,672
1,714
1,611
1,644
8,708
8,479
1,648
1,559
1,588
1,547
8,710
1,667
1,581
1,469
1,553
1,647
8,636
1,638
1,562
1,688
1,585
8,520
1,262
1,630
1,560
1,613
1,419
1,699
1,476
1,590
1,456
1,529
1,570
1,623
1,662
1,272
1,401
1,524
8,403
1,609
8,321
1,346
1,649
1,645
1,386
1,368
1,661
1,652
1,706
1,461
10,284
1,625
8,550
1,586
8,670
1,634
1,610
1,703
1,543
1,683
8,352
1,721
8,568
8,363
1,208
1,535
10,541
1,379
8,497
1,418
3,528
1,444
8,640
1,695
1,607
1,655
1,591
9,680
1,573
1,673
7,696
5,593
10,400
1,709
1,658
1,657
1,540
1,446
1,393
9,319
9,453
1,660
8,438
1,462
9,507
4,744
2,675
1,287
1,264
1,192
1,484
1,679
9,347
1,460
1,605
1,390
9,382
1,405
1,236
1,454
1,578
1,247
8,488
8,378
2,522
9,407
9,425
9,502
1,330
8,373
9,276
9,483
9,285
1,274
9,435
9,491
1,249
1,415
9,515
9,441
1,514
9,374
9,486
9,327
10,381
9,377
9,487
9,429
9,574
9,542
9,463
9,525
9,450
9,455
1,493
1,220
9,238
9,320
9,243
9,413
1,387
9,316
9,354
9,443
8,492
6,397
1,189
1,412
8,150
10,404
9,248
9,537
1,241
9,385
9,299
9,211
1,408
9,232
9,306
9,430
9,464
9,577
9,494
1,567
1,258
9,384
9,255
9,627
9,235
9,270
9,181
9,177
9,532
9,594
9,608
1,421
1,296
9,383
9,694
9,414
1,503
9,411
9,556
9,442
9,513
9,361
9,642
9,209
9,329
9,348
9,325
9,475
9,227
9,449
9,283
9,436
9,307
9,239
9,162
9,266
9,434
9,212
9,297
9,196
9,184
9,301
9,223
9,345
9,259
9,500
9,197
4,490
9,579
9,554
9,392
9,641
9,576
9,480
9,228
9,290
9,288
9,253
10,372
9,440
9,350
9,225
9,375
9,252
9,278
9,176
9,598
9,575
9,395
6,626
9,472
9,416
9,231
9,206
9,595
9,240
9,628
9,561
9,268
9,582
1,277
9,275
9,154
9,201
9,603
9,185
9,750
9,747
9,755
9,745
9,758
9,653
9,760
9,757
9,753
9,742
9,748
9,752
9,746
9,749
9,751
8,743
9,761
1,523
9,552
1,527
9,467
9,332
9,549
9,451
9,530
9,353
9,366
9,221
9,359
9,256
9,322
9,555
9,254
9,280
9,202
9,485
1,291
9,237
10,355
9,300
9,424
9,340
9,519
9,580
9,459
9,389
9,614
9,282
9,544
10,265
9,433
1,380
9,289
9,589
9,305
9,439
9,651
9,311
9,309
9,637
9,639
9,445
9,224
9,668
9,344
9,597
9,587
9,251
9,207
9,315
9,230
9,631
9,195
9,312
9,295
9,698
1,516
9,388
9,313
9,612
9,399
9,509
9,563
9,367
9,583
9,557
9,409
9,716
9,398
9,394
9,622
9,432
9,437
9,465
9,635
9,458
9,410
10,293
9,468
9,539
1,267
9,334
10,349
9,343
9,362
9,428
10,606
9,338
9,302
9,260
9,242
10,357
9,308
9,342
9,518
9,717
9,331
9,182
9,175
9,279
9,261
9,365
9,689
9,510
9,551
9,423
9,304
8,326
9,318
9,726
9,697
9,269
9,681
9,707
9,317
9,617
9,693
1,692
9,629
9,725
9,730
9,676
9,496
9,323
9,666
9,736
9,691
9,733
9,569
9,682
9,665
9,489
9,538
8,548
1,402
9,599
9,481
10,263
10,452
9,572
9,482
9,584
9,558
9,498
9,213
9,501
9,200
9,391
9,376
9,624
9,704
9,324
9,678
9,273
9,360
1,180
9,470
9,690
9,198
10,333
9,740
9,466
9,471
9,328
9,294
9,188
9,286
9,448
9,203
9,193
9,244
1,592
9,684
9,565
9,663
9,536
9,298
1,137
9,336
9,341
9,166
9,229
9,310
9,271
9,199
9,763
9,764
9,754
9,149
9,191
9,257
1,194
9,499
10,110
1,292
9,426
9,369
9,477
9,602
9,219
9,422
9,478
9,358
9,142
9,711
9,533
9,126
9,431
9,417
9,64
9,112
9,172
9,65
9,114
9,25
9,218
9,81
9,741
9,122
9,23
9,46
9,152
9,566
9,30
9,70
9,123
8,179
9,76
9,100
9,7
9,214
9,128
9,473
9,447
9,335
9,650
9,19
9,51
9,770
9,40
9,98
9,26
9,173
9,132
9,120
9,700
9,738
9,303
9,215
9,155
9,713
9,281
9,141
9,140
9,5
9,79
9,15
9,115
9,337
9,420
9,54
9,127
10,102
9,31
9,69
9,517
9,67
9,216
9,8
9,33
9,74
9,29
9,55
9,14
9,89
9,32
9,84
9,28
9,72
1,1
1,47
9,3
9,41
9,97
9,90
9,6
9,39
9,133
9,82
9,762
9,11
9,27
9,21
9,125
9,765
9,44
9,769
9,43
9,768
9,135
9,183
9,190
9,68
9,161
9,159
9,124
9,92
9,234
9,168
9,246
8,147
9,531
9,134
9,66
9,153
9,106
9,60
9,77
9,20
9,22
9,2
9,10
9,93
9,45
9,109
9,101
9,78
9,131
9,58
9,157
9,144
9,24
9,103
9,35
1,146
9,62
9,48
9,18
9,767
9,13
9,87
9,36
9,17
9,37
9,63
9,83
9,9
9,16
9,42
9,136
9,766
9,339
9,205
9,71
9,396
9,178
9,52
9,222
9,356
9,116
6,107
9,474
9,96
9,511
9,534
9,314
9,204
9,138
9,91
9,151
9,50
10,139
9,148
4,88
9,38
9,111
9,80
9,86
9,210
9,61
9,12
9,117
9,73
9,186
9,75
9,620
9,105
9,165
9,85
9,104
9,187
9,163
9,121
9,95
9,169
9,108
9,56
9,143
6,164
9,113
9,129
8,233
9,226
9,759
9,619
9,94
9,59
9,49
9,119
9,34
9,4
9,160
9,250
9,495
9,158
9,245
9,457
9,171
9,217
1,170
9,57
9,99
1,53
9,674
9,371
1,145
1,118
1,167
1,174
1,156
8,130
