3,1206
37,1208
38,1210
37,1064
38,1219
6,1236
38,703
40,1232
37,1207
30,1157
17,1199
3,1082
30,1112
36,1212
30,1095
18,889
40,1144
17,1227
30,876
30,1118
40,1005
30,954
30,1089
38,1042
36,561
40,1087
39,591
30,1223
9,1139
30,928
4,1222
3,908
30,784
14,1077
30,891
30,1056
30,912
7,1228
30,1215
30,655
10,946
30,970
30,996
26,532
30,581
3,485
39,722
1,751
18,829
30,1192
40,1194
30,514
30,831
23,1197
30,633
28,967
38,500
30,1030
19,952
1,386
30,1221
18,880
28,1032
28,1166
28,1001
30,697
17,1133
20,659
28,993
37,1163
28,1196
36,1053
30,520
30,978
30,1204
31,1147
10,798
28,981
37,1101
20,850
23,1060
20,1153
18,1079
28,1195
28,1022
28,1010
20,1205
28,1116
28,636
1,701
28,1052
28,927
28,602
28,522
28,1094
5,853
28,351
28,745
28,811
19,1067
19,583
30,772
28,1086
28,863
28,716
9,564
10,385
28,816
28,725
28,580
28,1231
28,1176
10,882
38,411
30,660
15,920
28,913
18,374
9,288
39,631
28,683
41,393
20,518
30,621
30,400
30,577
28,1046
28,667
28,1114
28,554
28,456
38,723
19,720
19,953
11,959
22,1122
28,937
28,1058
28,543
28,982
28,578
10,791
28,511
38,1049
14,740
20,1098
8,692
15,727
26,593
38,427
28,415
23,493
37,430
10,1115
17,841
28,1031
28,919
10,861
19,1217
1,1224
28,1161
1,773
28,823
28,565
28,626
14,1120
24,991
28,979
28,1076
28,1182
28,526
28,1008
28,894
28,830
31,969
28,947
30,999
28,1105
28,704
28,512
28,428
19,612
28,486
28,744
28,1132
28,466
23,842
28,980
28,1063
28,817
18,1029
28,775
28,568
25,681
28,730
12,781
28,851
28,1068
30,762
28,608
51,729
28,690
28,1141
28,944
13,767
28,611
19,930
28,1016
28,549
28,1121
28,609
28,790
28,865
28,825
30,1143
28,1047
26,845
28,984
28,1119
28,888
23,590
28,843
28,708
28,641
28,685
7,574
24,1211
28,1225
28,642
28,1198
28,1202
28,1226
38,698
28,972
17,1051
28,1156
17,1184
28,837
19,684
28,1177
28,713
28,1229
28,1164
17,1126
31,801
28,924
28,917
28,1216
28,1235
28,1218
28,1158
28,872
28,1209
28,1185
28,1136
28,916
28,1017
28,1234
28,1138
38,1036
28,1104
28,1220
16,709
28,1175
28,800
28,1088
28,921
19,584
17,465
28,1146
17,1169
28,918
28,962
28,1142
28,788
28,1055
28,1129
28,765
28,1128
28,802
19,629
28,777
19,1075
30,1018
28,669
28,896
28,824
28,938
28,529
28,388
28,792
28,854
28,535
38,1069
21,878
28,1180
28,810
25,1170
30,1171
28,285
28,915
28,1151
28,1092
25,652
15,1154
28,1168
28,334
28,1173
1,645
28,412
28,657
28,846
28,503
10,995
28,318
28,866
28,1109
28,983
1,910
28,1125
28,809
28,1145
28,625
28,505
21,732
28,1004
28,771
28,968
28,1024
28,855
28,956
25,743
28,1083
28,1045
28,1131
28,640
18,933
28,524
28,1165
28,1000
28,760
28,1174
28,617
28,1187
10,955
28,884
28,904
28,1048
28,752
28,844
28,536
28,632
28,1044
28,1200
22,587
28,1034
28,828
17,1123
6,717
28,813
28,869
28,974
28,1003
29,840
28,1090
28,1135
28,1084
28,769
1,1040
38,964
28,502
28,1021
28,1106
28,754
28,1006
48,1113
10,966
28,832
28,594
28,682
28,691
28,618
30,1137
28,1189
28,1002
28,712
28,1213
28,793
27,961
28,895
28,1230
29,1214
28,677
28,348
28,1178
28,936
19,934
28,932
28,1188
28,395
28,734
15,1152
28,1111
30,997
13,1043
28,758
2,906
28,676
28,903
34,646
28,1148
28,925
28,668
28,1071
28,949
28,1140
28,540
28,875
24,322
21,735
28,747
28,544
28,390
39,1097
28,1183
28,569
28,941
28,702
49,893
28,582
6,647
28,1059
28,1134
28,768
28,960
28,858
28,929
17,990
28,672
32,1130
28,1020
28,864
28,551
28,282
28,601
28,886
30,513
28,449
28,1110
28,623
28,988
28,779
28,736
19,572
28,1124
28,320
29,586
28,275
28,384
28,812
28,592
21,635
28,380
28,1167
28,1062
28,746
28,883
10,1033
20,506
29,958
28,852
28,976
28,494
28,562
28,497
28,898
28,527
27,870
47,731
28,530
19,787
28,987
38,794
28,897
28,573
28,1093
28,733
28,689
28,403
28,501
20,822
28,1054
28,902
28,821
28,627
28,662
28,780
28,671
25,710
28,445
28,839
28,539
28,566
28,1023
28,948
28,1149
28,877
28,686
26,890
28,867
28,911
28,885
28,776
28,973
20,1014
28,1091
28,1072
28,567
28,1028
28,1027
28,1080
28,498
1,695
28,600
28,940
28,488
28,496
28,558
28,556
28,408
28,432
28,439
28,437
28,674
28,795
28,1057
28,1150
28,579
28,576
28,738
28,441
28,422
28,198
28,93
28,95
28,286
28,489
28,257
28,157
28,236
28,311
28,477
28,806
28,696
28,610
28,994
20,724
28,458
28,860
28,596
28,1099
28,785
28,820
28,1009
28,504
28,1107
28,835
28,826
28,805
28,679
28,656
28,763
28,541
28,721
28,1061
28,418
28,650
28,753
28,649
28,766
28,874
28,750
28,922
28,957
28,783
28,926
28,807
28,1085
28,899
28,847
28,943
28,1100
28,986
28,670
33,764
28,654
28,510
28,665
28,818
28,387
28,862
28,588
28,658
28,827
28,310
28,375
28,680
28,394
28,223
28,1038
28,571
28,705
28,473
28,247
28,749
28,620
28,129
28,86
28,232
28,280
28,315
28,484
28,675
28,538
28,545
28,459
28,302
28,172
28,255
19,343
28,434
28,333
28,1015
28,585
28,971
28,546
28,859
28,624
28,507
28,266
28,209
28,349
1,219
28,517
28,443
28,435
28,292
28,104
28,354
28,552
1,542
28,164
28,214
28,188
28,151
28,297
28,347
28,737
28,550
28,416
28,848
28,360
1,371
30,598
28,352
21,267
28,338
28,128
28,433
28,487
28,834
28,296
28,871
28,977
28,799
28,856
28,1041
28,1073
28,475
28,139
28,833
28,401
28,1070
28,350
28,604
28,321
43,471
28,85
28,98
28,312
28,189
28,234
28,242
28,560
28,190
28,367
28,357
28,225
50,206
28,238
28,328
28,180
28,341
28,589
28,362
28,303
28,379
28,460
28,84
28,246
44,261
28,326
28,786
28,638
28,1103
28,256
28,942
18,814
28,399
28,548
28,218
28,173
28,193
28,141
28,143
28,279
28,277
28,78
28,63
28,313
28,363
28,105
28,472
28,220
28,688
28,605
28,323
28,421
28,1162
28,442
28,905
28,426
28,91
28,797
28,452
28,366
28,340
28,892
28,719
28,327
28,1190
28,998
28,228
28,224
28,210
28,254
28,339
28,474
28,715
28,270
28,121
28,213
28,186
28,289
28,202
28,290
28,252
28,378
28,112
28,308
28,156
28,273
28,836
7,1096
28,204
28,230
28,265
28,65
28,881
28,229
28,448
28,163
28,222
28,97
28,171
28,89
28,755
28,69
19,335
28,88
28,678
28,287
28,241
28,179
28,127
28,140
28,276
28,212
28,203
28,492
28,200
28,476
28,92
28,353
28,547
28,165
28,262
27,317
28,570
28,192
28,184
28,531
28,615
28,653
10,346
28,796
28,329
28,324
28,849
28,240
28,300
28,248
28,417
28,306
28,344
28,634
28,185
28,616
28,307
28,707
28,178
28,301
28,628
28,243
28,939
28,907
28,450
28,409
28,414
28,272
28,161
28,446
28,482
28,1159
28,706
28,253
28,264
28,490
28,951
28,603
28,423
28,398
28,413
28,1127
28,613
28,365
45,444
28,463
28,170
28,259
28,274
28,137
28,94
28,174
28,169
28,71
28,64
28,258
28,516
28,382
28,183
28,208
52,480
28,108
28,138
28,838
28,368
28,700
21,176
28,103
28,249
28,109
28,250
28,117
28,742
28,931
28,131
28,373
28,110
28,130
28,56
28,211
28,99
28,464
28,694
28,757
28,1155
28,1026
28,756
27,1025
28,622
28,1035
28,714
28,639
28,356
28,759
28,316
28,396
19,607
28,1181
28,739
28,559
28,533
28,1108
28,508
28,521
28,644
28,761
28,1065
28,619
28,331
28,661
10,606
28,168
28,455
28,614
28,741
28,555
28,406
28,782
28,525
28,519
28,726
28,963
50,231
28,693
28,673
28,804
28,1037
28,914
28,453
28,534
28,381
28,563
28,391
28,372
28,770
28,597
28,803
28,887
28,965
28,748
28,945
28,553
28,336
28,425
28,778
28,528
28,819
28,537
28,1201
28,1012
28,1013
28,950
28,451
28,599
28,278
28,495
28,637
28,728
28,361
28,467
28,901
28,330
28,197
28,975
28,1039
28,1203
28,461
28,868
28,1233
28,342
28,293
28,575
10,1019
28,291
28,181
28,195
30,111
28,216
28,251
21,648
28,436
28,457
28,364
28,470
28,392
28,808
28,478
28,900
28,389
28,1007
28,1172
28,1193
28,36
28,66
27,13
28,74
28,37
28,124
42,35
28,58
28,22
28,177
28,75
28,30
28,45
28,39
28,43
28,53
28,115
28,664
28,125
28,199
28,40
28,73
28,15
28,989
28,61
28,23
28,33
28,383
28,299
28,19
28,20
28,28
28,10
28,50
28,42
28,52
28,55
28,102
28,404
28,284
28,447
28,126
28,215
28,76
28,245
8,175
28,440
28,595
28,410
28,509
28,217
28,44
28,149
28,1066
28,304
28,499
28,332
28,298
28,194
28,227
28,419
26,1186
28,1078
28,167
28,54
28,152
28,187
28,221
28,81
21,1081
28,233
28,114
28,260
24,57
28,483
28,150
35,294
28,370
28,24
28,132
28,3
28,144
28,5
28,7
28,1237
28,9
28,4
28,70
28,2
28,79
28,153
28,14
28,72
28,25
28,8
28,21
28,26
46,51
28,17
28,1238
28,47
28,27
28,424
28,120
28,122
28,134
28,789
28,909
28,397
28,182
28,481
28,630
17,454
28,100
28,101
28,283
28,133
28,207
28,59
28,239
28,268
28,159
28,281
28,62
28,337
28,49
28,718
28,83
28,118
28,191
28,16
28,491
28,146
28,87
28,469
28,123
28,82
28,515
28,80
28,557
28,68
28,295
28,1191
28,879
28,666
28,325
28,992
28,420
28,462
28,1074
28,355
28,136
28,358
28,269
28,67
17,271
28,1117
28,1160
28,438
28,244
28,11
28,18
28,235
28,155
28,237
28,305
28,402
27,116
28,148
28,263
28,34
28,145
28,166
28,205
42,405
28,41
28,985
28,107
28,154
28,923
28,314
24,345
28,113
28,158
28,815
28,142
21,77
28,468
27,377
28,135
28,119
28,29
28,106
28,147
28,1050
28,196
28,1102
28,857
28,479
28,376
28,1179
28,1011
28,687
28,711
28,429
28,699
28,935
28,201
28,873
28,319
28,60
28,162
28,651
28,90
28,369
28,663
28,309
28,643
28,523
28,160
28,48
28,407
28,774
28,226
28,38
28,6
28,359
28,431
28,12
28,32
28,1
28,46
38,31
40,96
