2,712
2,728
2,737
2,724
2,701
2,600
10,618
2,508
2,646
2,654
2,656
2,505
2,719
2,739
2,643
2,669
2,664
2,504
10,686
2,616
2,729
2,677
10,596
2,633
10,734
10,718
2,715
2,723
2,702
10,545
2,685
2,671
2,722
2,571
2,406
2,720
2,512
2,756
2,735
10,727
2,370
2,546
2,364
2,427
2,621
10,564
2,351
2,521
2,632
2,732
10,687
2,659
1,526
2,604
2,731
2,705
1,615
2,601
2,506
2,672
2,714
2,611
2,644
10,708
10,479
2,648
2,559
2,588
2,547
10,710
2,667
2,581
2,469
2,553
2,647
10,636
2,638
2,562
2,688
2,585
10,520
2,262
2,630
2,560
2,613
2,419
2,699
2,476
2,590
2,456
2,529
2,570
2,623
2,662
2,272
2,401
2,524
10,403
1,609
10,321
2,346
2,649
2,645
2,386
2,368
2,661
2,652
2,706
2,461
14,284
2,625
10,550
2,586
10,670
2,634
2,610
2,703
1,543
2,683
10,352
2,721
10,568
10,363
2,208
2,535
14,541
2,379
10,497
2,418
5,528
2,444
10,640
2,695
2,607
2,655
2,591
12,680
2,573
2,673
9,696
7,593
14,400
2,709
2,658
1,657
2,540
2,446
2,393
13,319
12,453
2,660
10,438
2,462
12,507
6,744
4,675
2,287
1,264
2,192
1,484
2,679
12,347
2,460
2,605
2,390
12,382
3,405
2,236
2,454
1,578
1,247
10,488
10,378
4,522
12,407
12,425
12,502
2,330
10,373
12,276
12,483
12,285
2,274
12,435
12,491
2,249
2,415
12,515
12,441
2,514
13,374
12,486
12,327
14,381
12,377
12,487
12,429
12,574
12,542
12,463
12,525
12,450
12,455
2,493
2,220
12,238
12,320
12,243
12,413
2,387
12,316
12,354
12,443
10,492
8,397
2,189
1,412
10,150
14,404
12,248
12,537
2,241
12,385
12,299
12,211
2,408
12,232
12,306
12,430
12,464
12,577
12,494
2,567
2,258
12,384
12,255
12,627
12,235
12,270
12,181
12,177
12,532
12,594
12,608
1,421
2,296
12,383
12,694
12,414
1,503
12,411
12,556
12,442
12,513
12,361
12,642
13,209
12,329
12,348
12,325
12,475
12,227
12,449
12,283
12,436
12,307
12,239
12,162
12,266
12,434
12,212
12,297
12,196
12,184
12,301
12,223
12,345
12,259
12,500
12,197
6,490
12,579
12,554
12,392
12,641
12,576
12,480
12,228
12,290
12,288
12,253
14,372
12,440
12,350
12,225
12,375
12,252
12,278
12,176
12,598
12,575
12,395
8,626
12,472
12,416
12,231
12,206
12,595
12,240
12,628
12,561
12,268
12,582
2,277
12,275
12,154
12,201
12,603
12,185
12,750
12,747
12,755
12,745
12,758
12,653
12,760
12,757
12,753
12,742
12,748
12,752
12,746
12,749
12,751
10,743
12,761
2,523
12,552
2,527
12,467
12,332
12,549
12,451
12,530
12,353
12,366
12,221
12,359
12,256
12,322
12,555
12,254
12,280
12,202
12,485
2,291
12,237
14,355
12,300
12,424
12,340
12,519
12,580
12,459
12,389
12,614
12,282
12,544
14,265
12,433
1,380
12,289
12,589
12,305
12,439
12,651
12,311
12,309
12,637
12,639
12,445
12,224
12,668
12,344
12,597
12,587
12,251
12,207
12,315
12,230
12,631
12,195
12,312
12,295
12,698
2,516
12,388
12,313
12,612
12,399
12,509
12,563
12,367
12,583
12,557
12,409
12,716
12,398
12,394
12,622
12,432
12,437
12,465
12,635
12,458
12,410
14,293
12,468
12,539
2,267
12,334
14,349
12,343
12,362
12,428
14,606
12,338
12,302
12,260
12,242
14,357
12,308
12,342
12,518
12,717
12,331
12,182
12,175
12,279
12,261
12,365
12,689
12,510
12,551
12,423
12,304
10,326
12,318
12,726
12,697
12,269
12,681
12,707
12,317
12,617
12,693
1,692
12,629
12,725
12,730
12,676
12,496
12,323
12,666
12,736
12,691
12,733
12,569
12,682
12,665
12,489
12,538
10,548
2,402
12,599
12,481
14,263
14,452
12,572
12,482
12,584
12,558
12,498
12,213
12,501
12,200
12,391
12,376
12,624
12,704
12,324
12,678
12,273
12,360
1,180
12,470
12,690
12,198
14,333
12,740
12,466
12,471
12,328
12,294
12,188
12,286
12,448
12,203
12,193
12,244
2,592
12,684
12,565
12,663
12,536
12,298
2,137
12,336
12,341
12,166
12,229
12,310
12,271
12,199
12,763
12,764
12,754
12,149
12,191
12,257
2,194
12,499
14,110
2,292
12,426
12,369
12,477
12,602
12,219
12,422
12,478
12,358
12,142
12,711
12,533
12,126
12,431
12,417
12,64
12,112
12,172
12,65
12,114
12,25
12,218
12,81
12,741
12,122
12,23
12,46
12,152
12,566
12,30
12,70
12,123
10,179
12,76
12,100
12,7
12,214
12,128
12,473
12,447
12,335
12,650
12,19
12,51
12,770
12,40
12,98
12,26
12,173
12,132
12,120
12,700
12,738
12,303
12,215
12,155
12,713
12,281
12,141
12,140
12,5
12,79
12,15
12,115
12,337
12,420
12,54
12,127
14,102
12,31
12,69
12,517
12,67
12,216
12,8
12,33
12,74
12,29
12,55
12,14
12,89
12,32
12,84
12,28
12,72
2,1
2,47
12,3
12,41
12,97
12,90
12,6
12,39
12,133
12,82
12,762
12,11
12,27
12,21
12,125
12,765
12,44
12,769
12,43
12,768
12,135
12,183
12,190
12,68
12,161
12,159
12,124
12,92
12,234
12,168
12,246
10,147
12,531
12,134
12,66
12,153
12,106
12,60
12,77
12,20
12,22
12,2
12,10
12,93
12,45
12,109
12,101
12,78
12,131
12,58
12,157
12,144
12,24
12,103
12,35
1,146
12,62
12,48
12,18
12,767
12,13
12,87
12,36
12,17
12,37
12,63
12,83
12,9
12,16
12,42
12,136
12,766
12,339
12,205
12,71
12,396
12,178
12,52
12,222
12,356
12,116
8,107
12,474
12,96
12,511
12,534
12,314
12,204
12,138
12,91
12,151
12,50
14,139
12,148
6,88
12,38
12,111
12,80
12,86
12,210
12,61
12,12
12,117
12,73
12,186
12,75
12,620
12,105
12,165
12,85
12,104
12,187
12,163
12,121
12,95
12,169
12,108
12,56
12,143
8,164
12,113
12,129
10,233
12,226
12,759
12,619
12,94
12,59
12,49
12,119
12,34
12,4
12,160
12,250
12,495
11,158
12,245
12,457
12,171
12,217
2,170
12,57
12,99
2,53
11,674
11,371
2,145
2,118
2,167
2,174
2,156
10,130
