1,26
2,16
2,29
1,15
1,33
1,22
2,12
1,13
1,21
1,31
1,4
1,6
1,32
3,38
1,40
1,24
1,36
1,42
1,20
1,10
1,1
1,39
1,18
1,8
1,5
1,9
1,17
1,19
1,27
3,28
1,34
1,35
1,51
1,25
1,41
1,11
1,23
1,66
1,67
1,94
1,48
1,61
1,113
2,54
1,57
3,53
1,49
1,112
1,110
1,47
1,59
2,55
1,65
1,50
1,107
1,43
1,58
1,64
1,63
1,69
1,60
1,68
1,62
1,45
1,37
1,56
1,92
1,101
1,76
3,70
2,90
2,74
3,86
3,84
3,97
3,105
3,77
3,80
3,91
3,88
3,81
3,102
3,87
3,73
3,14
3,82
3,93
3,83
3,89
3,96
3,46
3,75
3,78
1,103
3,85
3,79
3,95
2,30
2,7
2,2
3,52
3,44
3,114
2,99
3,3
2,71
1,111
2,98
2,104
1,72
2,109
1,106
1,108
2,100
