1,825
7,1225
8,1247
8,1178
1,1182
7,1177
7,1222
1,996
1,1236
7,1239
8,1061
8,546
7,1097
7,1246
1,1112
1,856
1,1055
7,1185
7,1244
7,1046
7,1167
7,446
1,971
7,1229
1,1232
7,1224
1,987
1,1206
8,1184
7,520
1,1253
1,1179
1,968
7,1252
1,1077
7,1238
1,932
8,1191
8,1176
1,1085
7,619
7,988
7,913
8,1139
1,1140
7,1205
8,568
7,1223
1,1022
8,1148
8,414
1,776
7,670
8,1218
7,1168
8,1133
7,1195
8,667
8,804
1,623
8,964
7,1128
8,1159
1,632
1,865
1,783
8,586
7,843
8,1157
1,976
7,979
1,1033
7,1111
7,949
1,947
7,871
7,755
7,1132
8,516
1,502
7,322
1,1102
4,1180
7,901
7,937
7,848
7,1221
7,391
8,889
7,1203
8,1153
7,1169
7,535
7,1090
7,739
1,874
8,867
1,982
1,744
8,759
7,1149
1,407
7,1110
7,1109
1,1240
8,955
1,462
1,1227
1,727
7,558
2,1065
8,1219
7,1213
1,1135
7,1151
7,1241
1,615
7,1141
1,607
7,1173
1,270
7,752
8,765
7,1114
3,1188
1,767
1,894
8,594
1,1198
1,842
7,296
7,832
1,970
2,823
7,641
1,1142
7,785
7,773
7,725
7,1129
7,421
2,1117
1,1175
7,1234
1,1200
7,1230
1,1040
7,1212
8,1174
1,521
7,926
7,669
8,868
7,251
7,1171
7,1158
1,1120
7,466
7,927
1,675
1,552
3,940
8,792
1,1093
1,1044
1,455
1,571
7,981
7,953
5,510
2,1197
1,1030
7,1025
7,1026
1,1087
7,935
1,345
1,1215
5,529
7,1056
7,898
7,777
1,365
7,1201
3,1242
1,1235
1,951
8,756
7,797
7,610
7,1143
7,341
7,748
7,651
1,816
7,980
7,808
7,719
7,423
1,908
7,1125
7,1154
7,896
7,966
7,303
5,880
7,628
1,318
7,1181
1,1095
1,1138
7,872
7,1013
7,1192
7,1237
8,499
7,914
7,1243
7,794
7,1051
7,1103
1,1052
8,531
7,828
7,1163
7,1152
7,604
2,1228
2,385
1,1122
7,509
7,1194
8,1189
7,1116
5,1131
6,663
1,668
7,775
6,681
7,1001
7,995
7,1210
7,830
7,1127
7,1170
1,905
7,1130
7,1211
7,1078
7,409
7,1084
7,977
7,271
7,638
8,873
7,393
7,1193
7,1119
2,1092
7,672
7,699
7,403
3,892
7,1164
7,1049
2,1012
5,1249
7,1006
7,938
7,761
7,969
7,847
7,350
7,354
6,430
7,406
7,899
6,637
7,1126
7,993
7,1183
7,974
8,386
7,674
1,1144
7,1081
1,989
7,973
7,355
7,572
7,608
7,442
7,213
7,189
7,1220
7,286
1,272
7,513
2,309
7,850
7,508
7,852
7,737
7,944
7,1094
7,434
7,844
7,401
7,357
7,684
7,923
7,612
7,1079
7,702
8,616
7,720
7,500
7,860
7,321
7,791
7,904
7,811
7,717
7,232
7,734
7,1024
7,707
7,424
7,1075
7,729
7,269
7,747
7,602
7,790
1,419
7,538
7,240
7,360
7,362
7,489
7,273
7,329
7,1072
7,460
7,382
7,465
7,812
7,353
7,344
7,786
7,802
7,593
7,855
7,829
7,566
7,963
7,473
7,264
7,1156
7,965
7,554
7,1108
7,1136
7,939
7,408
7,343
7,585
7,447
7,262
7,916
7,936
7,858
7,550
7,439
7,461
2,247
7,644
1,945
7,718
7,486
7,338
7,551
7,664
7,478
7,528
7,577
7,656
7,870
4,1104
2,960
7,284
7,849
7,443
7,1004
7,781
7,250
7,879
7,691
7,763
7,706
7,1039
7,925
7,517
7,714
7,787
7,771
7,1050
7,220
7,890
7,692
7,503
7,1002
7,768
7,622
7,613
7,1123
7,475
7,324
7,745
7,1106
7,437
7,749
7,950
7,1187
7,754
1,713
7,1038
7,545
7,626
7,911
7,328
7,295
7,780
7,640
7,1034
7,203
7,201
7,444
7,441
7,560
7,840
7,857
7,959
7,582
7,736
7,906
7,900
2,511
7,798
7,770
7,1209
7,793
7,313
7,690
7,245
7,339
2,361
5,1003
7,796
7,620
7,415
7,716
7,351
7,288
7,396
7,305
7,789
7,479
7,603
7,530
7,834
7,310
7,555
7,693
7,268
7,910
7,526
7,817
7,1009
7,678
7,864
7,590
8,595
7,564
7,753
7,494
7,553
7,377
7,534
7,533
7,156
7,519
1,962
7,459
7,405
7,598
7,882
7,346
7,1019
7,398
7,512
7,1216
7,676
7,1186
7,639
7,501
7,922
7,1214
7,467
7,1035
7,1199
7,665
7,609
7,575
7,1029
7,983
7,601
1,381
7,199
7,645
7,492
7,930
7,687
7,998
7,347
7,282
7,741
7,1059
7,348
7,801
7,333
7,371
7,686
7,751
7,482
7,778
7,304
7,758
7,624
7,1060
7,184
7,174
7,204
7,562
7,1076
7,1172
7,760
7,319
1,234
7,853
7,942
7,1071
7,231
7,541
7,683
7,374
7,248
7,450
7,671
7,1010
1,573
7,182
7,148
7,1070
7,420
7,611
7,642
7,866
7,1018
7,722
7,402
7,144
7,81
7,158
7,180
7,312
7,334
7,135
7,958
7,515
7,428
7,155
7,113
7,146
7,118
7,139
7,173
7,196
7,138
7,218
7,862
7,1053
7,818
7,655
7,703
7,788
7,440
7,631
7,918
7,588
7,657
7,967
7,694
7,557
9,648
7,1047
7,934
7,306
7,367
7,876
7,505
7,289
7,316
7,984
7,618
7,1005
7,1100
7,454
7,1099
7,723
7,539
7,779
7,715
7,652
7,221
7,277
7,1020
7,799
7,731
7,1226
7,412
7,543
7,281
7,477
7,764
7,1000
7,659
7,294
7,456
7,504
7,822
7,358
7,733
7,851
7,827
7,1115
7,433
7,567
7,302
7,1107
7,366
7,359
7,1037
7,861
7,757
7,1165
7,885
7,774
7,909
7,952
7,330
7,845
7,488
7,1101
7,480
7,730
7,1063
7,709
7,394
7,831
7,742
7,743
7,810
7,915
7,1086
7,1150
7,666
7,524
7,833
7,795
7,819
7,649
7,917
7,507
7,411
7,311
7,416
7,314
7,495
7,474
7,746
7,425
7,1091
7,1096
7,721
7,1098
2,807
2,581
7,1008
7,634
7,711
7,308
7,336
7,895
1,836
7,1088
7,673
7,565
7,1146
7,1067
7,1137
7,946
7,1105
7,1204
7,370
7,451
7,929
7,536
7,893
7,331
7,498
7,547
7,696
7,436
7,682
7,954
7,1054
7,978
7,888
7,704
7,265
7,469
7,679
7,735
7,379
7,726
7,540
2,712
7,375
7,387
7,225
7,293
7,238
7,1048
7,592
7,578
7,903
7,1202
7,661
7,1166
7,383
7,1021
7,496
7,576
7,1155
7,869
7,803
7,327
7,907
7,589
7,1023
7,1162
7,897
7,636
7,491
7,453
7,548
7,468
7,838
7,485
7,732
7,878
7,1124
7,487
7,471
7,1118
7,1042
7,766
7,591
7,580
7,629
7,584
7,991
7,650
7,762
7,826
7,1069
7,912
7,369
7,997
7,606
7,373
7,242
7,332
7,452
7,404
7,902
7,556
7,212
7,859
7,532
7,633
7,990
7,689
7,323
7,214
7,563
7,839
8,256
7,1036
7,1073
7,449
2,1082
1,1031
7,614
7,708
7,527
7,384
7,941
7,400
7,349
7,685
7,846
7,325
7,887
7,627
7,597
7,948
7,646
7,260
7,368
7,291
7,472
7,975
1,740
7,986
7,388
7,630
7,587
7,418
2,884
7,933
7,579
7,806
7,992
7,464
7,92
7,215
7,417
7,202
7,654
7,257
7,399
7,643
7,1217
7,985
7,1017
7,463
7,600
7,1134
7,207
7,972
7,596
7,292
7,635
7,280
7,660
7,337
7,863
7,1043
7,647
7,583
7,1007
7,542
7,700
7,1064
1,490
7,800
7,710
7,1014
7,677
7,569
7,919
7,999
7,470
7,522
7,724
7,617
7,1058
7,784
7,301
7,181
7,924
7,431
7,931
7,883
7,782
7,920
7,680
7,886
7,599
7,653
7,1190
7,422
7,805
7,621
7,1028
7,192
7,881
7,380
7,352
7,891
7,1041
7,525
7,769
7,243
7,875
7,957
7,484
7,658
7,1068
7,326
7,820
7,435
7,1032
7,317
7,276
7,427
7,943
7,290
7,570
7,476
7,320
7,497
7,662
7,410
7,523
7,815
7,824
7,364
7,506
7,274
7,413
7,226
7,395
7,854
7,481
7,169
7,224
7,397
7,209
7,307
7,152
7,71
7,76
6,1290
7,86
7,194
7,688
7,356
2,258
7,544
7,124
7,1062
7,122
7,176
7,429
7,340
7,1207
7,197
7,140
7,537
7,1045
7,1147
7,1089
7,1066
7,342
7,445
7,1080
7,198
7,205
7,363
7,625
7,1208
7,559
7,728
7,574
7,821
7,921
7,1113
7,695
7,254
7,103
1,85
7,219
7,90
7,101
7,168
7,95
7,772
7,78
7,46
7,120
7,137
7,300
7,94
7,372
7,928
7,93
7,151
1,261
7,77
7,55
7,514
7,279
1,131
7,154
7,244
7,217
7,104
7,30
7,10
7,74
7,110
7,88
7,68
1,132
7,57
7,87
7,36
7,116
7,193
7,43
7,1273
7,62
7,1276
7,22
7,1284
7,1277
7,24
7,1279
7,19
7,41
7,7
7,34
7,1298
7,1289
7,48
7,18
7,115
7,21
7,141
7,1283
7,6
7,1278
7,2
8,14
7,159
7,191
7,53
7,84
7,1272
7,190
7,20
7,1297
7,1282
7,1291
7,42
7,1145
7,26
7,13
7,1015
7,392
2,750
7,241
7,298
7,73
7,432
7,1260
7,1255
7,1254
7,1258
2,1259
7,1264
7,1257
7,1261
7,1256
7,1263
7,1262
7,701
7,252
7,438
7,837
7,249
7,227
7,253
7,206
7,179
7,235
7,170
7,458
7,267
7,239
7,275
7,956
7,278
7,236
7,89
7,51
7,61
7,44
7,216
7,283
7,483
7,255
7,47
7,50
7,39
7,153
7,3
1,38
7,69
7,12
7,315
7,11
7,1270
7,54
7,163
7,188
7,223
7,112
7,809
7,67
7,29
7,149
7,58
7,1275
7,106
7,56
7,233
7,97
7,1285
7,1271
7,1286
7,79
7,4
7,59
7,100
7,1299
7,1057
7,1161
7,1268
7,91
7,63
7,1245
7,128
7,123
7,605
7,83
1,389
8,147
7,814
7,178
7,25
7,177
7,70
7,160
7,493
7,164
7,426
7,167
7,33
7,31
7,1274
7,1281
7,166
7,35
7,1266
7,1294
7,60
7,105
7,15
7,107
7,102
7,80
7,1265
7,72
7,8
7,17
7,5
7,23
7,186
7,65
7,1292
7,45
2,1
7,16
7,1295
7,52
7,37
7,1280
7,1296
7,1293
7,1288
7,1267
7,165
7,9
7,1269
7,285
7,195
7,1287
7,187
7,108
7,136
7,49
7,121
7,64
7,161
7,222
7,175
7,1233
7,877
7,994
7,549
7,126
7,183
7,561
7,130
7,119
7,96
2,109
7,28
1,66
7,117
7,27
7,82
7,127
7,75
7,40
7,150
7,208
7,98
7,145
7,143
8,1160
7,211
7,297
2,99
7,1011
2,172
2,32
7,1300
7,378
7,1121
7,287
7,237
7,133
7,200
7,335
7,114
7,518
7,1027
7,705
7,1016
1,210
1,835
1,129
8,157
1,246
8,230
8,1074
7,738
7,1083
1,457
8,259
7,697
7,142
7,1231
7,1250
1,171
1,448
7,1248
7,1251
7,698
8,813
8,1196
1,266
1,841
7,228
7,299
7,111
1,376
1,134
1,961
1,229
1,390
7,125
7,263
8,185
1,162
