9,89
11,112
12,33
2,49
13,80
1,113
17,41
1,120
2,65
17,81
19,168
1,67
10,76
3,29
14,189
1,104
18,122
4,75
14,23
14,87
18,121
14,96
14,82
1,28
14,140
14,92
14,117
14,272
14,50
18,102
14,148
18,107
14,68
14,162
14,85
18,56
18,98
4,97
1,60
14,146
14,161
14,22
13,235
16,84
14,20
14,95
14,201
18,42
14,79
14,101
18,70
16,69
18,105
18,58
14,78
14,200
14,55
14,115
14,40
14,88
14,209
14,57
14,114
18,34
14,156
14,77
14,47
14,27
14,91
14,93
14,190
2,63
10,45
13,240
14,138
14,66
14,171
14,26
14,46
14,61
14,31
14,90
18,35
14,15
14,59
10,25
14,232
14,271
14,62
14,19
14,71
14,268
14,244
11,247
14,175
14,264
14,133
14,109
1,43
18,127
14,248
14,249
18,254
14,198
14,221
13,218
14,181
18,158
13,233
13,74
18,5
14,106
14,110
14,126
14,267
1,257
14,3
11,94
11,170
14,119
14,183
14,216
18,178
18,202
18,179
13,172
13,2
2,212
18,224
18,118
18,180
16,13
13,73
18,86
7,261
18,30
18,225
14,160
18,154
14,103
7,228
2,37
18,217
18,124
4,153
14,111
18,182
14,83
18,108
2,166
18,32
18,197
18,184
18,164
7,125
14,53
18,36
13,208
16,152
18,236
14,177
14,203
17,219
18,130
7,129
18,187
18,196
14,48
16,173
11,193
14,100
11,17
18,137
7,252
13,147
18,139
18,195
11,151
11,64
11,207
13,188
18,222
11,215
18,234
18,205
4,143
18,211
18,21
14,51
14,54
4,157
2,131
18,255
16,256
18,223
18,134
18,144
13,231
18,199
14,176
14,220
11,270
18,149
16,185
18,210
2,136
18,260
18,167
14,259
18,123
18,262
11,194
4,52
16,214
18,241
11,132
18,204
13,237
18,44
18,169
13,229
18,159
18,10
11,163
18,7
1,239
17,243
18,269
16,266
6,227
18,186
14,145
13,238
18,213
14,191
18,245
16,18
4,38
17,258
14,250
16,230
6,242
17,251
14,246
4,141
6,135
14,165
13,174
13,253
6,265
6,155
18,273
7,1
13,150
18,142
18,192
12,72
5,4
18,9
18,128
10,263
18,206
2,14
13,24
7,226
17,12
15,99
14,116
17,39
18,16
14,8
14,6
8,11
