3,135
1,167
1,130
1,219
1,278
4,276
3,223
5,192
2,162
1,325
5,201
5,287
4,343
3,265
2,299
1,319
1,235
1,382
1,341
1,141
1,123
1,182
1,381
1,304
1,395
3,418
1,378
1,448
1,222
1,298
1,349
3,449
5,396
2,87
4,406
4,76
5,455
1,405
1,364
1,397
1,311
3,458
1,463
3,473
5,467
3,13
3,36
1,215
5,153
1,344
5,432
4,438
1,371
4,322
1,279
2,216
5,194
3,307
3,294
5,121
5,208
1,470
4,421
2,474
2,54
5,6
3,52
3,303
1,138
3,224
5,380
5,433
3,63
2,110
5,331
4,379
3,315
2,35
5,353
1,246
3,321
5,360
3,317
3,392
3,146
5,372
4,269
1,180
5,460
3,387
1,206
3,189
1,273
2,383
3,231
3,357
5,242
2,476
3,258
2,237
5,184
5,106
5,103
3,115
2,114
5,156
3,295
3,89
5,462
4,339
5,61
1,176
5,79
5,97
5,197
1,165
1,318
2,227
3,290
2,270
4,388
1,301
4,400
5,284
2,232
3,267
5,347
1,257
3,183
4,332
1,209
1,255
1,291
3,217
4,327
3,384
3,158
4,456
3,239
3,316
4,359
3,305
1,8
3,342
3,60
4,401
5,336
3,323
3,187
3,233
3,252
3,157
4,101
3,124
3,296
5,171
5,72
5,49
1,179
5,127
3,109
4,57
1,113
3,37
5,166
5,147
4,86
5,45
3,111
3,82
5,186
5,102
1,33
3,168
3,71
5,51
2,320
3,66
5,75
4,172
3,408
4,12
5,454
5,361
3,466
5,338
5,414
1,160
4,459
1,354
1,461
4,434
3,11
4,425
2,377
3,398
5,435
1,285
1,328
3,90
4,196
3,281
3,253
2,211
3,203
4,272
3,329
4,247
5,429
3,345
3,245
2,236
3,370
3,373
4,148
4,261
5,251
2,250
4,404
2,170
3,243
4,326
4,140
4,205
1,260
1,221
5,126
3,154
3,155
2,14
4,293
5,375
5,202
2,42
4,297
3,367
5,175
3,362
5,145
1,210
2,150
4,151
3,200
2,161
3,83
4,96
3,207
3,213
2,137
3,214
3,330
5,104
3,108
3,59
5,313
1,85
5,47
5,95
3,136
3,228
3,68
3,44
1,300
2,366
4,363
3,457
5,465
1,444
4,346
5,259
2,283
3,144
4,142
2,174
3,314
4,193
2,149
4,164
4,262
3,356
3,185
2,81
3,92
5,107
3,229
2,129
4,70
1,84
1,352
5,77
5,99
2,351
3,306
4,58
5,139
5,248
3,119
4,152
4,238
3,181
5,374
3,254
4,302
4,134
5,310
3,169
4,451
2,427
1,73
3,67
4,26
1,46
3,178
3,391
4,266
5,440
4,424
5,422
4,348
5,416
4,7
4,478
5,32
2,280
4,1
3,376
5,275
3,439
3,389
3,446
4,407
5,472
1,218
1,204
1,241
5,264
2,274
5,105
5,100
1,177
4,282
5,125
4,368
4,442
3,34
3,369
5,420
3,355
4,244
1,98
3,234
3,249
4,337
5,324
2,308
3,402
4,212
1,292
5,413
4,65
5,56
3,195
3,230
4,9
1,415
3,94
3,394
2,15
2,277
3,286
4,118
4,120
3,436
3,417
3,64
3,78
5,74
4,220
4,426
4,477
4,271
4,410
4,365
5,334
1,335
1,412
4,288
5,112
3,132
1,464
3,256
4,431
1,358
2,173
4,268
4,131
4,447
3,468
1,199
5,289
5,471
2,445
1,163
3,430
4,27
4,21
3,80
5,423
1,93
1,191
1,50
1,69
2,240
5,122
2,39
3,159
2,5
4,31
1,40
2,23
4,263
3,4
1,225
3,411
5,312
2,469
3,190
1,399
3,333
1,437
1,62
4,128
4,198
5,390
3,25
2,30
1,24
4,17
3,55
3,143
1,450
2,385
1,419
3,41
1,20
3,428
1,133
4,117
4,226
1,453
3,91
1,53
1,43
5,48
4,22
5,18
3,88
4,116
5,16
4,38
5,188
5,309
4,403
1,29
3,340
5,350
4,441
1,393
1,3
4,452
1,443
3,19
4,28
4,386
1,2
4,409
2,475
3,10
