8,712
8,728
8,737
12,724
8,701
8,600
25,618
8,508
8,646
8,654
8,656
8,505
8,719
8,739
8,643
8,669
8,664
8,504
25,686
8,616
8,729
8,677
25,596
8,633
25,734
24,718
8,715
8,723
8,702
25,545
8,685
8,671
8,722
12,571
8,406
8,720
8,512
8,756
8,735
25,727
8,370
8,546
8,364
8,427
8,621
25,564
8,351
8,521
11,632
8,732
25,687
8,659
5,526
8,604
8,731
10,705
4,615
8,601
11,506
8,672
8,714
8,611
8,644
25,708
25,479
8,648
8,559
8,588
8,547
25,710
8,667
8,581
8,469
8,553
8,647
25,636
8,638
8,562
8,688
8,585
25,520
8,262
8,630
8,560
8,613
8,419
8,699
8,476
8,590
8,456
8,529
8,570
8,623
11,662
9,272
8,401
8,524
24,403
4,609
25,321
8,346
8,649
8,645
8,386
8,368
8,661
8,652
10,706
8,461
38,284
8,625
25,550
6,586
25,670
8,634
8,610
8,703
2,543
12,683
23,352
9,721
25,568
25,363
8,208
8,535
37,541
8,379
25,497
6,418
16,528
8,444
23,640
8,695
8,607
8,655
8,591
29,680
8,573
8,673
22,696
19,593
41,400
6,709
8,658
1,657
8,540
8,446
8,393
34,319
28,453
8,660
25,438
8,462
28,507
17,744
14,675
8,287
3,264
8,192
3,484
8,679
28,347
9,460
6,605
8,390
27,382
13,405
8,236
9,454
3,578
3,247
25,488
23,378
15,522
28,407
28,425
28,502
8,330
25,373
28,276
28,483
28,285
8,274
28,435
28,491
8,249
8,415
28,515
28,441
8,514
33,374
28,486
28,327
38,381
28,377
28,487
28,429
28,574
32,542
28,463
28,525
28,450
28,455
8,493
8,220
28,238
28,320
28,243
28,413
8,387
28,316
28,354
28,443
25,492
21,397
8,189
3,412
25,150
39,404
28,248
28,537
8,241
28,385
28,299
28,211
11,408
28,232
28,306
27,430
28,464
28,577
28,494
7,567
8,258
28,384
28,255
28,627
28,235
28,270
28,181
28,177
28,532
28,594
28,608
3,421
8,296
28,383
28,694
28,414
3,503
28,411
28,556
28,442
28,513
28,361
28,642
35,209
28,329
28,348
28,325
28,475
28,227
28,449
28,283
28,436
28,307
28,239
28,162
28,266
28,434
31,212
28,297
28,196
28,184
28,301
28,223
28,345
28,259
28,500
28,197
18,490
28,579
28,554
28,392
28,641
28,576
28,480
28,228
28,290
28,288
28,253
38,372
28,440
28,350
28,225
28,375
28,252
28,278
28,176
28,598
28,575
28,395
20,626
28,472
28,416
28,231
28,206
28,595
28,240
30,628
28,561
28,268
28,582
8,277
28,275
28,154
28,201
28,603
28,185
28,750
28,747
28,755
28,745
28,758
28,653
28,760
28,757
28,753
28,742
28,748
28,752
28,746
28,749
28,751
25,743
29,761
8,523
28,552
8,527
28,467
27,332
28,549
28,451
28,530
28,353
28,366
28,221
28,359
28,256
28,322
28,555
28,254
28,280
28,202
28,485
8,291
28,237
40,355
28,300
28,424
28,340
28,519
28,580
28,459
28,389
28,614
28,282
28,544
38,265
28,433
1,380
28,289
28,589
28,305
28,439
28,651
28,311
28,309
28,637
28,639
28,445
28,224
28,668
28,344
28,597
28,587
28,251
28,207
28,315
28,230
28,631
28,195
28,312
28,295
28,698
8,516
28,388
28,313
28,612
28,399
28,509
28,563
28,367
28,583
28,557
28,409
28,716
28,398
28,394
28,622
28,432
28,437
28,465
28,635
28,458
28,410
36,293
28,468
28,539
8,267
28,334
40,349
28,343
28,362
28,428
38,606
28,338
28,302
28,260
28,242
36,357
28,308
28,342
28,518
28,717
28,331
28,182
28,175
28,279
28,261
28,365
28,689
28,510
28,551
28,423
28,304
25,326
28,318
28,726
28,697
28,269
28,681
28,707
28,317
28,617
28,693
3,692
28,629
28,725
28,730
28,676
28,496
28,323
28,666
28,736
28,691
28,733
28,569
28,682
28,665
28,489
28,538
25,548
8,402
28,599
28,481
38,263
40,452
28,572
28,482
28,584
28,558
28,498
28,213
28,501
28,200
28,391
28,376
28,624
28,704
28,324
28,678
28,273
28,360
3,180
28,470
28,690
28,198
38,333
28,740
28,466
28,471
28,328
28,294
28,188
28,286
28,448
28,203
28,193
28,244
8,592
28,684
28,565
28,663
28,536
28,298
8,137
28,336
28,341
28,166
28,229
28,310
28,271
28,199
28,763
28,764
28,754
28,149
28,191
28,257
8,194
28,499
37,110
8,292
28,426
28,369
28,477
28,602
28,219
28,422
28,478
28,358
28,142
28,711
28,533
28,126
28,431
28,417
28,64
28,112
28,172
28,65
28,114
28,25
28,218
28,81
28,741
28,122
28,23
28,46
28,152
28,566
28,30
28,70
28,123
25,179
28,76
28,100
28,7
28,214
28,128
28,473
28,447
28,335
28,650
28,19
28,51
28,770
28,40
28,98
28,26
28,173
28,132
28,120
28,700
28,738
28,303
28,215
28,155
28,713
28,281
28,141
28,140
28,5
28,79
28,15
28,115
28,337
28,420
28,54
28,127
38,102
28,31
28,69
28,517
28,67
28,216
28,8
28,33
28,74
28,29
28,55
28,14
28,89
28,32
28,84
28,28
28,72
11,1
8,47
28,3
28,41
28,97
28,90
28,6
28,39
28,133
28,82
28,762
28,11
28,27
28,21
28,125
28,765
28,44
28,769
28,43
28,768
28,135
28,183
28,190
28,68
28,161
28,159
28,124
28,92
28,234
28,168
28,246
25,147
28,531
28,134
28,66
28,153
28,106
28,60
28,77
28,20
28,22
28,2
28,10
28,93
28,45
28,109
28,101
28,78
28,131
28,58
28,157
28,144
28,24
28,103
28,35
1,146
28,62
28,48
28,18
28,767
28,13
28,87
28,36
28,17
28,37
28,63
28,83
28,9
28,16
28,42
28,136
28,766
28,339
28,205
28,71
28,396
28,178
28,52
28,222
28,356
28,116
20,107
28,474
28,96
28,511
28,534
28,314
28,204
28,138
28,91
28,151
28,50
41,139
28,148
17,88
28,38
28,111
28,80
28,86
28,210
28,61
28,12
28,117
28,73
28,186
28,75
28,620
28,105
28,165
28,85
28,104
28,187
28,163
28,121
28,95
28,169
28,108
28,56
28,143
20,164
28,113
28,129
25,233
28,226
28,759
28,619
28,94
28,59
28,49
28,119
28,34
28,4
28,160
28,250
28,495
26,158
28,245
28,457
28,171
28,217
11,170
28,57
28,99
8,53
26,674
26,371
8,145
8,118
8,167
8,174
8,156
25,130
