115,753
114,746
122,76
68,762
86,775
118,512
96,668
143,486
84,706
112,696
184,758
173,699
26,780
80,260
26,711
92,691
42,499
80,796
136,45
143,130
26,206
66,89
60,669
217,632
173,735
98,703
151,724
162,790
68,756
169,782
40,754
71,169
5,777
26,716
146,759
205,761
64,123
6,755
83,774
65,663
109,661
117,788
140,583
90,511
156,739
58,694
39,577
70,690
213,606
24,752
69,767
106,747
226,685
66,383
173,766
56,63
81,713
10,468
84,127
137,679
121,741
39,750
156,672
54,619
161,727
225,742
62,693
50,722
142,717
219,714
123,528
46,504
181,608
58,660
61,510
156,605
165,698
44,728
107,634
119,635
176,526
1,574
119,502
25,417
140,372
208,537
215,473
119,432
156,544
51,282
102,589
102,337
50,557
137,224
137,710
42,721
65,626
145,385
148,529
184,405
134,395
126,426
194,617
84,595
161,671
31,552
132,515
173,666
23,667
224,551
22,615
137,603
96,683
91,522
26,569
60,680
226,505
50,627
68,516
52,723
127,686
191,466
156,719
16,725
188,689
121,637
156,564
125,568
97,286
156,306
81,464
82,453
214,436
172,313
81,28
112,329
106,77
110,218
183,268
187,494
184,440
183,514
196,449
123,769
100,378
104,65
101,783
186,598
25,700
96,625
181,720
178,654
130,662
121,452
147,597
59,256
109,438
129,105
38,240
227,673
58,590
195,612
116,638
135,533
19,622
221,565
136,563
196,664
156,506
12,670
102,692
106,675
179,348
169,541
134,381
191,459
49,584
124,618
79,548
26,546
216,650
4,384
137,408
109,358
100,312
53,779
28,27
212,642
135,718
105,441
139,740
172,592
198,300
195,518
144,227
171,211
141,628
172,213
2,99
36,443
143,639
6,677
4,35
222,155
195,392
156,195
195,98
196,174
35,30
77,462
150,237
183,393
148,422
143,226
135,542
55,298
28,376
165,294
178,305
85,580
209,198
89,331
89,336
157,134
141,192
170,315
150,196
209,682
130,540
173,591
87,148
116,391
86,271
204,547
211,567
26,653
169,704
137,418
133,280
161,630
203,415
99,463
10,687
90,594
184,357
143,360
216,434
194,550
53,629
48,536
26,490
106,368
88,140
113,520
63,125
161,302
103,458
223,11
118,100
156,517
68,141
26,343
84,480
89,308
96,325
122,461
48,245
165,623
213,531
43,364
186,497
125,521
41,534
139,684
79,460
8,601
94,620
37,543
173,715
185,139
194,420
157,212
76,142
83,610
78,651
162,586
16,151
120,425
67,423
26,508
218,73
142,401
128,347
167,539
141,498
119,399
137,561
167,538
202,640
149,621
195,487
188,475
105,649
105,562
167,575
162,571
193,611
184,316
110,648
48,633
222,712
152,442
162,613
103,407
171,350
189,409
141,554
51,410
33,489
12,122
30,176
13,448
176,607
119,501
184,695
57,614
222,532
179,446
162,560
202,301
172,194
173,205
71,207
58,162
195,582
172,335
157,168
23,143
119,208
10,369
202,103
138,588
184,573
193,397
223,281
216,555
181,248
160,307
76,344
190,108
21,25
20,332
51,279
20,362
21,230
137,55
185,12
152,363
178,530
187,323
47,81
173,373
174,513
184,545
132,328
115,527
95,173
187,375
194,152
200,394
45,219
155,359
177,604
92,479
178,341
167,587
131,299
161,330
35,241
132,234
160,370
108,471
156,600
152,503
157,412
3,636
16,467
16,658
16,674
18,193
186,470
144,36
168,8
178,201
159,20
132,246
194,214
89,69
182,435
14,292
181,437
66,295
9,225
48,197
158,317
17,238
190,356
152,112
190,94
190,297
133,60
197,95
221,183
100,342
185,43
17,85
155,191
185,274
69,215
183,189
228,164
168,175
181,101
221,19
181,167
159,411
27,239
16,760
222,652
47,86
10,396
157,365
21,380
187,107
142,229
162,153
141,377
161,158
124,456
164,293
149,483
189,137
148,172
11,252
28,52
192,190
210,304
191,303
164,257
19,314
87,146
161,171
162,92
27,91
75,382
129,79
11,414
184,185
166,145
183,147
184,265
169,113
185,150
162,7
18,129
163,242
197,26
156,138
222,309
199,477
200,157
225,184
157,41
3,10
189,136
7,254
111,2
37,126
180,154
184,61
74,266
16,3
128,144
222,71
16,128
156,272
189,439
32,178
190,121
187,102
16,643
16,339
28,324
165,83
117,80
13,88
184,296
182,288
156,259
223,6
192,42
156,495
197,232
156,163
163,1
160,366
9,4
181,261
34,29
156,119
156,519
156,289
179,419
164,51
163,48
163,402
184,22
149,54
67,40
187,97
183,333
163,32
53,578
26,602
16,131
156,135
179,57
156,132
157,18
175,14
184,179
192,275
160,349
183,283
27,455
187,481
155,285
189,210
181,59
186,104
160,9
170,263
183,39
157,284
179,220
153,5
186,233
154,264
16,223
187,222
163,398
163,576
16,451
190,231
194,253
93,374
157,16
15,556
10,277
192,367
189,244
189,44
160,114
163,353
160,318
28,90
186,120
163,186
163,523
16,249
189,118
225,68
194,93
156,64
189,404
87,267
156,250
72,310
16,361
172,430
16,177
195,72
156,371
154,78
27,270
181,273
202,31
194,47
157,62
160,17
186,96
149,161
222,74
185,334
163,46
16,156
161,116
161,23
16,75
201,56
183,216
73,326
163,255
180,67
156,37
156,478
192,278
156,159
11,209
181,379
189,200
160,509
189,319
192,235
163,447
222,221
163,228
154,188
156,702
183,49
189,269
160,133
184,87
16,428
161,688
157,581
163,596
150,389
187,655
185,553
223,599
156,549
189,641
156,570
156,124
197,646
163,579
160,388
146,676
189,624
16,678
151,705
119,287
224,482
220,387
16,525
225,491
189,492
189,485
153,558
181,400
206,406
186,416
161,390
16,465
27,665
28,450
198,165
25,322
156,496
156,320
161,170
156,354
160,352
18,431
163,58
163,243
156,340
156,559
160,444
163,609
156,457
161,403
198,507
160,276
16,476
146,38
16,202
156,351
163,355
221,433
186,111
163,109
183,338
156,50
163,182
185,203
16,33
163,386
156,474
156,795
160,701
156,781
156,262
192,792
156,794
25,793
156,770
156,290
161,115
26,524
212,34
156,13
186,21
16,15
156,708
223,797
26,737
26,736
157,180
156,786
189,773
156,745
156,771
183,734
156,709
156,731
151,772
163,251
161,743
157,236
156,748
163,749
156,798
163,787
222,445
156,187
156,217
223,732
223,493
26,566
28,657
222,656
26,454
156,427
26,585
26,535
222,659
156,697
149,149
156,84
156,789
26,321
29,744
26,488
156,106
156,199
28,82
28,751
156,429
222,616
156,785
156,593
156,778
156,469
156,765
221,484
156,738
156,204
207,311
156,733
156,726
225,327
221,729
222,345
156,258
156,730
223,707
161,631
26,768
26,500
26,644
26,791
156,110
156,681
225,166
156,764
222,424
151,757
156,413
26,647
156,784
161,472
225,763
222,776
26,572
28,66
156,53
25,117
156,645
224,70
26,247
26,346
26,181
26,24
156,291
26,421
28,160
