61,667
51,680
15,672
4,649
51,652
62,651
46,634
23,671
38,669
51,660
29,510
46,656
9,631
49,647
56,598
50,594
15,682
33,107
55,515
30,405
40,138
30,474
38,481
6,519
49,507
17,552
49,639
23,646
37,495
25,617
41,553
2,658
51,616
25,527
54,584
61,543
9,535
48,654
47,583
23,558
21,636
34,664
24,608
43,655
30,666
39,653
10,629
23,676
23,599
41,560
1,601
23,358
30,644
30,446
31,678
23,71
48,633
51,588
17,145
24,395
18,234
14,550
61,426
23,485
64,430
19,429
23,374
51,302
61,129
61,308
23,327
23,416
23,82
35,257
23,8
17,52
9,489
58,152
23,143
23,421
43,587
23,612
10,579
30,623
57,565
23,90
42,486
5,600
18,452
23,378
15,534
53,549
9,352
50,195
6,432
61,353
23,454
54,417
15,473
21,546
23,363
20,330
1,216
30,228
23,427
20,491
23,536
52,453
6,410
25,400
45,541
51,334
28,350
42,555
14,595
7,663
23,637
1,650
23,643
23,563
17,657
23,508
33,681
23,662
23,372
47,626
23,404
6,590
23,513
42,465
51,478
23,447
51,246
57,611
17,613
54,554
4,580
23,566
51,529
61,568
23,476
51,597
23,591
17,551
23,521
20,574
34,573
47,562
17,585
13,511
23,537
23,412
53,632
53,592
9,576
9,578
17,610
22,642
23,615
23,487
23,533
23,530
6,497
3,455
13,544
23,556
26,630
23,531
61,456
47,479
12,268
46,517
44,282
29,422
51,444
23,509
39,351
23,218
23,329
51,326
22,420
47,451
13,518
23,461
55,394
50,528
46,437
25,324
21,548
53,213
51,202
14,645
51,624
15,496
23,460
17,226
49,545
23,204
51,356
23,377
60,127
23,270
29,159
23,217
23,73
23,249
23,291
19,449
23,337
17,72
23,40
38,442
23,459
23,64
30,364
23,419
23,101
23,439
9,609
23,577
18,561
17,606
4,684
27,532
30,618
23,538
24,614
23,581
23,525
6,559
23,539
23,540
49,214
23,677
12,635
9,564
23,607
22,596
23,431
23,492
23,665
61,409
51,297
23,406
30,141
23,462
23,340
23,488
23,522
57,418
9,467
56,475
23,307
51,493
30,381
23,296
23,231
23,120
23,285
16,277
17,391
6,56
23,211
30,524
23,122
23,362
54,271
23,498
51,298
23,503
23,247
23,463
29,86
51,441
23,567
23,28
23,283
27,317
23,266
23,506
23,117
23,184
23,433
16,361
23,483
23,336
25,342
23,322
23,345
1,79
23,280
30,241
36,436
23,178
7,259
23,237
23,162
23,132
21,424
53,256
12,411
23,80
47,371
28,97
59,229
63,166
23,390
23,413
61,325
51,526
1,179
10,286
30,457
20,67
29,466
23,490
23,393
18,575
30,369
23,379
61,471
23,176
51,289
23,398
23,253
23,232
23,512
23,621
23,49
23,288
23,240
30,207
51,276
23,320
23,124
23,542
23,458
29,335
51,239
23,469
9,220
23,354
29,105
4,294
23,279
40,375
61,275
30,470
61,435
23,382
23,384
23,401
23,516
23,161
30,263
23,206
23,386
23,316
8,209
51,125
23,258
23,75
23,331
23,370
23,244
11,160
53,198
30,48
23,205
23,248
23,357
23,494
23,200
23,281
23,272
61,168
23,365
23,373
23,151
53,328
23,265
23,119
19,227
23,43
61,60
23,30
4,188
55,110
28,34
23,438
23,287
43,167
23,238
23,434
23,181
48,158
46,41
23,189
44,100
23,299
23,304
30,113
61,389
23,224
23,278
23,501
44,675
19,679
23,619
23,245
23,500
23,480
23,520
61,686
51,640
23,628
23,589
23,502
23,45
23,402
23,104
23,20
30,319
23,53
55,255
23,332
23,355
51,225
23,22
23,292
23,313
23,685
23,368
22,423
23,54
23,84
23,348
25,215
23,586
51,264
23,55
23,338
51,203
23,315
11,482
23,11
23,273
61,174
23,343
59,499
23,66
23,408
23,383
23,468
23,208
23,472
23,146
23,106
23,102
23,314
23,89
23,61
23,221
61,318
23,261
23,210
23,121
19,222
23,144
23,76
23,157
19,149
23,26
23,196
23,59
23,135
11,284
23,260
23,91
30,17
23,194
29,3
23,99
61,235
23,171
23,301
23,445
23,477
23,366
23,47
23,83
23,312
23,115
23,62
23,192
23,183
23,165
23,150
32,37
30,93
30,219
30,13
23,251
54,341
61,236
23,77
23,156
23,155
23,295
23,116
23,359
23,230
23,109
51,163
23,262
23,95
23,128
23,24
23,4
30,223
23,344
23,387
61,137
23,88
23,290
23,118
23,103
23,311
23,51
23,32
23,164
23,68
23,415
23,133
23,175
23,33
23,191
23,254
23,112
23,193
23,243
23,428
23,199
23,269
23,131
23,323
61,440
23,443
23,310
23,58
23,2
23,142
23,514
23,333
23,5
23,339
61,274
23,10
23,360
23,180
23,139
23,16
23,186
23,94
23,108
23,380
23,367
23,153
60,154
61,92
61,190
61,300
23,136
23,35
23,98
23,504
23,267
23,425
23,19
23,185
23,388
61,134
23,250
23,85
23,252
30,15
23,25
23,27
30,14
23,233
23,197
23,38
61,57
23,396
23,126
23,182
23,170
23,39
23,148
23,303
23,78
61,87
61,114
61,130
63,50
23,31
23,44
23,81
23,392
23,638
23,407
23,173
23,399
23,111
23,7
23,172
23,12
23,187
30,397
61,212
23,9
61,23
23,177
23,46
61,346
23,21
61,42
30,147
23,123
23,18
23,293
23,74
23,29
23,140
23,604
23,376
23,622
44,347
23,670
30,523
61,464
23,661
23,321
23,602
23,582
23,96
23,36
61,683
23,69
23,625
23,570
23,448
23,659
23,648
23,414
23,63
23,620
23,385
61,603
23,572
61,593
23,309
23,505
23,484
23,668
23,674
23,547
61,169
23,571
61,242
23,557
23,70
59,641
61,403
30,627
23,349
23,1
23,569
30,201
23,6
23,305
23,673
61,450
23,605
30,306
30,65
