11,89
13,112
14,33
4,49
15,80
2,113
22,41
2,120
4,65
22,81
26,168
1,67
12,76
5,29
18,189
2,104
25,122
6,75
18,23
18,87
25,121
18,96
18,82
1,28
18,140
18,92
18,117
18,272
18,50
25,102
18,148
25,107
18,68
18,162
18,85
25,56
25,98
6,97
2,60
18,146
18,161
18,22
16,235
20,84
18,20
18,95
18,201
25,42
18,79
18,101
25,70
20,69
25,105
25,58
18,78
18,200
18,55
18,115
18,40
18,88
18,209
18,57
18,114
25,34
18,156
18,77
18,47
18,27
18,91
18,93
18,190
4,63
12,45
15,240
18,138
18,66
18,171
18,26
18,46
18,61
18,31
18,90
25,35
18,15
18,59
12,25
18,232
18,271
18,62
18,19
18,71
18,268
18,244
13,247
18,175
18,264
18,133
18,109
1,43
25,127
18,248
18,249
25,254
18,198
18,221
17,218
18,181
25,158
16,233
17,74
25,5
18,106
18,110
18,126
18,267
1,257
18,3
13,94
13,170
18,119
18,183
18,216
24,178
25,202
25,179
17,172
16,2
4,212
25,224
25,118
25,180
20,13
16,73
25,86
9,261
24,30
25,225
18,160
25,154
18,103
9,228
4,37
25,217
24,124
6,153
18,111
25,182
18,83
24,108
4,166
25,32
25,197
25,184
25,164
9,125
18,53
25,36
16,208
20,152
25,236
18,177
18,203
22,219
25,130
9,129
25,187
24,196
18,48
20,173
13,193
18,100
13,17
25,137
9,252
16,147
24,139
25,195
13,151
13,64
13,207
16,188
25,222
13,215
25,234
24,205
6,143
25,211
25,21
18,51
18,54
6,157
4,131
25,255
20,256
25,223
25,134
25,144
16,231
24,199
18,176
18,220
13,270
25,149
20,185
25,210
3,136
25,260
25,167
18,259
24,123
25,262
13,194
6,52
20,214
25,241
13,132
25,204
16,237
25,44
24,169
16,229
25,159
25,10
13,163
25,7
1,239
23,243
25,269
20,266
8,227
24,186
18,145
16,238
25,213
18,191
25,245
20,18
6,38
22,258
18,250
20,230
8,242
21,251
18,246
6,141
8,135
18,165
16,174
16,253
8,265
8,155
25,273
9,1
16,150
25,142
25,192
14,72
7,4
24,9
24,128
12,263
24,206
3,14
16,24
9,226
23,12
19,99
18,116
21,39
24,16
18,8
18,6
10,11
