32,1288
21,1285
21,1229
28,1254
8,1294
28,1290
21,1302
28,1153
21,1242
21,1262
21,1292
21,1102
21,282
21,1185
32,1240
31,998
22,1197
21,1238
30,1300
32,1168
21,1174
21,1187
21,1303
30,1299
21,1210
21,1272
28,1280
8,645
21,1247
8,1271
21,1054
21,1037
21,238
21,613
30,670
30,1156
21,823
21,1189
28,1255
21,757
21,1276
28,1230
33,1307
8,1172
21,946
23,621
21,434
8,913
30,1219
21,685
8,860
21,1209
21,365
21,682
21,1148
21,956
30,1281
32,995
8,509
8,1109
21,636
21,1047
21,540
21,563
21,958
21,438
28,1184
30,405
30,651
21,1231
21,825
30,1139
21,528
21,1146
21,1186
21,1118
30,1092
21,845
21,925
8,1235
23,1130
28,1308
26,1261
21,1068
8,1074
21,700
22,1016
21,619
21,1266
32,921
21,982
28,1232
8,399
21,1076
21,417
8,1282
18,1151
8,1226
21,1287
21,853
30,1142
28,1049
30,379
30,288
25,1056
21,859
11,826
31,794
21,809
21,1190
21,1245
21,915
8,1160
21,1183
30,1202
21,666
29,591
28,1066
21,1220
8,353
30,467
30,616
8,635
21,862
9,833
30,800
21,485
21,1297
30,1257
23,1286
18,1234
8,1104
28,1162
8,1128
28,1216
8,691
8,751
30,448
21,964
21,708
8,866
8,1127
21,1144
14,1256
8,492
8,950
21,1199
21,1289
8,1295
8,1233
21,1277
8,1030
8,469
21,916
8,1205
8,941
8,1243
21,1225
8,345
23,1133
8,999
21,1081
21,1175
21,1293
11,1129
8,626
26,428
24,1201
8,1196
8,1070
8,1181
8,1284
28,1112
8,1131
21,502
21,1006
5,721
8,1000
24,1071
8,819
8,716
8,1055
21,962
27,1249
8,1052
21,1171
8,817
11,1214
21,1163
8,1032
8,326
1,1244
8,1122
8,799
21,523
8,877
8,697
21,1221
21,991
8,840
21,1173
21,1008
2,987
8,850
21,609
8,1278
8,1304
8,1157
30,949
8,801
8,1027
8,1119
8,1192
3,1105
8,1134
20,954
21,740
8,1028
30,977
8,679
8,899
8,208
8,297
24,906
8,805
8,765
8,934
8,1298
8,1296
21,1283
8,1301
8,1218
8,1228
8,544
8,161
8,1269
8,404
8,1018
21,886
28,611
8,443
8,959
8,1085
8,253
8,667
8,473
8,450
24,695
8,402
16,287
6,378
8,994
8,856
8,764
8,1087
8,1200
24,974
8,1147
8,930
8,631
8,1136
8,503
8,989
3,1023
8,815
8,1079
8,565
8,696
8,1152
30,975
8,1115
30,615
8,213
8,923
8,1050
8,395
8,1126
8,846
8,649
8,795
8,888
8,488
8,658
3,955
8,1239
8,1159
8,430
8,790
8,785
8,908
8,1241
8,383
8,1179
30,1188
8,1265
8,1258
8,984
8,1259
21,966
8,1203
8,706
21,1215
8,358
8,420
8,269
8,1043
8,919
8,1260
8,842
8,1044
8,654
1,407
8,1161
8,1072
8,331
8,185
8,477
8,394
21,910
8,603
24,396
8,624
8,577
8,735
8,699
8,980
8,914
8,607
8,971
8,324
8,836
8,944
8,802
8,755
8,928
8,715
21,1264
8,907
8,876
8,376
8,347
8,789
8,644
8,262
8,855
8,1154
8,705
8,1208
8,496
23,804
8,546
8,837
8,472
8,986
8,922
8,191
8,527
8,869
8,1073
8,236
8,254
8,759
8,973
8,320
8,357
8,549
8,798
8,863
8,676
8,532
11,316
8,444
8,895
21,838
12,688
8,243
5,662
8,366
8,988
8,215
8,1213
8,196
8,743
8,811
8,929
8,1123
8,1251
8,1270
8,604
8,981
8,722
8,963
8,1064
8,589
8,612
8,260
8,879
8,766
8,709
8,848
8,871
8,359
21,704
8,1167
8,1275
8,285
8,873
8,717
8,841
8,887
8,844
8,750
8,573
8,1077
8,538
8,812
8,931
8,594
8,1042
8,961
8,1057
8,336
8,632
8,249
8,574
8,1108
8,672
8,690
8,281
8,517
8,1021
8,1113
8,1191
8,1031
8,227
8,657
8,470
8,880
8,550
8,1083
8,1060
8,1194
8,1029
8,481
8,633
8,306
8,322
8,211
8,200
8,233
8,997
8,720
8,882
8,872
8,454
8,1124
30,663
8,1125
8,386
8,1279
8,978
8,1088
8,1141
8,453
8,1069
8,1250
8,380
8,1114
8,990
8,421
8,835
8,414
8,768
8,425
8,1246
8,1204
8,828
8,427
8,409
8,293
8,1001
8,460
8,356
8,1022
8,1003
24,993
30,1039
8,489
8,1010
8,520
8,796
8,329
21,1035
8,936
8,1099
8,767
8,983
8,318
8,729
8,397
8,752
8,687
8,1166
10,596
8,665
8,1121
8,1143
8,1075
8,1004
8,948
8,511
8,683
8,255
8,436
8,373
8,889
8,1135
8,480
8,821
8,622
32,728
8,416
8,967
8,1007
8,553
8,385
8,985
8,992
8,661
8,308
8,924
8,1116
8,797
8,733
8,564
8,774
8,1101
8,1176
8,419
8,222
8,300
8,363
8,898
8,338
8,829
8,507
8,1094
21,1137
8,933
8,599
24,937
8,656
8,461
8,225
8,491
8,277
8,1082
8,1045
8,874
8,1117
8,839
8,583
8,598
8,263
8,458
8,452
8,852
8,832
17,465
8,1053
8,957
8,1089
8,1149
8,335
8,951
21,769
8,431
8,814
21,782
8,349
8,433
8,628
8,266
21,398
8,142
8,157
8,680
8,593
8,432
8,555
8,343
8,578
8,568
8,515
8,572
8,466
8,439
8,793
8,206
8,543
8,271
8,435
8,370
8,242
8,235
8,352
8,602
8,518
8,557
8,146
8,938
8,451
8,884
21,508
8,495
8,777
8,423
8,671
8,120
8,145
8,762
8,745
8,711
8,702
8,810
8,1120
11,1046
8,1274
21,585
13,442
8,625
8,710
8,181
8,367
8,1180
8,787
8,1267
8,707
8,426
8,854
8,1019
8,415
8,581
8,535
8,344
8,1236
8,446
11,664
8,668
17,960
8,818
8,311
8,784
8,1038
8,1017
8,917
8,1111
8,1103
8,1252
8,552
8,542
8,1065
8,834
8,1150
8,1106
8,736
8,1014
8,703
8,808
8,422
8,355
8,806
8,424
8,1158
8,1237
8,516
8,279
8,510
8,659
8,410
8,412
8,501
8,223
8,372
8,524
8,459
8,342
8,730
8,878
8,497
8,827
8,1012
8,561
8,1227
8,234
8,533
8,483
8,783
8,776
8,1090
8,1178
8,775
8,259
8,870
8,830
8,570
8,713
8,327
8,1061
8,996
8,1140
8,885
8,881
8,362
8,559
8,674
8,820
8,911
8,935
8,901
8,1212
8,970
8,280
21,1051
8,525
8,1211
8,1005
8,296
8,354
8,478
8,246
8,900
8,113
8,560
8,303
8,732
8,307
8,231
8,455
8,731
8,861
30,726
8,1020
8,788
8,1198
8,298
8,779
8,610
8,953
8,851
8,1011
8,479
8,1132
8,725
8,675
21,447
8,741
8,896
8,1086
8,150
8,237
8,401
8,531
8,512
8,694
8,268
8,361
8,244
8,494
8,382
8,325
8,608
8,1033
8,539
8,332
8,758
8,292
8,218
8,229
8,152
8,718
8,575
8,723
8,673
8,772
8,341
8,681
8,927
8,778
8,754
8,1067
8,1138
8,1059
8,647
8,413
8,567
8,232
8,822
8,920
8,791
8,1080
8,351
8,639
8,744
8,623
8,945
8,640
8,1025
8,875
8,334
8,617
8,348
8,712
8,317
8,556
8,1096
8,1110
8,1155
8,698
8,943
8,952
8,1002
8,387
8,883
8,1036
8,865
8,734
8,1164
8,748
8,1058
8,212
8,660
8,1224
8,475
8,456
8,346
8,701
8,780
8,390
8,267
8,595
8,505
8,641
8,605
8,600
8,597
8,286
8,646
8,500
8,620
8,965
8,193
8,289
8,388
8,562
8,643
8,807
8,771
8,739
8,669
8,763
8,571
8,693
23,918
8,530
8,304
8,381
8,498
8,278
8,137
8,868
8,727
8,677
8,369
8,590
8,947
8,197
8,159
8,642
8,537
8,847
8,686
8,894
8,592
8,714
8,513
8,514
8,295
8,174
15,1024
8,1026
8,968
8,719
8,283
8,265
8,339
11,761
8,309
8,749
8,738
8,153
8,411
28,313
8,892
8,566
8,134
8,781
8,301
8,258
8,226
8,241
8,652
8,857
8,123
8,1009
8,178
8,59
8,476
8,1040
8,391
8,93
8,190
8,330
8,1177
8,891
8,471
8,172
8,1182
8,792
8,221
8,692
8,1195
8,1034
8,291
8,770
8,678
8,1098
8,773
30,1015
8,909
8,554
23,547
8,1100
8,449
8,932
8,586
8,526
8,482
8,429
8,1165
8,207
8,315
8,418
8,979
8,580
8,558
8,653
8,905
8,601
8,490
8,210
8,545
8,276
8,1091
8,393
8,171
8,831
8,522
8,333
8,816
8,893
19,541
8,389
8,618
8,536
13,684
8,824
8,484
8,637
8,867
8,519
8,323
8,360
8,474
8,1248
8,228
8,310
8,182
8,529
8,849
8,813
8,588
8,926
8,499
8,305
8,843
8,1169
8,441
8,368
8,194
8,655
8,437
8,1084
8,290
8,753
8,340
8,912
8,141
8,256
8,1253
8,1305
8,1291
28,1306
8,274
8,400
8,204
8,273
8,468
8,638
8,445
8,904
8,786
8,384
8,803
8,314
8,689
8,737
8,760
8,408
8,364
8,534
8,187
8,902
8,747
8,1041
8,587
8,275
8,1063
8,634
8,746
8,464
8,1273
8,440
8,247
8,462
8,406
8,582
20,169
8,858
8,1097
8,245
8,1268
8,1223
8,1062
8,252
8,220
8,132
8,940
8,149
8,463
8,969
8,506
8,1217
8,261
8,96
8,156
8,328
8,155
8,60
8,30
8,5
8,51
8,80
8,180
8,98
8,166
8,44
11,28
8,85
8,48
8,392
8,170
8,136
8,606
8,1312
8,1309
8,1310
8,1316
8,1314
8,1315
8,1313
8,1319
32,1318
8,125
23,504
8,371
8,648
8,627
8,165
8,897
8,107
8,188
8,1078
8,375
8,264
8,284
21,214
8,1193
8,1206
8,1263
8,312
8,192
8,203
8,177
8,377
8,251
8,976
8,630
8,144
8,250
8,890
8,650
8,569
8,199
8,202
8,201
8,164
8,50
8,205
8,95
8,576
8,579
8,1207
8,124
8,614
8,175
8,139
8,374
8,52
8,23
8,13
8,65
8,756
8,61
24,84
8,109
8,162
8,54
8,14
8,7
8,1325
8,25
8,47
8,76
8,34
8,319
8,1170
8,186
8,128
8,148
8,493
8,112
8,32
8,403
8,195
8,33
8,127
8,1330
8,22
21,45
8,1321
8,3
8,29
8,119
8,176
8,299
8,147
8,63
8,548
8,183
8,217
8,198
8,111
8,37
8,55
8,75
8,73
8,41
8,38
8,1335
8,1320
8,189
4,66
8,1329
8,86
8,143
8,2
8,12
8,26
8,163
8,79
8,91
8,106
8,31
8,18
4,62
21,40
8,230
8,78
8,151
8,64
8,89
8,74
8,629
8,584
8,1327
8,1328
8,100
8,116
8,53
8,140
28,71
8,158
8,1107
8,239
8,56
8,88
8,724
8,302
8,94
8,337
8,11
8,1334
8,1324
8,99
8,114
8,10
8,9
8,21
8,1331
8,70
8,154
8,110
8,87
8,17
8,224
8,168
8,486
8,321
8,551
8,1145
8,179
8,248
8,257
8,81
8,1095
8,160
8,864
8,350
8,130
8,46
8,942
1,131
8,97
8,972
8,1048
8,216
8,105
8,939
8,272
8,209
8,487
8,270
8,103
8,138
8,36
8,49
8,1311
8,69
8,57
8,101
8,219
8,77
8,72
8,121
8,35
8,122
8,19
8,457
8,294
8,24
8,115
8,104
8,126
8,68
8,742
8,129
8,20
8,15
8,1333
8,90
8,1323
8,58
8,1326
8,1336
8,1
8,1093
8,521
7,16
7,108
30,43
7,42
7,173
7,133
7,4
7,240
28,135
7,118
7,82
21,92
21,1332
28,1222
32,1013
21,39
21,67
32,6
21,27
21,1317
21,903
21,1322
21,102
28,8
32,117
21,167
21,83
32,184
