49,833
37,565
107,831
55,845
80,640
128,769
103,767
37,682
37,739
25,713
24,797
35,832
113,732
59,762
80,691
32,642
37,756
131,795
37,367
101,711
2,776
80,810
49,671
54,607
121,747
96,822
31,318
80,494
134,669
23,853
30,847
41,818
49,751
93,114
125,687
66,793
134,731
130,608
14,559
15,645
42,707
42,353
48,839
75,771
122,543
80,750
76,723
37,322
44,689
102,763
41,817
108,714
48,709
65,802
37,676
44,746
90,653
118,598
37,573
99,184
64,748
130,179
10,782
70,638
32,675
44,571
44,761
35,579
134,595
80,485
112,304
95,646
96,719
120,778
130,619
114,672
97,615
109,734
48,555
130,764
35,774
53,848
80,668
80,677
124,216
53,212
17,695
60,685
121,305
35,820
89,605
43,686
47,826
37,787
112,841
112,789
80,825
62,819
80,840
21,704
66,416
110,792
130,850
67,829
54,575
59,790
98,712
80,814
37,737
44,740
53,532
55,170
130,568
37,588
131,48
36,550
55,566
37,754
98,547
80,843
43,718
42,725
68,816
116,849
81,806
42,661
45,842
47,437
119,824
31,429
37,652
34,462
35,259
42,518
117,94
35,524
69,19
46,109
96,479
63,478
41,567
44,9
127,326
38,246
128,604
15,618
49,692
132,226
33,422
79,558
133,766
80,267
114,639
85,445
126,800
109,17
80,378
110,727
31,418
58,770
44,328
135,706
64,384
136,374
48,253
80,643
37,234
70,345
36,854
37,670
51,830
27,59
44,131
104,681
11,745
91,852
120,696
80,834
37,779
45,773
80,637
15,708
106,610
37,683
40,512
4,557
38,520
47,654
56,625
44,611
94,626
80,499
41,563
94,393
72,634
114,587
80,589
135,651
36,535
100,562
80,678
113,743
51,585
112,757
130,622
78,788
28,693
49,530
34,118
92,442
59,702
37,703
47,721
41,541
51,656
37,755
8,684
51,781
26,516
75,627
42,644
35,722
132,453
109,522
31,255
37,556
52,423
53,657
35,796
77,837
49,309
70,443
42,600
37,552
87,803
44,738
38,597
67,663
116,617
57,574
72,635
47,591
118,649
61,716
115,705
37,623
72,780
80,641
37,760
72,694
9,580
72,724
37,630
131,458
37,799
54,648
44,759
108,658
37,667
54,477
125,504
15,551
41,592
55,741
36,513
35,472
37,544
49,596
124,459
43,469
45,167
30,444
80,515
125,377
73,338
35,2
80,8
72,435
35,295
54,528
96,401
112,386
36,380
114,534
74,385
80,249
86,55
5,381
31,427
49,483
52,362
1,388
42,390
134,475
37,317
47,144
55,468
70,237
19,187
70,484
66,315
49,449
44,564
37,726
37,465
42,481
67,599
44,700
37,578
88,620
49,323
72,749
45,583
80,116
38,577
66,594
38,768
37,394
51,343
108,169
3,433
37,329
36,344
55,199
16,744
37,283
41,398
37,265
36,506
35,222
53,519
29,655
53,81
69,440
44,375
81,349
71,330
37,526
112,498
67,662
54,650
6,493
36,432
36,266
37,365
49,276
50,12
41,136
35,229
111,68
10,368
53,90
37,133
53,476
53,364
68,537
40,279
67,402
54,209
121,132
22,141
37,348
13,400
35,570
35,614
44,680
37,542
35,452
15,51
124,32
72,193
105,715
74,511
37,593
35,752
114,473
37,569
37,601
98,492
37,502
37,501
112,404
112,327
37,730
37,728
37,697
49,572
37,447
25,391
37,436
41,497
47,742
37,508
36,673
108,772
80,699
108,688
36,733
47,586
41,431
37,603
39,500
52,523
41,214
124,263
44,576
80,293
123,42
112,306
12,439
114,221
83,126
44,122
123,41
44,134
37,233
112,92
37,121
80,270
53,357
11,185
37,56
37,448
18,303
126,514
112,308
37,406
72,335
37,49
52,257
41,609
35,415
36,236
125,584
37,67
41,366
37,482
112,66
42,142
35,710
53,173
37,110
37,190
37,161
37,413
125,127
41,180
44,271
36,313
80,138
124,546
41,290
37,147
114,231
115,23
51,631
112,616
37,488
37,346
123,208
51,521
37,268
54,387
11,33
36,1
53,302
53,311
38,347
37,213
137,93
123,392
37,399
41,296
114,549
38,128
35,188
37,529
37,242
37,53
53,79
36,165
44,43
37,403
38,621
37,430
15,582
122,495
49,227
112,505
129,291
82,525
41,503
35,679
37,456
52,215
125,218
41,461
35,171
37,319
41,203
41,517
41,420
51,510
37,355
52,333
36,331
81,467
41,86
112,735
53,82
41,480
37,613
37,647
44,354
37,466
37,441
53,228
37,111
35,352
37,341
49,359
37,463
41,105
37,260
52,24
35,256
119,280
37,324
47,264
37,117
80,112
37,297
106,4
37,240
37,189
81,160
35,106
112,14
80,211
124,88
37,27
41,130
37,289
37,159
106,225
49,31
37,272
72,16
47,65
37,149
37,332
37,207
82,172
111,219
37,244
37,561
37,312
37,241
37,252
10,247
72,278
37,371
37,250
36,548
37,428
37,195
37,275
37,64
41,232
41,300
37,168
41,298
37,337
37,307
37,358
41,238
36,104
36,340
37,101
37,36
123,301
52,316
36,334
44,137
37,123
41,356
37,61
37,163
37,54
12,140
37,98
37,44
41,220
36,47
37,285
37,373
37,230
37,206
36,784
37,855
41,539
112,861
41,28
37,808
37,720
10,450
37,46
37,851
44,785
37,99
37,181
80,152
53,108
41,97
37,277
49,192
37,813
37,70
37,5
36,22
52,659
37,857
37,660
80,15
37,859
37,166
37,314
20,178
10,828
37,83
49,407
80,248
112,197
37,273
37,201
112,531
37,860
37,157
37,396
37,120
37,821
37,701
37,286
37,805
37,777
37,823
53,632
37,612
37,84
35,419
37,674
37,624
37,815
37,336
35,125
37,858
37,507
37,801
80,835
80,536
37,758
35,698
37,150
126,553
84,491
124,412
37,665
37,287
37,154
37,235
37,310
37,91
41,451
80,269
37,540
37,666
37,85
37,405
51,370
41,460
37,581
37,471
37,414
37,408
37,274
37,446
37,496
41,261
37,434
114,35
37,25
37,360
37,89
37,45
37,487
37,177
41,74
79,425
41,664
36,155
80,143
37,129
37,527
37,58
37,243
37,145
37,6
37,490
37,113
44,75
37,103
37,38
37,62
37,80
41,205
37,18
11,254
37,115
37,148
80,223
37,151
37,37
37,294
37,29
37,69
36,198
37,162
41,164
4,489
41,636
37,383
37,282
41,438
37,602
53,633
7,95
37,417
37,409
37,204
37,538
37,509
41,71
37,457
36,382
37,426
37,339
37,96
37,350
36,554
37,690
37,76
41,411
8,376
37,196
37,284
37,474
37,454
81,153
37,202
37,13
37,124
37,239
37,245
37,455
10,135
37,52
37,258
36,320
37,397
37,395
37,224
41,156
37,78
37,158
1,102
37,183
80,545
37,533
37,3
37,372
37,174
37,7
9,50
80,379
80,107
16,119
37,60
37,20
37,200
37,470
5,26
37,73
37,139
25,281
37,191
37,194
37,72
19,77
37,34
37,210
81,176
37,57
37,606
13,838
80,836
37,560
6,765
80,351
12,63
37,844
11,629
15,811
80,421
37,464
80,827
37,717
37,175
37,809
37,410
37,590
80,846
37,363
80,804
37,783
37,251
37,39
11,486
80,856
37,40
37,182
37,812
37,369
37,146
37,262
81,342
10,807
37,736
10,217
37,753
37,791
37,288
37,786
37,325
10,87
37,424
12,729
37,186
37,299
37,798
37,628
80,100
37,321
37,21
37,775
80,292
15,10
80,794
81,389
80,30
80,361
80,11
