1,1206
7,1208
7,1210
7,1064
7,1219
1,1236
7,703
7,1232
7,1207
6,1157
4,1199
1,1082
6,1112
7,1212
6,1095
5,889
7,1144
4,1227
6,876
6,1118
7,1005
6,954
6,1089
7,1042
7,561
7,1087
7,591
6,1223
2,1139
6,928
1,1222
1,908
6,784
4,1077
6,891
6,1056
6,912
1,1228
6,1215
6,655
2,946
6,970
6,996
6,532
6,581
1,485
7,722
1,751
5,829
6,1192
7,1194
6,514
6,831
6,1197
6,633
6,967
7,500
6,1030
5,952
1,386
6,1221
5,880
6,1032
6,1166
6,1001
6,697
4,1133
5,659
6,993
7,1163
6,1196
7,1053
6,520
6,978
6,1204
6,1147
2,798
6,981
7,1101
5,850
6,1060
5,1153
5,1079
6,1195
6,1022
6,1010
5,1205
6,1116
6,636
1,701
6,1052
6,927
6,602
6,522
6,1094
1,853
6,351
6,745
6,811
5,1067
5,583
6,772
6,1086
6,863
6,716
2,564
2,385
6,816
6,725
6,580
6,1231
6,1176
2,882
7,411
6,660
4,920
6,913
5,374
2,288
7,631
6,683
7,393
5,518
6,621
6,400
6,577
6,1046
6,667
6,1114
6,554
6,456
7,723
5,720
5,953
2,959
5,1122
6,937
6,1058
6,543
6,982
6,578
2,791
6,511
7,1049
4,740
5,1098
2,692
4,727
6,593
7,427
6,415
6,493
7,430
2,1115
4,841
6,1031
6,919
2,861
5,1217
1,1224
6,1161
1,773
6,823
6,565
6,626
4,1120
6,991
6,979
6,1076
6,1182
6,526
6,1008
6,894
6,830
6,969
6,947
6,999
6,1105
6,704
6,512
6,428
5,612
6,486
6,744
6,1132
6,466
6,842
6,980
6,1063
6,817
5,1029
6,775
6,568
6,681
6,730
3,781
6,851
6,1068
6,762
6,608
11,729
6,690
6,1141
6,944
4,767
6,611
5,930
6,1016
6,549
6,1121
6,609
6,790
6,865
6,825
6,1143
6,1047
6,845
6,984
6,1119
6,888
6,590
6,843
6,708
6,641
6,685
1,574
6,1211
6,1225
6,642
6,1198
6,1202
6,1226
7,698
6,972
4,1051
6,1156
4,1184
6,837
5,684
6,1177
6,713
6,1229
6,1164
4,1126
6,801
6,924
6,917
6,1216
6,1235
6,1218
6,1158
6,872
6,1209
6,1185
6,1136
6,916
6,1017
6,1234
6,1138
7,1036
6,1104
6,1220
4,709
6,1175
6,800
6,1088
6,921
5,584
4,465
6,1146
4,1169
6,918
6,962
6,1142
6,788
6,1055
6,1129
6,765
6,1128
6,802
5,629
6,777
5,1075
6,1018
6,669
6,896
6,824
6,938
6,529
6,388
6,792
6,854
6,535
7,1069
5,878
6,1180
6,810
6,1170
6,1171
6,285
6,915
6,1151
6,1092
6,652
4,1154
6,1168
6,334
6,1173
1,645
6,412
6,657
6,846
6,503
2,995
6,318
6,866
6,1109
6,983
1,910
6,1125
6,809
6,1145
6,625
6,505
5,732
6,1004
6,771
6,968
6,1024
6,855
6,956
6,743
6,1083
6,1045
6,1131
6,640
5,933
6,524
6,1165
6,1000
6,760
6,1174
6,617
6,1187
2,955
6,884
6,904
6,1048
6,752
6,844
6,536
6,632
6,1044
6,1200
5,587
6,1034
6,828
4,1123
1,717
6,813
6,869
6,974
6,1003
6,840
6,1090
6,1135
6,1084
6,769
1,1040
7,964
6,502
6,1021
6,1106
6,754
6,1006
9,1113
2,966
6,832
6,594
6,682
6,691
6,618
6,1137
6,1189
6,1002
6,712
6,1213
6,793
6,961
6,895
6,1230
6,1214
6,677
6,348
6,1178
6,936
5,934
6,932
6,1188
6,395
6,734
4,1152
6,1111
6,997
4,1043
6,758
1,906
6,676
6,903
6,646
6,1148
6,925
6,668
6,1071
6,949
6,1140
6,540
6,875
6,322
5,735
6,747
6,544
6,390
7,1097
6,1183
6,569
6,941
6,702
10,893
6,582
1,647
6,1059
6,1134
6,768
6,960
6,858
6,929
4,990
6,672
6,1130
6,1020
6,864
6,551
6,282
6,601
6,886
6,513
6,449
6,1110
6,623
6,988
6,779
6,736
5,572
6,1124
6,320
6,586
6,275
6,384
6,812
6,592
5,635
6,380
6,1167
6,1062
6,746
6,883
2,1033
5,506
6,958
6,852
6,976
6,494
6,562
6,497
6,898
6,527
6,870
9,731
6,530
5,787
6,987
7,794
6,897
6,573
6,1093
6,733
6,689
6,403
6,501
5,822
6,1054
6,902
6,821
6,627
6,662
6,780
6,671
6,710
6,445
6,839
6,539
6,566
6,1023
6,948
6,1149
6,877
6,686
6,890
6,867
6,911
6,885
6,776
6,973
5,1014
6,1091
6,1072
6,567
6,1028
6,1027
6,1080
6,498
1,695
6,600
6,940
6,488
6,496
6,558
6,556
6,408
6,432
6,439
6,437
6,674
6,795
6,1057
6,1150
6,579
6,576
6,738
6,441
6,422
6,198
6,93
6,95
6,286
6,489
6,257
6,157
6,236
6,311
6,477
6,806
6,696
6,610
6,994
5,724
6,458
6,860
6,596
6,1099
6,785
6,820
6,1009
6,504
6,1107
6,835
6,826
6,805
6,679
6,656
6,763
6,541
6,721
6,1061
6,418
6,650
6,753
6,649
6,766
6,874
6,750
6,922
6,957
6,783
6,926
6,807
6,1085
6,899
6,847
6,943
6,1100
6,986
6,670
6,764
6,654
6,510
6,665
6,818
6,387
6,862
6,588
6,658
6,827
6,310
6,375
6,680
6,394
6,223
6,1038
6,571
6,705
6,473
6,247
6,749
6,620
6,129
6,86
6,232
6,280
6,315
6,484
6,675
6,538
6,545
6,459
6,302
6,172
6,255
5,343
6,434
6,333
6,1015
6,585
6,971
6,546
6,859
6,624
6,507
6,266
6,209
6,349
1,219
6,517
6,443
6,435
6,292
6,104
6,354
6,552
1,542
6,164
6,214
6,188
6,151
6,297
6,347
6,737
6,550
6,416
6,848
6,360
1,371
6,598
6,352
5,267
6,338
6,128
6,433
6,487
6,834
6,296
6,871
6,977
6,799
6,856
6,1041
6,1073
6,475
6,139
6,833
6,401
6,1070
6,350
6,604
6,321
8,471
6,85
6,98
6,312
6,189
6,234
6,242
6,560
6,190
6,367
6,357
6,225
11,206
6,238
6,328
6,180
6,341
6,589
6,362
6,303
6,379
6,460
6,84
6,246
8,261
6,326
6,786
6,638
6,1103
6,256
6,942
5,814
6,399
6,548
6,218
6,173
6,193
6,141
6,143
6,279
6,277
6,78
6,63
6,313
6,363
6,105
6,472
6,220
6,688
6,605
6,323
6,421
6,1162
6,442
6,905
6,426
6,91
6,797
6,452
6,366
6,340
6,892
6,719
6,327
6,1190
6,998
6,228
6,224
6,210
6,254
6,339
6,474
6,715
6,270
6,121
6,213
6,186
6,289
6,202
6,290
6,252
6,378
6,112
6,308
6,156
6,273
6,836
1,1096
6,204
6,230
6,265
6,65
6,881
6,229
6,448
6,163
6,222
6,97
6,171
6,89
6,755
6,69
5,335
6,88
6,678
6,287
6,241
6,179
6,127
6,140
6,276
6,212
6,203
6,492
6,200
6,476
6,92
6,353
6,547
6,165
6,262
6,317
6,570
6,192
6,184
6,531
6,615
6,653
2,346
6,796
6,329
6,324
6,849
6,240
6,300
6,248
6,417
6,306
6,344
6,634
6,185
6,616
6,307
6,707
6,178
6,301
6,628
6,243
6,939
6,907
6,450
6,409
6,414
6,272
6,161
6,446
6,482
6,1159
6,706
6,253
6,264
6,490
6,951
6,603
6,423
6,398
6,413
6,1127
6,613
6,365
9,444
6,463
6,170
6,259
6,274
6,137
6,94
6,174
6,169
6,71
6,64
6,258
6,516
6,382
6,183
6,208
11,480
6,108
6,138
6,838
6,368
6,700
5,176
6,103
6,249
6,109
6,250
6,117
6,742
6,931
6,131
6,373
6,110
6,130
6,56
6,211
6,99
6,464
6,694
6,757
6,1155
6,1026
6,756
6,1025
6,622
6,1035
6,714
6,639
6,356
6,759
6,316
6,396
5,607
6,1181
6,739
6,559
6,533
6,1108
6,508
6,521
6,644
6,761
6,1065
6,619
6,331
6,661
2,606
6,168
6,455
6,614
6,741
6,555
6,406
6,782
6,525
6,519
6,726
6,963
11,231
6,693
6,673
6,804
6,1037
6,914
6,453
6,534
6,381
6,563
6,391
6,372
6,770
6,597
6,803
6,887
6,965
6,748
6,945
6,553
6,336
6,425
6,778
6,528
6,819
6,537
6,1201
6,1012
6,1013
6,950
6,451
6,599
6,278
6,495
6,637
6,728
6,361
6,467
6,901
6,330
6,197
6,975
6,1039
6,1203
6,461
6,868
6,1233
6,342
6,293
6,575
2,1019
6,291
6,181
6,195
6,111
6,216
6,251
5,648
6,436
6,457
6,364
6,470
6,392
6,808
6,478
6,900
6,389
6,1007
6,1172
6,1193
6,36
6,66
6,13
6,74
6,37
6,124
8,35
6,58
6,22
6,177
6,75
6,30
6,45
6,39
6,43
6,53
6,115
6,664
6,125
6,199
6,40
6,73
6,15
6,989
6,61
6,23
6,33
6,383
6,299
6,19
6,20
6,28
6,10
6,50
6,42
6,52
6,55
6,102
6,404
6,284
6,447
6,126
6,215
6,76
6,245
2,175
6,440
6,595
6,410
6,509
6,217
6,44
6,149
6,1066
6,304
6,499
6,332
6,298
6,194
6,227
6,419
6,1186
6,1078
6,167
6,54
6,152
6,187
6,221
6,81
5,1081
6,233
6,114
6,260
6,57
6,483
6,150
6,294
6,370
6,24
6,132
6,3
6,144
6,5
6,7
6,1237
6,9
6,4
6,70
6,2
6,79
6,153
6,14
6,72
6,25
6,8
6,21
6,26
9,51
6,17
6,1238
6,47
6,27
6,424
6,120
6,122
6,134
6,789
6,909
6,397
6,182
6,481
6,630
4,454
6,100
6,101
6,283
6,133
6,207
6,59
6,239
6,268
6,159
6,281
6,62
6,337
6,49
6,718
6,83
6,118
6,191
6,16
6,491
6,146
6,87
6,469
6,123
6,82
6,515
6,80
6,557
6,68
6,295
6,1191
6,879
6,666
6,325
6,992
6,420
6,462
6,1074
6,355
6,136
6,358
6,269
6,67
4,271
6,1117
6,1160
6,438
6,244
6,11
6,18
6,235
6,155
6,237
6,305
6,402
6,116
6,148
6,263
6,34
6,145
6,166
6,205
8,405
6,41
6,985
6,107
6,154
6,923
6,314
6,345
6,113
6,158
6,815
6,142
5,77
6,468
6,377
6,135
6,119
6,29
6,106
6,147
6,1050
6,196
6,1102
6,857
6,479
6,376
6,1179
6,1011
6,687
6,711
6,429
6,699
6,935
6,201
6,873
6,319
6,60
6,162
6,651
6,90
6,369
6,663
6,309
6,643
6,523
6,160
6,48
6,407
6,774
6,226
6,38
6,6
6,359
6,431
6,12
6,32
6,1
6,46
7,31
7,96
