77,1288
46,1285
46,1229
63,1254
13,1294
64,1290
46,1302
65,1153
44,1242
44,1262
44,1292
46,1102
46,282
46,1185
76,1240
74,998
50,1197
46,1238
72,1300
76,1168
44,1174
46,1187
46,1303
72,1299
46,1210
46,1272
64,1280
13,645
46,1247
13,1271
46,1054
46,1037
46,238
46,613
70,670
67,1156
46,823
46,1189
64,1255
46,757
46,1276
63,1230
78,1307
13,1172
46,946
54,621
46,434
13,913
67,1219
46,685
13,860
46,1209
46,365
46,682
46,1148
45,956
67,1281
75,995
19,509
13,1109
46,636
46,1047
46,540
46,563
46,958
46,438
64,1184
71,405
67,651
44,1231
45,825
68,1139
46,528
46,1146
46,1186
46,1118
67,1092
46,845
46,925
13,1235
52,1130
63,1308
60,1261
46,1068
13,1074
46,700
51,1016
45,619
46,1266
76,921
46,982
63,1232
19,399
45,1076
46,417
13,1282
40,1151
13,1226
44,1287
46,853
67,1142
65,1049
67,379
72,288
59,1056
46,859
29,826
74,794
46,809
48,1190
46,1245
46,915
19,1160
44,1183
72,1202
46,666
66,591
63,1066
46,1220
19,353
69,467
72,616
19,635
46,862
25,833
71,800
46,485
46,1297
73,1257
53,1286
40,1234
17,1104
63,1162
19,1128
63,1216
14,691
19,751
67,448
46,964
46,708
19,866
19,1127
46,1144
35,1256
19,492
19,950
46,1199
46,1289
15,1295
19,1233
46,1277
19,1030
19,469
49,916
13,1205
13,941
19,1243
45,1225
19,345
52,1133
19,999
46,1081
46,1175
46,1293
27,1129
13,626
61,428
56,1201
20,1196
13,1070
19,1181
19,1284
63,1112
19,1131
46,502
46,1006
10,721
19,1000
56,1071
13,819
19,716
19,1055
46,962
62,1249
19,1052
46,1171
19,817
30,1214
46,1163
19,1032
19,326
3,1244
19,1122
19,799
46,523
19,877
19,697
46,1221
46,991
19,840
46,1173
46,1008
4,987
19,850
46,609
19,1278
19,1304
19,1157
67,949
19,801
19,1027
19,1119
19,1192
6,1105
19,1134
42,954
46,740
19,1028
67,977
16,679
19,899
19,208
19,297
56,906
19,805
19,765
19,934
19,1298
19,1296
46,1283
19,1301
19,1218
19,1228
19,544
19,161
19,1269
19,404
19,1018
45,886
63,611
19,443
19,959
19,1085
19,253
18,667
19,473
19,450
57,695
19,402
37,287
11,378
16,994
19,856
19,764
19,1087
19,1200
58,974
19,1147
19,930
19,631
22,1136
19,503
19,989
5,1023
19,815
19,1079
19,565
19,696
19,1152
67,975
19,1115
67,615
19,213
19,923
19,1050
19,395
19,1126
19,846
19,649
19,795
19,888
19,488
19,658
5,955
19,1239
19,1159
19,430
19,790
19,785
19,908
19,1241
19,383
19,1179
72,1188
19,1265
19,1258
19,984
19,1259
46,966
19,1203
19,706
45,1215
19,358
19,420
19,269
19,1043
19,919
19,1260
19,842
19,1044
19,654
1,407
19,1161
19,1072
19,331
19,185
19,477
19,394
46,910
19,603
56,396
19,624
19,577
19,735
19,699
19,980
19,914
13,607
19,971
19,324
19,836
19,944
19,802
19,755
19,928
19,715
47,1264
19,907
19,876
19,376
19,347
19,789
19,644
19,262
19,855
19,1154
19,705
19,1208
19,496
52,804
19,546
19,837
19,472
19,986
19,922
19,191
19,527
19,869
19,1073
19,236
19,254
19,759
19,973
19,320
19,357
19,549
19,798
19,863
19,676
19,532
27,316
19,444
19,895
46,838
32,688
19,243
9,662
19,366
19,988
19,215
19,1213
19,196
19,743
19,811
19,929
19,1123
19,1251
19,1270
19,604
19,981
19,722
13,963
19,1064
19,589
19,612
19,260
19,879
19,766
19,709
19,848
19,871
19,359
46,704
19,1167
19,1275
19,285
19,873
19,717
19,841
19,887
19,844
19,750
19,573
19,1077
19,538
19,812
19,931
19,594
19,1042
19,961
19,1057
19,336
19,632
19,249
19,574
19,1108
19,672
19,690
19,281
19,517
19,1021
19,1113
19,1191
19,1031
19,227
19,657
19,470
19,880
19,550
19,1083
19,1060
19,1194
19,1029
19,481
19,633
19,306
19,322
19,211
19,200
19,233
19,997
19,720
19,882
19,872
19,454
19,1124
72,663
19,1125
19,386
19,1279
19,978
19,1088
21,1141
19,453
19,1069
19,1250
19,380
19,1114
19,990
19,421
19,835
19,414
19,768
19,425
19,1246
19,1204
19,828
19,427
19,409
19,293
19,1001
19,460
19,356
19,1022
19,1003
56,993
67,1039
19,489
19,1010
19,520
19,796
19,329
46,1035
19,936
19,1099
19,767
19,983
19,318
19,729
19,397
19,752
19,687
19,1166
26,596
19,665
23,1121
19,1143
19,1075
19,1004
19,948
19,511
19,683
19,255
19,436
19,373
19,889
19,1135
19,480
19,821
19,622
77,728
19,416
19,967
19,1007
19,553
19,385
19,985
19,992
19,661
19,308
19,924
19,1116
19,797
19,733
19,564
19,774
19,1101
19,1176
19,419
19,222
19,300
19,363
19,898
19,338
19,829
19,507
19,1094
46,1137
19,933
19,599
56,937
19,656
19,461
19,225
19,491
19,277
19,1082
19,1045
19,874
19,1117
19,839
19,583
19,598
19,263
19,458
19,452
19,852
19,832
38,465
19,1053
19,957
19,1089
19,1149
19,335
19,951
46,769
19,431
19,814
46,782
19,349
19,433
20,628
19,266
46,398
19,142
19,157
19,680
19,593
19,432
19,555
19,343
19,578
19,568
19,515
19,572
19,466
19,439
19,793
19,206
19,543
19,271
19,435
19,370
19,242
19,235
24,352
19,602
19,518
19,557
19,146
19,938
19,451
19,884
46,508
19,495
19,777
19,423
19,671
19,120
19,145
19,762
19,745
19,711
19,702
19,810
19,1120
27,1046
19,1274
46,585
33,442
19,625
19,710
19,181
19,367
19,1180
19,787
19,1267
19,707
19,426
19,854
19,1019
19,415
19,581
19,535
19,344
19,1236
19,446
27,664
19,668
39,960
19,818
19,311
19,784
19,1038
19,1017
19,917
19,1111
19,1103
19,1252
19,552
19,542
19,1065
19,834
19,1150
19,1106
19,736
19,1014
19,703
19,808
19,422
19,355
19,806
19,424
19,1158
19,1237
19,516
19,279
19,510
19,659
19,410
19,412
19,501
19,223
19,372
19,524
19,459
19,342
19,730
19,878
19,497
19,827
19,1012
19,561
19,1227
19,234
19,533
19,483
19,783
19,776
19,1090
19,1178
19,775
19,259
19,870
19,830
19,570
19,713
19,327
19,1061
19,996
19,1140
19,885
19,881
19,362
19,559
19,674
19,820
19,911
19,935
19,901
19,1212
19,970
19,280
45,1051
19,525
19,1211
19,1005
19,296
19,354
19,478
19,246
19,900
19,113
19,560
19,303
19,732
19,307
19,231
19,455
19,731
19,861
73,726
19,1020
19,788
19,1198
19,298
19,779
19,610
19,953
19,851
19,1011
19,479
19,1132
19,725
19,675
46,447
19,741
19,896
19,1086
19,150
19,237
19,401
19,531
19,512
19,694
19,268
19,361
19,244
19,494
19,382
19,325
19,608
19,1033
19,539
19,332
19,758
19,292
19,218
19,229
19,152
19,718
19,575
19,723
19,673
19,772
19,341
19,681
19,927
19,778
19,754
19,1067
19,1138
19,1059
19,647
19,413
19,567
19,232
19,822
19,920
19,791
19,1080
19,351
19,639
19,744
19,623
19,945
19,640
19,1025
19,875
19,334
19,617
19,348
19,712
19,317
19,556
19,1096
19,1110
19,1155
19,698
19,943
19,952
19,1002
19,387
19,883
19,1036
19,865
19,734
19,1164
19,748
19,1058
19,212
19,660
19,1224
19,475
19,456
19,346
19,701
19,780
19,390
19,267
19,595
19,505
19,641
19,605
19,600
19,597
19,286
19,646
19,500
19,620
19,965
19,193
19,289
19,388
19,562
19,643
19,807
18,771
19,739
19,669
19,763
19,571
19,693
52,918
19,530
19,304
19,381
19,498
19,278
19,137
19,868
19,727
19,677
19,369
19,590
19,947
19,197
19,159
19,642
19,537
19,847
19,686
19,894
19,592
19,714
19,513
19,514
19,295
19,174
36,1024
19,1026
19,968
19,719
19,283
19,265
19,339
28,761
19,309
19,749
19,738
19,153
19,411
65,313
19,892
19,566
19,134
19,781
19,301
19,258
19,226
19,241
19,652
19,857
19,123
19,1009
19,178
19,59
19,476
19,1040
19,391
19,93
19,190
19,330
19,1177
19,891
19,471
19,172
19,1182
19,792
19,221
19,692
19,1195
19,1034
19,291
19,770
19,678
19,1098
19,773
67,1015
15,909
19,554
55,547
19,1100
19,449
19,932
19,586
19,526
19,482
19,429
19,1165
19,207
19,315
19,418
19,979
19,580
19,558
19,653
19,905
19,601
19,490
19,210
19,545
19,276
19,1091
19,393
19,171
19,831
19,522
23,333
19,816
19,893
41,541
19,389
19,618
19,536
34,684
19,824
19,484
19,637
19,867
19,519
19,323
19,360
19,474
19,1248
19,228
19,310
19,182
19,529
19,849
19,813
19,588
19,926
19,499
19,305
19,843
19,1169
19,441
19,368
19,194
19,655
19,437
19,1084
19,290
19,753
19,340
19,912
19,141
19,256
19,1253
19,1305
19,1291
64,1306
19,274
19,400
19,204
19,273
19,468
19,638
19,445
19,904
19,786
19,384
19,803
19,314
19,689
19,737
19,760
19,408
19,364
19,534
19,187
19,902
19,747
19,1041
19,587
19,275
19,1063
19,634
19,746
19,464
19,1273
19,440
19,247
19,462
19,406
19,582
43,169
19,858
19,1097
19,245
19,1268
19,1223
19,1062
19,252
19,220
19,132
19,940
19,149
19,463
19,969
16,506
19,1217
19,261
19,96
19,156
19,328
19,155
19,60
19,30
19,5
19,51
19,80
19,180
19,98
19,166
19,44
31,28
19,85
19,48
19,392
19,170
19,136
19,606
19,1312
19,1309
19,1310
19,1316
19,1314
19,1315
19,1313
19,1319
77,1318
19,125
52,504
19,371
18,648
19,627
19,165
19,897
19,107
19,188
19,1078
19,375
19,264
19,284
45,214
19,1193
19,1206
19,1263
19,312
19,192
19,203
19,177
19,377
19,251
19,976
19,630
19,144
19,250
19,890
19,650
19,569
19,199
19,202
19,201
19,164
19,50
19,205
19,95
19,576
19,579
19,1207
19,124
19,614
19,175
19,139
19,374
19,52
19,23
19,13
19,65
19,756
19,61
56,84
19,109
19,162
19,54
19,14
19,7
19,1325
19,25
19,47
19,76
19,34
19,319
19,1170
19,186
19,128
19,148
19,493
19,112
19,32
19,403
19,195
19,33
19,127
19,1330
19,22
46,45
19,1321
19,3
19,29
19,119
19,176
19,299
19,147
19,63
19,548
19,183
19,217
19,198
19,111
19,37
19,55
19,75
19,73
19,41
19,38
19,1335
19,1320
19,189
8,66
19,1329
19,86
19,143
19,2
19,12
19,26
19,163
19,79
19,91
19,106
19,31
19,18
7,62
46,40
19,230
19,78
19,151
19,64
19,89
19,74
19,629
19,584
19,1327
22,1328
19,100
19,116
19,53
19,140
64,71
18,158
19,1107
19,239
19,56
19,88
19,724
19,302
19,94
19,337
19,11
19,1334
19,1324
19,99
19,114
19,10
19,9
19,21
19,1331
19,70
19,154
19,110
19,87
19,17
19,224
19,168
19,486
19,321
19,551
19,1145
19,179
19,248
19,257
19,81
19,1095
19,160
19,864
19,350
19,130
19,46
19,942
2,131
19,97
19,972
19,1048
19,216
18,105
19,939
19,272
19,209
19,487
19,270
19,103
19,138
19,36
19,49
19,1311
19,69
19,57
19,101
19,219
19,77
19,72
19,121
19,35
19,122
19,19
19,457
19,294
19,24
19,115
19,104
19,126
19,68
19,742
19,129
19,20
19,15
19,1333
19,90
19,1323
19,58
19,1326
19,1336
19,1
19,1093
19,521
12,16
12,108
67,43
12,42
12,173
12,133
12,4
12,240
65,135
12,118
12,82
46,92
46,1332
65,1222
75,1013
44,39
46,67
77,6
46,27
46,1317
46,903
46,1322
44,102
64,8
76,117
44,167
46,83
77,184
