8,667
6,680
3,672
1,649
6,652
8,651
5,634
3,671
5,669
6,660
3,510
5,656
2,631
6,647
6,598
6,594
3,682
4,107
6,515
3,405
5,138
3,474
5,481
1,519
6,507
3,552
6,639
3,646
4,495
3,617
5,553
1,658
6,616
3,527
6,584
8,543
2,535
6,654
6,583
3,558
3,636
4,664
3,608
5,655
3,666
5,653
2,629
3,676
3,599
5,560
1,601
3,358
3,644
3,446
3,678
3,71
6,633
6,588
3,145
3,395
3,234
2,550
8,426
3,485
9,430
3,429
3,374
6,302
8,129
8,308
3,327
3,416
3,82
4,257
3,8
3,52
2,489
7,152
3,143
3,421
5,587
3,612
2,579
3,623
6,565
3,90
5,486
1,600
3,452
3,378
3,534
6,549
2,352
6,195
1,432
8,353
3,454
6,417
3,473
3,546
3,363
3,330
1,216
3,228
3,427
3,491
3,536
6,453
1,410
3,400
5,541
6,334
3,350
5,555
2,595
2,663
3,637
1,650
3,643
3,563
3,657
3,508
4,681
3,662
3,372
6,626
3,404
1,590
3,513
5,465
6,478
3,447
6,246
6,611
3,613
6,554
1,580
3,566
6,529
8,568
3,476
6,597
3,591
3,551
3,521
3,574
4,573
6,562
3,585
2,511
3,537
3,412
6,632
6,592
2,576
2,578
3,610
3,642
3,615
3,487
3,533
3,530
1,497
1,455
2,544
3,556
3,630
3,531
8,456
6,479
2,268
5,517
5,282
3,422
6,444
3,509
5,351
3,218
3,329
6,326
3,420
6,451
2,518
3,461
6,394
6,528
5,437
3,324
3,548
6,213
6,202
2,645
6,624
3,496
3,460
3,226
6,545
3,204
6,356
3,377
8,127
3,270
3,159
3,217
3,73
3,249
3,291
3,449
3,337
3,72
3,40
5,442
3,459
3,64
3,364
3,419
3,101
3,439
2,609
3,577
3,561
3,606
1,684
3,532
3,618
3,538
3,614
3,581
3,525
1,559
3,539
3,540
6,214
3,677
2,635
2,564
3,607
3,596
3,431
3,492
3,665
8,409
6,297
3,406
3,141
3,462
3,340
3,488
3,522
6,418
2,467
6,475
3,307
6,493
3,381
3,296
3,231
3,120
3,285
3,277
3,391
1,56
3,211
3,524
3,122
3,362
6,271
3,498
6,298
3,503
3,247
3,463
3,86
6,441
3,567
3,28
3,283
3,317
3,266
3,506
3,117
3,184
3,433
3,361
3,483
3,336
3,342
3,322
3,345
1,79
3,280
3,241
4,436
3,178
2,259
3,237
3,162
3,132
3,424
6,256
2,411
3,80
6,371
3,97
8,229
8,166
3,390
3,413
8,325
6,526
1,179
2,286
3,457
3,67
3,466
3,490
3,393
3,575
3,369
3,379
8,471
3,176
6,289
3,398
3,253
3,232
3,512
3,621
3,49
3,288
3,240
3,207
6,276
3,320
3,124
3,542
3,458
3,335
6,239
3,469
2,220
3,354
3,105
1,294
3,279
5,375
8,275
3,470
8,435
3,382
3,384
3,401
3,516
3,161
3,263
3,206
3,386
3,316
2,209
6,125
3,258
3,75
3,331
3,370
3,244
2,160
6,198
3,48
3,205
3,248
3,357
3,494
3,200
3,281
3,272
8,168
3,365
3,373
3,151
6,328
3,265
3,119
3,227
3,43
8,60
3,30
1,188
6,110
3,34
3,438
3,287
5,167
3,238
3,434
3,181
6,158
5,41
3,189
5,100
3,299
3,304
3,113
8,389
3,224
3,278
3,501
5,675
3,679
3,619
3,245
3,500
3,480
3,520
8,686
6,640
3,628
3,589
3,502
3,45
3,402
3,104
3,20
3,319
3,53
6,255
3,332
3,355
6,225
3,22
3,292
3,313
3,685
3,368
3,423
3,54
3,84
3,348
3,215
3,586
6,264
3,55
3,338
6,203
3,315
2,482
3,11
3,273
8,174
3,343
8,499
3,66
3,408
3,383
3,468
3,208
3,472
3,146
3,106
3,102
3,314
3,89
3,61
3,221
8,318
3,261
3,210
3,121
3,222
3,144
3,76
3,157
3,149
3,26
3,196
3,59
3,135
2,284
3,260
3,91
3,17
3,194
3,3
3,99
8,235
3,171
3,301
3,445
3,477
3,366
3,47
3,83
3,312
3,115
3,62
3,192
3,183
3,165
3,150
3,37
3,93
3,219
3,13
3,251
6,341
8,236
3,77
3,156
3,155
3,295
3,116
3,359
3,230
3,109
6,163
3,262
3,95
3,128
3,24
3,4
3,223
3,344
3,387
8,137
3,88
3,290
3,118
3,103
3,311
3,51
3,32
3,164
3,68
3,415
3,133
3,175
3,33
3,191
3,254
3,112
3,193
3,243
3,428
3,199
3,269
3,131
3,323
8,440
3,443
3,310
3,58
3,2
3,142
3,514
3,333
3,5
3,339
8,274
3,10
3,360
3,180
3,139
3,16
3,186
3,94
3,108
3,380
3,367
3,153
8,154
8,92
8,190
8,300
3,136
3,35
3,98
3,504
3,267
3,425
3,19
3,185
3,388
8,134
3,250
3,85
3,252
3,15
3,25
3,27
3,14
3,233
3,197
3,38
8,57
3,396
3,126
3,182
3,170
3,39
3,148
3,303
3,78
8,87
8,114
8,130
8,50
3,31
3,44
3,81
3,392
3,638
3,407
3,173
3,399
3,111
3,7
3,172
3,12
3,187
3,397
8,212
3,9
8,23
3,177
3,46
8,346
3,21
8,42
3,147
3,123
3,18
3,293
3,74
3,29
3,140
3,604
3,376
3,622
5,347
3,670
3,523
8,464
3,661
3,321
3,602
3,582
3,96
3,36
8,683
3,69
3,625
3,570
3,448
3,659
3,648
3,414
3,63
3,620
3,385
8,603
3,572
8,593
3,309
3,505
3,484
3,668
3,674
3,547
8,169
3,571
8,242
3,557
3,70
8,641
8,403
3,627
3,349
3,1
3,569
3,201
3,6
3,305
3,673
8,450
3,605
3,306
3,65
