16,667
14,680
7,672
3,649
14,652
16,651
12,634
8,671
11,669
14,660
9,510
12,656
5,631
13,647
14,598
14,594
7,682
10,107
14,515
9,405
11,138
9,474
11,481
3,519
13,507
7,552
13,639
8,646
10,495
8,617
12,553
1,658
14,616
8,527
14,584
16,543
5,535
13,654
13,583
8,558
8,636
10,664
8,608
12,655
9,666
11,653
6,629
8,676
8,599
12,560
1,601
8,358
9,644
9,446
9,678
8,71
13,633
14,588
7,145
8,395
7,234
6,550
16,426
8,485
17,430
7,429
8,374
14,302
16,129
16,308
8,327
8,416
8,82
10,257
8,8
7,52
5,489
15,152
8,143
8,421
12,587
8,612
6,579
9,623
14,565
8,90
12,486
3,600
7,452
8,378
7,534
14,549
5,352
14,195
3,432
16,353
8,454
14,417
7,473
8,546
8,363
7,330
1,216
9,228
8,427
7,491
8,536
14,453
3,410
8,400
12,541
14,334
8,350
12,555
6,595
4,663
8,637
1,650
8,643
8,563
7,657
8,508
10,681
8,662
8,372
13,626
8,404
3,590
8,513
12,465
14,478
8,447
14,246
14,611
7,613
14,554
3,580
8,566
14,529
16,568
8,476
14,597
8,591
7,551
8,521
7,574
10,573
13,562
7,585
6,511
8,537
8,412
14,632
14,592
5,576
5,578
7,610
8,642
8,615
8,487
8,533
8,530
3,497
2,455
6,544
8,556
8,630
8,531
16,456
13,479
6,268
12,517
12,282
9,422
14,444
8,509
11,351
8,218
8,329
14,326
8,420
13,451
6,518
8,461
14,394
14,528
12,437
8,324
8,548
14,213
14,202
6,645
14,624
7,496
8,460
7,226
13,545
8,204
14,356
8,377
16,127
8,270
9,159
8,217
8,73
8,249
8,291
7,449
8,337
7,72
8,40
11,442
8,459
8,64
9,364
8,419
8,101
8,439
5,609
8,577
7,561
7,606
3,684
8,532
9,618
8,538
8,614
8,581
8,525
3,559
8,539
8,540
13,214
8,677
6,635
5,564
8,607
8,596
8,431
8,492
8,665
16,409
14,297
8,406
9,141
8,462
8,340
8,488
8,522
14,418
5,467
14,475
8,307
14,493
9,381
8,296
8,231
8,120
8,285
7,277
7,391
3,56
8,211
9,524
8,122
8,362
14,271
8,498
14,298
8,503
8,247
8,463
9,86
14,441
8,567
8,28
8,283
8,317
8,266
8,506
8,117
8,184
8,433
7,361
8,483
8,336
8,342
8,322
8,345
1,79
8,280
9,241
10,436
8,178
4,259
8,237
8,162
8,132
8,424
14,256
6,411
8,80
13,371
8,97
16,229
16,166
8,390
8,413
16,325
14,526
1,179
6,286
9,457
7,67
9,466
8,490
8,393
7,575
9,369
8,379
16,471
8,176
14,289
8,398
8,253
8,232
8,512
8,621
8,49
8,288
8,240
9,207
14,276
8,320
8,124
8,542
8,458
9,335
14,239
8,469
5,220
8,354
9,105
3,294
8,279
11,375
16,275
9,470
16,435
8,382
8,384
8,401
8,516
8,161
9,263
8,206
8,386
8,316
4,209
14,125
8,258
8,75
8,331
8,370
8,244
6,160
14,198
9,48
8,205
8,248
8,357
8,494
8,200
8,281
8,272
16,168
8,365
8,373
8,151
14,328
8,265
8,119
7,227
8,43
16,60
8,30
3,188
14,110
8,34
8,438
8,287
12,167
8,238
8,434
8,181
13,158
12,41
8,189
12,100
8,299
8,304
9,113
16,389
8,224
8,278
8,501
12,675
7,679
8,619
8,245
8,500
8,480
8,520
16,686
14,640
8,628
8,589
8,502
8,45
8,402
8,104
8,20
9,319
8,53
14,255
8,332
8,355
14,225
8,22
8,292
8,313
8,685
8,368
8,423
8,54
8,84
8,348
8,215
8,586
14,264
8,55
8,338
14,203
8,315
6,482
8,11
8,273
16,174
8,343
16,499
8,66
8,408
8,383
8,468
8,208
8,472
8,146
8,106
8,102
8,314
8,89
8,61
8,221
16,318
8,261
8,210
8,121
7,222
8,144
8,76
8,157
7,149
8,26
8,196
8,59
8,135
6,284
8,260
8,91
9,17
8,194
9,3
8,99
16,235
8,171
8,301
8,445
8,477
8,366
8,47
8,83
8,312
8,115
8,62
8,192
8,183
8,165
8,150
9,37
9,93
9,219
9,13
8,251
14,341
16,236
8,77
8,156
8,155
8,295
8,116
8,359
8,230
8,109
14,163
8,262
8,95
8,128
8,24
8,4
9,223
8,344
8,387
16,137
8,88
8,290
8,118
8,103
8,311
8,51
8,32
8,164
8,68
8,415
8,133
8,175
8,33
8,191
8,254
8,112
8,193
8,243
8,428
8,199
8,269
8,131
8,323
16,440
8,443
8,310
8,58
8,2
8,142
8,514
8,333
8,5
8,339
16,274
8,10
8,360
8,180
8,139
8,16
8,186
8,94
8,108
8,380
8,367
8,153
16,154
16,92
16,190
16,300
8,136
8,35
8,98
8,504
8,267
8,425
8,19
8,185
8,388
16,134
8,250
8,85
8,252
9,15
8,25
8,27
9,14
8,233
8,197
8,38
16,57
8,396
8,126
8,182
8,170
8,39
8,148
8,303
8,78
16,87
16,114
16,130
16,50
8,31
8,44
8,81
8,392
8,638
8,407
8,173
8,399
8,111
8,7
8,172
8,12
8,187
9,397
16,212
8,9
16,23
8,177
8,46
16,346
8,21
16,42
9,147
8,123
8,18
8,293
8,74
8,29
8,140
8,604
8,376
8,622
12,347
8,670
9,523
16,464
8,661
8,321
8,602
8,582
8,96
8,36
16,683
8,69
8,625
8,570
8,448
8,659
8,648
8,414
8,63
8,620
8,385
16,603
8,572
16,593
8,309
8,505
8,484
8,668
8,674
8,547
16,169
8,571
16,242
8,557
8,70
16,641
16,403
9,627
8,349
8,1
8,569
9,201
8,6
8,305
8,673
16,450
8,605
9,306
9,65
