11,374
14,735
14,664
7,665
8,710
7,704
5,660
14,326
5,699
11,672
5,650
6,602
6,356
18,540
9,667
7,599
11,617
9,638
10,716
13,695
11,655
11,693
5,555
11,627
11,697
5,696
10,621
6,588
11,604
11,589
5,132
2,570
7,259
9,289
10,401
5,571
5,56
10,622
13,568
11,493
11,728
10,647
7,709
10,734
5,670
5,629
11,714
9,715
14,700
10,686
11,720
7,712
12,579
13,536
11,631
5,541
14,293
5,637
7,733
5,731
5,633
13,657
14,603
7,616
5,576
18,479
10,572
10,598
18,452
6,587
12,724
10,623
11,727
5,708
11,711
18,674
13,651
18,600
13,713
10,565
14,702
7,701
14,634
14,684
10,654
11,669
13,630
10,680
10,543
11,510
10,492
11,594
11,561
12,721
10,546
5,641
13,258
12,535
18,460
6,688
11,642
8,692
5,433
11,517
3,521
11,440
11,485
14,482
5,624
10,325
5,564
11,529
10,620
8,530
11,575
11,26
13,671
10,658
5,321
5,656
11,628
15,524
11,538
5,478
11,126
5,380
5,198
5,218
5,367
13,430
13,416
5,409
14,539
13,498
10,652
11,368
11,515
6,648
10,501
6,406
3,109
7,509
10,673
9,668
5,593
5,698
3,690
5,542
7,608
12,488
16,646
10,581
5,606
14,679
18,722
10,247
5,96
12,360
13,534
5,338
6,580
11,643
16,619
11,551
10,459
5,601
10,613
11,442
9,516
5,456
16,46
10,591
8,188
13,508
11,649
12,103
11,424
5,322
14,553
13,566
3,635
3,585
5,502
5,717
11,597
9,489
6,659
5,514
6,560
13,499
3,567
7,497
10,388
10,494
10,145
5,398
4,473
5,435
11,413
5,486
11,454
14,531
5,662
14,389
6,339
11,528
9,470
10,120
10,309
13,429
11,436
18,420
14,396
13,350
3,507
11,372
9,294
5,184
5,242
18,385
11,300
1,487
10,618
5,523
5,316
5,370
5,466
12,450
11,65
5,395
10,519
18,513
11,36
3,58
14,45
11,563
5,160
5,677
5,644
10,544
5,490
5,547
14,341
11,353
5,462
14,60
5,74
11,245
11,153
13,586
5,506
11,449
10,314
13,477
12,238
10,329
11,511
5,392
5,549
13,432
7,362
11,504
11,292
14,505
3,394
1,277
14,354
5,554
16,230
3,471
3,422
11,483
18,268
5,343
12,11
7,330
5,9
10,423
5,129
1,481
10,178
16,290
11,225
15,439
16,119
11,31
6,166
10,111
5,170
5,324
11,550
5,315
5,124
5,375
3,303
14,61
5,146
10,384
14,319
5,200
17,219
18,279
5,311
10,467
18,469
11,444
10,453
11,127
5,334
10,455
5,274
14,227
3,239
5,474
5,237
5,37
11,297
6,148
5,226
11,157
5,224
5,128
11,520
5,661
5,345
5,7
11,23
10,203
5,251
5,241
11,196
11,183
11,234
5,426
10,313
11,271
11,141
5,270
5,182
11,105
5,191
6,265
5,295
11,215
5,181
10,147
13,197
4,348
18,573
5,552
14,605
14,415
5,537
5,443
13,512
5,386
10,557
18,412
6,390
5,522
11,187
5,363
6,189
10,558
10,12
10,70
5,451
5,427
11,441
5,491
10,468
5,205
11,342
5,556
5,318
10,287
11,359
11,28
10,138
5,403
10,140
11,100
11,161
5,13
5,6
6,4
7,33
5,16
5,192
6,59
16,64
5,261
14,82
5,52
5,276
5,149
12,142
5,43
18,387
11,102
5,114
14,173
6,5
11,266
11,222
5,280
10,32
11,465
5,582
18,437
14,425
6,336
5,233
14,211
6,361
5,286
18,495
11,636
13,382
5,400
11,607
5,480
5,484
5,323
11,337
3,185
6,331
16,272
5,344
5,383
10,162
5,17
5,136
18,244
5,418
5,615
11,463
18,283
5,545
5,496
6,86
5,291
6,236
5,41
10,320
10,90
14,168
11,257
5,377
5,1
6,112
5,29
5,263
5,116
5,177
5,47
11,475
11,121
5,327
5,216
14,55
5,448
11,308
11,332
11,137
5,206
5,10
6,592
5,457
5,199
5,317
11,107
5,164
5,369
11,249
11,404
5,106
5,248
5,306
11,378
5,373
5,737
5,685
11,405
5,125
5,458
5,421
5,626
5,22
5,262
6,408
5,93
5,340
5,123
11,476
11,518
5,333
5,75
5,92
11,175
5,683
5,229
14,25
5,104
5,40
5,24
5,718
5,51
5,101
5,464
5,569
6,666
5,610
5,574
5,639
5,675
5,625
11,632
5,221
5,73
5,730
6,726
5,676
5,115
18,682
18,691
18,472
5,736
5,596
5,583
5,577
16,500
18,611
5,612
5,252
5,201
6,30
5,21
5,19
5,89
5,91
5,209
5,366
5,88
11,281
5,223
5,195
18,307
5,118
5,68
5,35
6,328
5,38
5,379
5,50
6,194
6,256
6,80
18,288
5,139
5,298
18,193
5,304
5,357
5,85
5,44
5,143
5,27
11,95
5,407
5,278
5,445
6,584
11,364
5,365
5,253
11,67
18,446
5,152
5,208
5,110
11,335
11,431
10,376
5,310
5,42
5,346
5,172
5,165
18,381
5,156
11,240
5,231
5,371
18,135
11,72
5,113
5,167
5,217
5,18
5,15
5,186
5,169
5,144
6,48
5,34
11,207
5,2
18,84
11,267
11,246
11,393
5,243
17,299
11,414
5,8
5,83
5,3
5,351
5,63
5,179
5,352
5,57
5,81
11,108
11,202
5,503
5,411
5,402
5,154
5,264
11,461
5,204
5,133
5,312
11,447
5,49
5,296
11,213
18,235
5,122
5,284
5,355
5,174
16,190
5,347
5,39
5,260
5,214
5,62
5,210
5,134
18,87
5,77
5,250
5,79
5,130
5,20
5,117
5,97
5,254
5,131
18,180
5,159
5,419
11,54
5,94
5,98
5,53
5,255
5,71
5,158
5,176
5,275
11,397
11,228
5,150
18,723
5,548
5,76
18,527
11,706
11,438
5,562
11,732
5,66
18,78
5,725
18,578
5,703
11,410
5,434
5,707
18,694
5,349
5,705
5,533
5,719
5,417
5,689
5,220
5,399
18,729
5,559
18,155
18,678
18,302
5,687
5,358
5,609
5,526
5,273
5,681
5,653
5,525
5,212
5,640
11,595
18,69
5,590
5,99
5,14
18,663
5,232
18,305
11,614
5,301
5,151
18,391
11,285
5,532
18,428
5,645
5,269
5,163
11,171
11,282
