23,833
22,565
55,831
26,845
39,640
62,769
54,767
22,682
22,739
16,713
15,797
22,832
57,732
29,762
39,691
19,642
22,756
63,795
22,367
53,711
2,776
39,810
23,671
26,607
60,747
49,822
19,318
39,494
65,669
14,853
19,847
23,818
23,751
48,114
60,687
33,793
65,731
63,608
6,559
7,645
23,707
23,353
23,839
36,771
60,543
39,750
36,723
22,322
23,689
54,763
23,817
56,714
23,709
32,802
22,676
23,746
47,653
59,598
22,573
51,184
32,748
63,179
6,782
35,638
19,675
23,571
23,761
22,579
65,595
39,485
57,304
49,646
49,719
60,778
63,619
57,672
49,615
56,734
23,555
63,764
22,774
25,848
39,668
39,677
60,216
25,212
9,695
30,685
60,305
22,820
46,605
23,686
23,826
22,787
57,841
57,789
39,825
32,819
39,840
13,704
33,416
56,792
63,850
33,829
26,575
29,790
50,712
39,814
22,737
23,740
25,532
26,170
63,568
22,588
63,48
22,550
26,566
22,754
50,547
39,843
23,718
23,725
34,816
58,849
39,806
23,661
23,842
23,437
59,824
19,429
22,652
21,462
22,259
23,518
58,94
22,524
34,19
23,109
49,479
32,478
23,567
23,9
61,326
22,246
62,604
7,618
23,692
63,226
20,422
39,558
64,766
39,267
57,639
43,445
61,800
56,17
39,378
56,727
19,418
28,770
23,328
65,706
32,384
65,374
23,253
39,643
22,234
35,345
22,854
22,670
24,830
17,59
23,131
54,681
6,745
47,852
60,696
39,834
22,779
23,773
39,637
7,708
55,610
22,683
23,512
4,557
22,520
23,654
27,625
23,611
49,626
39,499
23,563
49,393
35,634
57,587
39,589
65,651
22,535
52,562
39,678
57,743
24,585
57,757
63,622
38,788
18,693
23,530
21,118
48,442
29,702
22,703
23,721
23,541
24,656
22,755
5,684
24,781
17,516
36,627
23,644
22,722
63,453
56,522
19,255
22,556
24,423
25,657
22,796
37,837
23,309
35,443
23,600
22,552
44,803
23,738
22,597
33,663
58,617
27,574
35,635
23,591
59,649
31,716
58,705
22,623
35,780
39,641
22,760
35,694
6,580
35,724
22,630
63,458
22,799
26,648
23,759
56,658
22,667
26,477
60,504
7,551
23,592
26,741
22,513
22,472
22,544
23,596
60,459
23,469
23,167
19,444
39,515
60,377
35,338
22,2
39,8
35,435
22,295
26,528
49,401
57,386
22,380
57,534
36,385
39,249
43,55
5,381
19,427
23,483
24,362
1,388
23,390
65,475
22,317
23,144
26,468
35,237
11,187
35,484
33,315
23,449
23,564
22,726
22,465
23,481
33,599
23,700
22,578
45,620
23,323
35,749
23,583
39,116
22,577
33,594
22,768
22,394
24,343
56,169
3,433
22,329
22,344
26,199
8,744
22,283
23,398
22,265
22,506
22,222
25,519
18,655
25,81
34,440
23,375
39,349
35,330
22,526
57,498
33,662
26,650
5,493
22,432
22,266
22,365
23,276
23,12
23,136
22,229
57,68
6,368
25,90
22,133
25,476
25,364
34,537
23,279
33,402
26,209
60,132
14,141
22,348
6,400
22,570
22,614
23,680
22,542
22,452
7,51
60,32
35,193
54,715
36,511
22,593
22,752
57,473
22,569
22,601
50,492
22,502
22,501
57,404
57,327
22,730
22,728
22,697
23,572
22,447
16,391
22,436
23,497
23,742
22,508
22,673
56,772
39,699
56,688
22,733
23,586
23,431
22,603
22,500
24,523
23,214
60,263
23,576
39,293
60,42
57,306
6,439
57,221
41,126
23,122
60,41
23,134
22,233
57,92
22,121
39,270
25,357
6,185
22,56
22,448
10,303
61,514
57,308
22,406
35,335
22,49
24,257
23,609
22,415
22,236
60,584
22,67
23,366
22,482
57,66
23,142
22,710
25,173
22,110
22,190
22,161
22,413
60,127
23,180
23,271
22,313
39,138
60,546
23,290
22,147
57,231
58,23
24,631
57,616
22,488
22,346
60,208
24,521
22,268
26,387
6,33
22,1
25,302
25,311
22,347
22,213
66,93
60,392
22,399
23,296
57,549
22,128
22,188
22,529
22,242
22,53
25,79
22,165
23,43
22,403
22,621
22,430
7,582
60,495
23,227
57,505
62,291
40,525
23,503
22,679
22,456
24,215
60,218
23,461
22,171
22,319
23,203
23,517
23,420
24,510
22,355
24,333
22,331
39,467
23,86
57,735
25,82
23,480
22,613
22,647
23,354
22,466
22,441
25,228
22,111
22,352
22,341
23,359
22,463
23,105
22,260
24,24
22,256
59,280
22,324
23,264
22,117
39,112
22,297
55,4
22,240
22,189
39,160
22,106
57,14
39,211
60,88
22,27
23,130
22,289
22,159
55,225
23,31
22,272
35,16
23,65
22,149
22,332
22,207
40,172
57,219
22,244
22,561
22,312
22,241
22,252
6,247
35,278
22,371
22,250
22,548
22,428
22,195
22,275
22,64
23,232
23,300
22,168
23,298
22,337
22,307
22,358
23,238
22,104
22,340
22,101
22,36
60,301
24,316
22,334
23,137
22,123
23,356
22,61
22,163
22,54
6,140
22,98
22,44
23,220
22,47
22,285
22,373
22,230
22,206
22,784
22,855
23,539
57,861
23,28
22,808
22,720
6,450
22,46
22,851
23,785
22,99
22,181
39,152
25,108
23,97
22,277
23,192
22,813
22,70
22,5
22,22
24,659
22,857
22,660
39,15
22,859
22,166
22,314
12,178
6,828
22,83
23,407
39,248
57,197
22,273
22,201
57,531
22,860
22,157
22,396
22,120
22,821
22,701
22,286
22,805
22,777
22,823
25,632
22,612
22,84
22,419
22,674
22,624
22,815
22,336
22,125
22,858
22,507
22,801
39,835
39,536
22,758
22,698
22,150
61,553
42,491
60,412
22,665
22,287
22,154
22,235
22,310
22,91
23,451
39,269
22,540
22,666
22,85
22,405
24,370
23,460
22,581
22,471
22,414
22,408
22,274
22,446
22,496
23,261
22,434
57,35
22,25
22,360
22,89
22,45
22,487
22,177
23,74
39,425
23,664
22,155
39,143
22,129
22,527
22,58
22,243
22,145
22,6
22,490
22,113
23,75
22,103
22,38
22,62
22,80
23,205
22,18
6,254
22,115
22,148
39,223
22,151
22,37
22,294
22,29
22,69
22,198
22,162
23,164
4,489
23,636
22,383
22,282
23,438
22,602
25,633
5,95
22,417
22,409
22,204
22,538
22,509
23,71
22,457
22,382
22,426
22,339
22,96
22,350
22,554
22,690
22,76
23,411
5,376
22,196
22,284
22,474
22,454
39,153
22,202
22,13
22,124
22,239
22,245
22,455
6,135
22,52
22,258
22,320
22,397
22,395
22,224
23,156
22,78
22,158
1,102
22,183
39,545
22,533
22,3
22,372
22,174
22,7
6,50
39,379
39,107
8,119
22,60
22,20
22,200
22,470
5,26
22,73
22,139
16,281
22,191
22,194
22,72
11,77
22,34
22,210
39,176
22,57
22,606
6,838
39,836
22,560
5,765
39,351
6,63
22,844
6,629
7,811
39,421
22,464
39,827
22,717
22,175
22,809
22,410
22,590
39,846
22,363
39,804
22,783
22,251
22,39
6,486
39,856
22,40
22,182
22,812
22,369
22,146
22,262
39,342
6,807
22,736
6,217
22,753
22,791
22,288
22,786
22,325
6,87
22,424
6,729
22,186
22,299
22,798
22,628
39,100
22,321
22,21
22,775
39,292
7,10
39,794
39,389
39,30
39,361
39,11
