51,374
66,735
66,664
27,665
30,710
27,704
16,660
66,326
13,699
50,672
13,650
20,602
26,356
81,540
34,667
27,599
51,617
34,638
40,716
59,695
53,655
52,693
16,555
52,627
52,697
13,696
36,621
24,588
51,604
53,589
12,132
3,570
27,259
33,289
41,401
13,571
15,56
41,622
61,568
52,493
51,728
44,647
28,709
36,734
13,670
13,629
51,714
35,715
68,700
38,686
52,720
28,712
55,579
58,536
51,631
13,541
64,293
13,637
27,733
13,731
15,633
61,657
66,603
27,616
13,576
80,479
44,572
41,598
79,452
20,587
55,724
42,623
53,727
13,708
52,711
80,674
60,651
80,600
59,713
38,565
64,702
27,701
66,634
66,684
36,654
51,669
60,630
40,680
40,543
51,510
40,492
52,594
52,561
55,721
36,546
13,641
59,258
55,535
81,460
25,688
52,642
31,692
13,433
52,517
8,521
52,440
46,485
65,482
13,624
44,325
14,564
51,529
42,620
31,530
53,575
51,26
59,671
41,658
12,321
13,656
51,628
71,524
52,538
11,478
52,126
13,380
15,198
15,218
13,367
59,430
59,416
13,409
69,539
62,498
45,652
51,368
51,515
24,648
38,501
24,406
9,109
28,509
36,673
35,668
13,593
15,698
5,690
15,542
28,608
54,488
74,646
44,581
13,606
67,679
80,722
44,247
15,96
56,360
57,534
13,338
25,580
51,643
72,619
49,551
44,459
14,601
43,613
51,442
34,516
11,456
72,46
44,591
30,188
61,508
52,649
56,103
51,424
13,322
66,553
63,566
4,635
8,585
16,502
13,717
51,597
34,489
21,659
13,514
21,560
61,499
6,567
27,497
38,388
38,494
40,145
16,398
10,473
13,435
48,413
15,486
53,454
67,531
16,662
69,389
17,339
50,528
32,470
44,120
40,309
62,429
51,436
80,420
68,396
61,350
4,507
51,372
34,294
13,184
15,242
80,385
52,300
1,487
40,618
15,523
12,316
15,370
15,466
54,450
52,65
13,395
44,519
82,513
51,36
9,58
68,45
51,563
15,160
13,677
15,644
44,544
16,490
13,547
66,341
51,353
13,462
66,60
13,74
52,245
52,153
60,586
16,506
53,449
44,314
59,477
55,238
38,329
51,511
13,392
13,549
61,432
27,362
52,504
51,292
67,505
6,394
1,277
66,354
13,554
76,230
9,471
9,422
51,483
80,268
15,343
56,11
28,330
13,9
44,423
15,129
2,481
40,178
73,290
51,225
70,439
74,119
51,31
19,166
38,111
13,170
12,324
51,550
13,315
13,124
13,375
7,303
68,61
15,146
38,384
66,319
13,200
77,219
80,279
15,311
39,467
83,469
52,444
40,453
51,127
13,334
44,455
15,274
69,227
9,239
13,474
11,237
13,37
47,297
19,148
15,226
51,157
13,224
13,128
51,520
11,661
13,345
13,7
51,23
41,203
13,251
13,241
51,196
51,183
52,234
15,426
44,313
51,271
51,141
13,270
13,182
52,105
13,191
17,265
13,295
51,215
15,181
44,147
61,197
10,348
80,573
13,552
66,605
66,415
13,537
13,443
61,512
13,386
39,557
80,412
19,390
13,522
51,187
13,363
21,189
44,558
44,12
40,70
13,451
13,427
52,441
13,491
44,468
13,205
52,342
13,556
15,318
44,287
51,359
52,28
38,138
13,403
44,140
51,100
51,161
15,13
13,6
21,4
29,33
13,16
13,192
21,59
74,64
13,261
66,82
13,52
13,276
13,149
54,142
13,43
80,387
51,102
13,114
67,173
24,5
52,266
52,222
13,280
37,32
52,465
13,582
80,437
67,425
21,336
13,233
66,211
21,361
13,286
80,495
51,636
57,382
13,400
52,607
13,480
13,484
13,323
51,337
9,185
23,331
75,272
13,344
13,383
44,162
13,17
13,136
80,244
13,418
13,615
51,463
80,283
12,545
13,496
18,86
13,291
21,236
15,41
44,320
44,90
69,168
51,257
13,377
13,1
22,112
13,29
15,263
13,116
15,177
13,47
48,475
52,121
13,327
13,216
67,55
13,448
51,308
52,332
51,137
13,206
15,10
18,592
15,457
13,199
13,317
53,107
13,164
15,369
51,249
52,404
13,106
13,248
13,306
51,378
13,373
13,737
13,685
51,405
13,125
13,458
13,421
13,626
13,22
13,262
18,408
13,93
13,340
13,123
51,476
51,518
13,333
13,75
13,92
53,175
13,683
13,229
67,25
13,104
13,40
13,24
13,718
13,51
13,101
13,464
13,569
21,666
13,610
13,574
13,639
13,675
13,625
52,632
13,221
15,73
13,730
21,726
13,676
13,115
80,682
80,691
80,472
13,736
13,596
13,583
13,577
74,500
80,611
13,612
13,252
13,201
21,30
13,21
13,19
13,89
13,91
13,209
13,366
13,88
51,281
13,223
13,195
80,307
13,118
11,68
13,35
21,328
13,38
13,379
13,50
19,194
21,256
21,80
80,288
13,139
13,298
80,193
13,304
13,357
13,85
13,44
13,143
13,27
52,95
13,407
13,278
13,445
21,584
52,364
13,365
13,253
53,67
80,446
13,152
13,208
13,110
51,335
53,431
44,376
13,310
13,42
13,346
13,172
13,165
81,381
13,156
48,240
13,231
13,371
79,135
53,72
13,113
13,167
13,217
13,18
13,15
13,186
13,169
13,144
21,48
13,34
51,207
13,2
80,84
52,267
53,246
53,393
13,243
78,299
51,414
13,8
13,83
13,3
13,351
13,63
13,179
13,352
13,57
13,81
52,108
52,202
13,503
13,411
13,402
13,154
13,264
52,461
13,204
13,133
13,312
51,447
13,49
13,296
52,213
80,235
13,122
13,284
13,355
13,174
76,190
13,347
13,39
13,260
13,214
13,62
13,210
13,134
80,87
13,77
13,250
13,79
13,130
13,20
13,117
13,97
15,254
13,131
82,180
13,159
13,419
52,54
13,94
13,98
13,53
13,255
13,71
13,158
13,176
13,275
52,397
53,228
13,150
80,723
13,548
13,76
80,527
53,706
52,438
13,562
52,732
13,66
80,78
13,725
80,578
13,703
53,410
13,434
13,707
80,694
13,349
13,705
13,533
13,719
13,417
13,689
13,220
13,399
80,729
13,559
80,155
80,678
80,302
13,687
13,358
13,609
13,526
13,273
13,681
13,653
13,525
13,212
13,640
52,595
80,69
13,590
13,99
13,14
80,663
13,232
80,305
53,614
13,301
13,151
80,391
53,285
13,532
80,428
13,645
13,269
13,163
53,171
52,282
