10,374
13,735
13,664
6,665
7,710
6,704
4,660
13,326
4,699
10,672
4,650
5,602
5,356
16,540
8,667
6,599
10,617
8,638
9,716
12,695
10,655
10,693
4,555
10,627
10,697
4,696
9,621
5,588
10,604
10,589
4,132
2,570
6,259
8,289
9,401
4,571
4,56
9,622
12,568
10,493
10,728
9,647
6,709
9,734
4,670
4,629
10,714
8,715
13,700
9,686
10,720
6,712
11,579
12,536
10,631
4,541
13,293
4,637
6,733
4,731
4,633
12,657
13,603
6,616
4,576
16,479
9,572
9,598
16,452
5,587
11,724
9,623
10,727
4,708
10,711
16,674
12,651
16,600
12,713
9,565
13,702
6,701
13,634
13,684
9,654
10,669
12,630
9,680
9,543
10,510
9,492
10,594
10,561
11,721
9,546
4,641
12,258
11,535
16,460
5,688
10,642
7,692
4,433
10,517
3,521
10,440
10,485
13,482
4,624
9,325
4,564
10,529
9,620
7,530
10,575
10,26
12,671
9,658
4,321
4,656
10,628
14,524
10,538
4,478
10,126
4,380
4,198
4,218
4,367
12,430
12,416
4,409
13,539
12,498
9,652
10,368
10,515
5,648
9,501
5,406
3,109
6,509
9,673
8,668
4,593
4,698
3,690
4,542
6,608
11,488
15,646
9,581
4,606
13,679
16,722
9,247
4,96
11,360
12,534
4,338
5,580
10,643
15,619
10,551
9,459
4,601
9,613
10,442
8,516
4,456
15,46
9,591
7,188
12,508
10,649
11,103
10,424
4,322
13,553
12,566
3,635
3,585
4,502
4,717
10,597
8,489
5,659
4,514
5,560
12,499
3,567
6,497
9,388
9,494
9,145
4,398
3,473
4,435
10,413
4,486
10,454
13,531
4,662
13,389
5,339
10,528
8,470
9,120
9,309
12,429
10,436
16,420
13,396
12,350
3,507
10,372
8,294
4,184
4,242
16,385
10,300
1,487
9,618
4,523
4,316
4,370
4,466
11,450
10,65
4,395
9,519
16,513
10,36
3,58
13,45
10,563
4,160
4,677
4,644
9,544
4,490
4,547
13,341
10,353
4,462
13,60
4,74
10,245
10,153
12,586
4,506
10,449
9,314
12,477
11,238
9,329
10,511
4,392
4,549
12,432
6,362
10,504
10,292
13,505
3,394
1,277
13,354
4,554
15,230
3,471
3,422
10,483
16,268
4,343
11,11
6,330
4,9
9,423
4,129
1,481
9,178
15,290
10,225
14,439
15,119
10,31
5,166
9,111
4,170
4,324
10,550
4,315
4,124
4,375
3,303
13,61
4,146
9,384
13,319
4,200
16,219
16,279
4,311
9,467
16,469
10,444
9,453
10,127
4,334
9,455
4,274
13,227
3,239
4,474
4,237
4,37
10,297
5,148
4,226
10,157
4,224
4,128
10,520
4,661
4,345
4,7
10,23
9,203
4,251
4,241
10,196
10,183
10,234
4,426
9,313
10,271
10,141
4,270
4,182
10,105
4,191
5,265
4,295
10,215
4,181
9,147
12,197
3,348
16,573
4,552
13,605
13,415
4,537
4,443
12,512
4,386
9,557
16,412
5,390
4,522
10,187
4,363
5,189
9,558
9,12
9,70
4,451
4,427
10,441
4,491
9,468
4,205
10,342
4,556
4,318
9,287
10,359
10,28
9,138
4,403
9,140
10,100
10,161
4,13
4,6
5,4
6,33
4,16
4,192
5,59
15,64
4,261
13,82
4,52
4,276
4,149
11,142
4,43
16,387
10,102
4,114
13,173
5,5
10,266
10,222
4,280
9,32
10,465
4,582
16,437
13,425
5,336
4,233
13,211
5,361
4,286
16,495
10,636
12,382
4,400
10,607
4,480
4,484
4,323
10,337
3,185
5,331
15,272
4,344
4,383
9,162
4,17
4,136
16,244
4,418
4,615
10,463
16,283
4,545
4,496
5,86
4,291
5,236
4,41
9,320
9,90
13,168
10,257
4,377
4,1
5,112
4,29
4,263
4,116
4,177
4,47
10,475
10,121
4,327
4,216
13,55
4,448
10,308
10,332
10,137
4,206
4,10
5,592
4,457
4,199
4,317
10,107
4,164
4,369
10,249
10,404
4,106
4,248
4,306
10,378
4,373
4,737
4,685
10,405
4,125
4,458
4,421
4,626
4,22
4,262
5,408
4,93
4,340
4,123
10,476
10,518
4,333
4,75
4,92
10,175
4,683
4,229
13,25
4,104
4,40
4,24
4,718
4,51
4,101
4,464
4,569
5,666
4,610
4,574
4,639
4,675
4,625
10,632
4,221
4,73
4,730
5,726
4,676
4,115
16,682
16,691
16,472
4,736
4,596
4,583
4,577
15,500
16,611
4,612
4,252
4,201
5,30
4,21
4,19
4,89
4,91
4,209
4,366
4,88
10,281
4,223
4,195
16,307
4,118
4,68
4,35
5,328
4,38
4,379
4,50
5,194
5,256
5,80
16,288
4,139
4,298
16,193
4,304
4,357
4,85
4,44
4,143
4,27
10,95
4,407
4,278
4,445
5,584
10,364
4,365
4,253
10,67
16,446
4,152
4,208
4,110
10,335
10,431
9,376
4,310
4,42
4,346
4,172
4,165
16,381
4,156
10,240
4,231
4,371
16,135
10,72
4,113
4,167
4,217
4,18
4,15
4,186
4,169
4,144
5,48
4,34
10,207
4,2
16,84
10,267
10,246
10,393
4,243
16,299
10,414
4,8
4,83
4,3
4,351
4,63
4,179
4,352
4,57
4,81
10,108
10,202
4,503
4,411
4,402
4,154
4,264
10,461
4,204
4,133
4,312
10,447
4,49
4,296
10,213
16,235
4,122
4,284
4,355
4,174
15,190
4,347
4,39
4,260
4,214
4,62
4,210
4,134
16,87
4,77
4,250
4,79
4,130
4,20
4,117
4,97
4,254
4,131
16,180
4,159
4,419
10,54
4,94
4,98
4,53
4,255
4,71
4,158
4,176
4,275
10,397
10,228
4,150
16,723
4,548
4,76
16,527
10,706
10,438
4,562
10,732
4,66
16,78
4,725
16,578
4,703
10,410
4,434
4,707
16,694
4,349
4,705
4,533
4,719
4,417
4,689
4,220
4,399
16,729
4,559
16,155
16,678
16,302
4,687
4,358
4,609
4,526
4,273
4,681
4,653
4,525
4,212
4,640
10,595
16,69
4,590
4,99
4,14
16,663
4,232
16,305
10,614
4,301
4,151
16,391
10,285
4,532
16,428
4,645
4,269
4,163
10,171
10,282
