119,1288
72,1285
73,1229
95,1254
18,1294
98,1290
73,1302
101,1153
66,1242
66,1262
66,1292
72,1102
73,282
73,1185
117,1240
115,998
78,1197
72,1238
112,1300
117,1168
66,1174
73,1187
73,1303
111,1299
73,1210
72,1272
98,1280
15,645
73,1247
18,1271
72,1054
73,1037
73,238
73,613
108,670
103,1156
73,823
73,1189
97,1255
72,757
73,1276
95,1230
121,1307
17,1172
73,946
84,621
73,434
15,913
103,1219
73,685
18,860
73,1209
74,365
73,682
73,1148
71,956
104,1281
116,995
31,509
18,1109
73,636
72,1047
73,540
72,563
73,958
73,438
97,1184
109,405
104,651
67,1231
70,825
106,1139
73,528
72,1146
73,1186
73,1118
105,1092
72,845
72,925
17,1235
80,1130
96,1308
92,1261
73,1068
15,1074
73,700
79,1016
69,619
72,1266
118,921
72,982
96,1232
31,399
68,1076
73,417
18,1282
61,1151
17,1226
66,1287
74,853
105,1142
99,1049
103,379
111,288
91,1056
72,859
50,826
115,794
73,809
76,1190
73,1245
73,915
31,1160
66,1183
111,1202
74,666
102,591
96,1066
73,1220
31,353
107,467
112,616
31,635
73,862
45,833
110,800
73,485
73,1297
113,1257
83,1286
62,1234
24,1104
95,1162
31,1128
95,1216
19,691
31,751
103,448
73,964
74,708
31,866
31,1127
73,1144
56,1256
31,492
31,950
73,1199
73,1289
20,1295
31,1233
72,1277
31,1030
31,469
77,916
18,1205
18,941
31,1243
70,1225
31,345
81,1133
31,999
73,1081
72,1175
73,1293
47,1129
17,626
93,428
87,1201
38,1196
16,1070
31,1181
31,1284
95,1112
31,1131
73,502
73,1006
11,721
31,1000
88,1071
17,819
31,716
31,1055
73,962
94,1249
31,1052
73,1171
35,817
51,1214
73,1163
31,1032
31,326
3,1244
31,1122
31,799
73,523
31,877
31,697
73,1221
73,991
31,840
73,1173
73,1008
4,987
34,850
73,609
31,1278
31,1304
31,1157
103,949
31,801
31,1027
31,1119
31,1192
7,1105
31,1134
64,954
73,740
31,1028
105,977
23,679
31,899
31,208
31,297
87,906
31,805
31,765
31,934
31,1298
31,1296
72,1283
31,1301
31,1218
31,1228
31,544
31,161
31,1269
31,404
31,1018
70,886
95,611
31,443
31,959
31,1085
31,253
25,667
31,473
28,450
89,695
31,402
58,287
12,378
22,994
31,856
31,764
31,1087
32,1200
90,974
31,1147
31,930
31,631
41,1136
31,503
31,989
6,1023
31,815
31,1079
31,565
31,696
31,1152
103,975
31,1115
103,615
34,213
33,923
36,1050
31,395
31,1126
31,846
31,649
31,795
31,888
31,488
31,658
5,955
31,1239
31,1159
31,430
31,790
31,785
31,908
31,1241
31,383
31,1179
112,1188
31,1265
31,1258
31,984
31,1259
73,966
31,1203
31,706
68,1215
31,358
31,420
31,269
31,1043
31,919
31,1260
31,842
31,1044
31,654
1,407
31,1161
30,1072
31,331
31,185
31,477
31,394
73,910
31,603
86,396
31,624
31,577
31,735
31,699
31,980
31,914
18,607
31,971
31,324
31,836
31,944
31,802
31,755
31,928
31,715
75,1264
31,907
31,876
31,376
31,347
31,789
31,644
31,262
31,855
31,1154
31,705
31,1208
31,496
82,804
31,546
31,837
31,472
31,986
31,922
31,191
31,527
31,869
31,1073
31,236
31,254
31,759
31,973
35,320
31,357
31,549
31,798
31,863
31,676
31,532
48,316
31,444
31,895
73,838
53,688
31,243
10,662
31,366
31,988
31,215
31,1213
31,196
31,743
30,811
31,929
31,1123
31,1251
31,1270
31,604
31,981
31,722
15,963
31,1064
31,589
31,612
31,260
31,879
31,766
31,709
33,848
31,871
31,359
73,704
31,1167
31,1275
37,285
31,873
35,717
31,841
31,887
31,844
31,750
31,573
31,1077
31,538
31,812
31,931
31,594
31,1042
31,961
31,1057
31,336
31,632
31,249
31,574
31,1108
31,672
31,690
31,281
31,517
31,1021
31,1113
31,1191
31,1031
31,227
31,657
31,470
31,880
31,550
27,1083
31,1060
31,1194
31,1029
31,481
30,633
31,306
31,322
31,211
31,200
31,233
31,997
31,720
31,882
31,872
31,454
31,1124
112,663
31,1125
31,386
31,1279
31,978
29,1088
40,1141
27,453
31,1069
31,1250
31,380
30,1114
31,990
31,421
31,835
31,414
31,768
31,425
31,1246
31,1204
31,828
31,427
31,409
31,293
31,1001
31,460
31,356
31,1022
31,1003
86,993
103,1039
31,489
31,1010
31,520
31,796
31,329
73,1035
31,936
31,1099
31,767
31,983
31,318
31,729
31,397
31,752
31,687
31,1166
46,596
31,665
42,1121
31,1143
31,1075
31,1004
31,948
31,511
31,683
31,255
31,436
31,373
31,889
31,1135
31,480
31,821
31,622
120,728
31,416
31,967
31,1007
31,553
31,385
31,985
31,992
31,661
31,308
31,924
31,1116
31,797
35,733
31,564
31,774
31,1101
31,1176
31,419
31,222
31,300
31,363
31,898
31,338
31,829
31,507
31,1094
73,1137
31,933
31,599
88,937
31,656
31,461
31,225
31,491
31,277
31,1082
31,1045
31,874
31,1117
31,839
31,583
31,598
31,263
31,458
31,452
31,852
31,832
59,465
31,1053
31,957
31,1089
31,1149
31,335
31,951
73,769
31,431
31,814
73,782
31,349
31,433
39,628
31,266
74,398
31,142
31,157
36,680
31,593
31,432
31,555
31,343
31,578
31,568
31,515
31,572
31,466
31,439
31,793
31,206
31,543
31,271
31,435
31,370
31,242
31,235
44,352
31,602
31,518
31,557
31,146
31,938
31,451
31,884
73,508
31,495
31,777
31,423
31,671
31,120
31,145
31,762
31,745
31,711
31,702
31,810
31,1120
47,1046
31,1274
72,585
54,442
31,625
31,710
31,181
27,367
31,1180
31,787
31,1267
30,707
31,426
31,854
31,1019
31,415
31,581
31,535
31,344
31,1236
31,446
48,664
31,668
60,960
31,818
31,311
31,784
31,1038
31,1017
31,917
31,1111
31,1103
31,1252
31,552
31,542
31,1065
31,834
31,1150
31,1106
31,736
31,1014
31,703
31,808
31,422
31,355
31,806
31,424
31,1158
31,1237
31,516
31,279
31,510
31,659
31,410
31,412
31,501
31,223
31,372
31,524
31,459
31,342
31,730
35,878
31,497
31,827
31,1012
31,561
31,1227
31,234
31,533
31,483
31,783
31,776
31,1090
31,1178
31,775
31,259
31,870
31,830
31,570
31,713
31,327
31,1061
31,996
31,1140
31,885
31,881
31,362
31,559
31,674
31,820
31,911
31,935
31,901
31,1212
31,970
31,280
69,1051
31,525
31,1211
31,1005
31,296
31,354
31,478
31,246
31,900
31,113
31,560
31,303
31,732
35,307
31,231
31,455
31,731
31,861
114,726
31,1020
31,788
31,1198
27,298
36,779
31,610
31,953
31,851
31,1011
31,479
31,1132
31,725
31,675
73,447
31,741
31,896
31,1086
35,150
31,237
31,401
31,531
31,512
31,694
31,268
31,361
31,244
31,494
31,382
31,325
31,608
31,1033
31,539
31,332
31,758
31,292
31,218
31,229
31,152
31,718
31,575
31,723
31,673
31,772
30,341
31,681
31,927
31,778
31,754
31,1067
31,1138
31,1059
31,647
31,413
31,567
31,232
31,822
31,920
31,791
31,1080
31,351
30,639
31,744
31,623
31,945
31,640
31,1025
31,875
31,334
31,617
31,348
31,712
31,317
31,556
31,1096
31,1110
31,1155
31,698
31,943
31,952
31,1002
31,387
31,883
31,1036
31,865
31,734
31,1164
31,748
31,1058
31,212
31,660
31,1224
31,475
31,456
31,346
31,701
31,780
31,390
31,267
31,595
31,505
31,641
31,605
31,600
31,597
31,286
31,646
31,500
31,620
31,965
31,193
31,289
31,388
31,562
31,643
31,807
25,771
31,739
31,669
31,763
31,571
31,693
82,918
31,530
31,304
31,381
31,498
31,278
31,137
31,868
31,727
31,677
31,369
31,590
31,947
31,197
31,159
31,642
31,537
31,847
31,686
31,894
31,592
31,714
31,513
31,514
31,295
31,174
57,1024
31,1026
31,968
31,719
31,283
31,265
31,339
49,761
31,309
31,749
31,738
31,153
35,411
100,313
30,892
31,566
31,134
31,781
31,301
31,258
31,226
31,241
31,652
31,857
31,123
31,1009
31,178
31,59
31,476
31,1040
31,391
31,93
31,190
31,330
31,1177
31,891
31,471
31,172
31,1182
31,792
31,221
31,692
31,1195
31,1034
31,291
31,770
31,678
31,1098
31,773
103,1015
21,909
31,554
85,547
31,1100
31,449
31,932
31,586
31,526
31,482
31,429
31,1165
31,207
31,315
31,418
31,979
31,580
31,558
31,653
31,905
31,601
31,490
31,210
31,545
31,276
31,1091
31,393
31,171
31,831
31,522
43,333
31,816
31,893
63,541
31,389
31,618
31,536
55,684
31,824
31,484
31,637
31,867
31,519
31,323
31,360
31,474
31,1248
31,228
31,310
31,182
31,529
31,849
31,813
31,588
31,926
31,499
31,305
31,843
31,1169
31,441
31,368
31,194
31,655
31,437
31,1084
31,290
31,753
31,340
31,912
31,141
31,256
31,1253
31,1305
31,1291
97,1306
31,274
31,400
31,204
31,273
31,468
31,638
31,445
31,904
31,786
31,384
31,803
31,314
31,689
31,737
31,760
31,408
31,364
31,534
31,187
31,902
31,747
31,1041
31,587
31,275
31,1063
31,634
31,746
36,464
31,1273
31,440
31,247
31,462
31,406
31,582
65,169
31,858
31,1097
31,245
31,1268
31,1223
31,1062
31,252
31,220
31,132
31,940
31,149
31,463
31,969
22,506
27,1217
31,261
31,96
31,156
31,328
31,155
31,60
31,30
31,5
31,51
31,80
31,180
31,98
31,166
31,44
52,28
31,85
31,48
31,392
31,170
31,136
31,606
31,1312
31,1309
31,1310
31,1316
31,1314
31,1315
31,1313
31,1319
119,1318
31,125
80,504
31,371
25,648
31,627
31,165
31,897
31,107
31,188
31,1078
31,375
31,264
31,284
70,214
31,1193
31,1206
31,1263
31,312
31,192
31,203
31,177
31,377
31,251
31,976
31,630
31,144
31,250
31,890
31,650
31,569
31,199
31,202
31,201
31,164
31,50
31,205
31,95
31,576
31,579
31,1207
31,124
31,614
31,175
31,139
31,374
31,52
31,23
31,13
31,65
31,756
31,61
88,84
31,109
31,162
31,54
31,14
31,7
31,1325
31,25
31,47
31,76
31,34
31,319
31,1170
31,186
31,128
31,148
31,493
31,112
31,32
31,403
31,195
31,33
31,127
31,1330
31,22
73,45
31,1321
31,3
31,29
31,119
31,176
31,299
31,147
31,63
31,548
31,183
31,217
31,198
31,111
31,37
31,55
31,75
31,73
31,41
31,38
31,1335
31,1320
31,189
9,66
31,1329
31,86
31,143
31,2
31,12
31,26
31,163
31,79
31,91
31,106
31,31
31,18
8,62
73,40
31,230
31,78
31,151
31,64
31,89
31,74
31,629
31,584
31,1327
41,1328
31,100
31,116
31,53
31,140
97,71
26,158
31,1107
31,239
31,56
31,88
31,724
31,302
31,94
31,337
31,11
31,1334
31,1324
31,99
31,114
31,10
31,9
31,21
31,1331
31,70
31,154
31,110
31,87
31,17
31,224
31,168
31,486
31,321
31,551
31,1145
31,179
33,248
31,257
31,81
31,1095
31,160
31,864
31,350
31,130
31,46
31,942
2,131
31,97
31,972
31,1048
31,216
25,105
31,939
31,272
31,209
31,487
27,270
31,103
31,138
31,36
31,49
31,1311
31,69
31,57
31,101
31,219
31,77
31,72
31,121
31,35
31,122
31,19
31,457
31,294
33,24
31,115
31,104
31,126
31,68
31,742
31,129
31,20
31,15
31,1333
31,90
31,1323
31,58
31,1326
33,1336
33,1
31,1093
31,521
13,16
13,108
103,43
13,42
13,173
13,133
13,4
13,240
100,135
14,118
13,82
73,92
73,1332
99,1222
116,1013
66,39
73,67
119,6
74,27
74,1317
73,903
73,1322
66,102
97,8
117,117
66,167
73,83
119,184
