158,753
156,746
167,76
97,762
120,775
162,512
134,668
195,486
118,706
154,696
268,758
252,699
40,780
113,260
40,711
130,691
63,499
113,796
183,45
195,130
40,206
94,89
86,669
322,632
253,735
137,703
212,724
234,790
97,756
245,782
61,754
102,169
5,777
40,716
201,759
308,761
91,123
7,755
117,774
93,663
151,661
161,788
190,583
127,511
220,739
84,694
60,577
101,690
318,606
38,752
99,767
147,747
337,685
95,383
252,766
80,63
115,713
11,468
118,127
186,679
166,741
59,750
220,672
78,619
231,727
336,742
89,693
72,722
193,717
324,714
168,528
67,504
264,608
82,660
88,510
220,605
239,698
65,728
149,634
164,635
256,526
1,574
163,502
39,417
189,372
311,537
320,473
164,432
220,544
74,282
142,589
141,337
72,557
185,224
184,710
63,721
92,626
198,385
203,529
268,405
181,395
171,426
292,617
118,595
233,671
50,552
178,515
253,666
37,667
333,551
36,615
185,603
135,683
129,522
40,569
87,680
337,505
72,627
98,516
75,723
172,686
288,466
220,719
20,725
282,689
166,637
220,564
170,568
136,286
220,306
114,464
116,453
319,436
250,313
114,28
154,329
148,77
152,218
267,268
278,494
268,440
266,514
295,449
168,769
139,378
144,65
140,783
276,598
39,700
134,625
263,720
258,654
175,662
166,452
202,597
85,256
151,438
174,105
58,240
338,673
82,590
294,612
159,638
182,533
29,622
326,565
183,563
295,664
220,506
15,670
141,692
148,675
261,348
245,541
181,381
288,459
71,584
169,618
112,548
40,546
321,650
4,384
184,408
151,358
139,312
76,779
46,27
317,642
182,718
145,441
188,740
251,592
300,300
293,518
197,227
249,211
191,628
250,213
2,99
56,443
195,639
6,677
4,35
330,155
293,392
220,195
293,98
296,174
55,30
110,462
209,237
266,393
204,422
196,226
182,542
79,298
46,376
239,294
258,305
119,580
313,198
125,331
125,336
224,134
192,192
248,315
209,196
312,682
176,540
253,591
123,148
159,391
120,271
307,547
315,567
42,653
246,704
185,418
180,280
233,630
306,415
138,463
11,687
128,594
270,357
195,360
321,434
291,550
77,629
69,536
41,490
147,368
124,140
155,520
90,125
232,302
143,458
331,11
162,100
220,517
97,141
40,343
118,480
125,308
135,325
167,461
69,245
239,623
318,531
64,364
276,497
170,521
62,534
188,684
112,460
9,601
132,620
57,543
253,715
271,139
292,420
224,212
108,142
117,610
111,651
235,586
22,151
165,425
96,423
40,508
323,73
194,401
173,347
242,539
192,498
164,399
185,561
242,538
305,640
206,621
293,487
281,475
146,649
145,562
243,575
235,571
290,611
269,316
152,648
70,633
330,712
214,442
234,613
143,407
249,350
284,409
191,554
73,410
52,489
15,122
49,176
16,448
256,607
163,501
269,695
81,614
330,532
260,446
234,560
305,301
250,194
253,205
103,207
83,162
294,582
250,335
224,168
37,143
163,208
11,369
305,103
187,588
268,573
290,397
331,281
321,555
264,248
229,307
109,344
287,108
34,25
31,332
73,279
32,362
33,230
185,55
273,12
213,363
259,530
279,323
68,81
253,373
254,513
270,545
179,328
157,527
133,173
280,375
292,152
303,394
66,219
218,359
257,604
130,479
258,341
242,587
177,299
231,330
54,241
178,234
229,370
150,471
220,600
213,503
223,412
3,636
21,467
19,658
20,674
27,193
276,470
197,36
244,8
258,201
228,20
179,246
292,214
126,69
265,435
17,292
264,437
94,295
10,225
69,197
226,317
26,238
287,356
213,112
287,94
286,297
180,60
298,95
327,183
139,342
271,43
25,85
218,191
271,274
100,215
267,189
339,164
244,175
263,101
326,19
263,167
227,411
43,239
20,760
329,652
68,86
11,396
224,365
35,380
279,107
193,229
235,153
192,377
232,158
169,456
237,293
207,483
283,137
205,172
13,252
46,52
289,190
314,304
288,303
238,257
30,314
121,146
231,171
235,92
43,91
107,382
174,79
14,414
268,185
241,145
267,147
270,265
245,113
271,150
235,7
27,129
236,242
297,26
220,138
328,309
301,477
302,157
334,184
224,41
3,10
285,136
8,254
153,2
57,126
262,154
269,61
106,266
21,3
173,144
330,71
24,128
220,272
285,439
51,178
286,121
279,102
23,643
23,339
47,324
240,83
160,80
16,88
270,296
265,288
220,259
332,6
289,42
222,495
298,232
220,163
236,1
230,366
10,4
263,261
53,29
220,119
220,519
220,289
260,419
237,51
236,48
236,402
268,22
206,54
96,40
278,97
267,333
236,32
76,578
40,602
23,131
221,135
260,57
220,132
225,18
255,14
270,179
289,275
230,349
267,283
45,455
279,481
219,285
285,210
264,59
277,104
229,9
247,263
267,39
224,284
260,220
215,5
275,233
217,264
20,223
279,222
236,398
236,576
20,451
287,231
291,253
131,374
224,16
18,556
11,277
289,367
285,244
285,44
230,114
236,353
230,318
47,90
275,120
236,186
236,523
20,249
285,118
335,68
292,93
221,64
285,404
122,267
220,250
104,310
19,361
250,430
20,177
294,72
220,371
216,78
44,270
263,273
305,31
292,47
224,62
230,17
277,96
208,161
328,74
272,334
236,46
20,156
232,116
231,23
20,75
304,56
267,216
105,326
236,255
262,67
220,37
220,478
289,278
220,159
12,209
263,379
284,200
230,509
283,319
289,235
236,447
329,221
236,228
216,188
220,702
267,49
285,269
230,133
270,87
22,428
231,688
223,581
236,596
210,389
279,655
271,553
331,599
220,549
283,641
220,570
221,124
297,646
236,579
230,388
200,676
285,624
20,678
211,705
163,287
333,482
325,387
19,525
334,491
284,492
285,485
215,558
263,400
309,406
274,416
231,390
20,465
43,665
47,450
299,165
39,322
220,496
220,320
231,170
220,354
230,352
28,431
236,58
236,243
220,340
220,559
230,444
236,609
220,457
233,403
299,507
230,276
22,476
199,38
22,202
220,351
236,355
326,433
277,111
236,109
267,338
220,50
236,182
272,203
20,33
236,386
220,474
220,795
230,701
220,781
220,262
289,792
220,794
39,793
220,770
220,290
231,115
40,524
316,34
220,13
274,21
22,15
220,708
331,797
40,737
41,736
223,180
220,786
283,773
220,745
220,771
267,734
220,709
220,731
211,772
236,251
231,743
223,236
220,748
236,749
220,798
236,787
330,445
220,187
220,217
331,732
331,493
41,566
46,657
330,656
41,454
220,427
40,585
40,535
330,659
220,697
207,149
220,84
220,789
41,321
48,744
40,488
220,106
220,199
46,82
46,751
220,429
329,616
220,785
220,593
220,778
220,469
220,765
327,484
220,738
220,204
310,311
220,733
220,726
334,327
326,729
328,345
220,258
220,730
332,707
231,631
40,768
41,500
41,644
40,791
220,110
220,681
335,166
220,764
328,424
212,757
220,413
40,647
220,784
231,472
334,763
329,776
40,572
46,66
220,53
39,117
220,645
333,70
40,247
40,346
40,181
40,24
220,291
40,421
46,160
