65,135
39,167
3,130
15,219
12,278
107,276
64,223
157,192
51,162
38,325
160,201
152,287
123,343
75,265
50,299
24,319
6,235
27,382
41,341
29,141
13,123
27,182
14,381
6,304
23,395
59,418
13,378
41,448
36,222
6,298
14,349
64,449
151,396
45,87
116,406
124,76
151,455
24,405
12,364
14,397
29,311
75,458
27,463
77,473
151,467
59,13
77,36
27,215
151,153
13,344
151,432
107,438
31,371
107,322
6,279
51,216
151,194
58,307
77,294
156,121
155,208
21,470
115,421
55,474
51,54
151,6
59,52
77,303
12,138
84,224
151,380
151,433
59,63
55,110
151,331
143,379
84,315
55,35
155,353
13,246
84,321
151,360
77,317
84,392
77,146
151,372
142,269
26,180
155,460
75,387
31,206
84,189
13,273
49,383
77,231
77,357
155,242
42,476
85,258
43,237
151,184
151,106
155,103
77,115
43,114
155,156
84,295
77,89
151,462
115,339
151,61
11,176
151,79
155,97
155,197
26,165
28,318
53,227
58,290
53,270
99,388
12,301
139,400
151,284
43,232
75,267
151,347
21,257
84,183
137,332
11,209
11,255
28,291
58,217
137,327
77,384
77,158
106,456
58,239
75,316
139,359
86,305
6,8
86,342
75,60
109,401
151,336
75,323
86,187
75,233
75,252
58,157
125,101
75,124
75,296
155,171
151,72
155,49
12,179
161,127
76,109
137,57
9,113
86,37
155,166
151,147
137,86
151,45
58,111
75,82
151,186
151,102
11,33
86,168
75,71
155,51
43,320
59,66
151,75
111,172
58,408
139,12
155,454
155,361
84,466
151,338
151,414
25,160
90,459
17,354
13,461
137,434
86,11
99,425
51,377
75,398
155,435
21,285
11,328
75,90
137,196
75,281
75,253
43,211
75,203
93,272
77,329
100,247
155,429
75,345
75,245
42,236
77,370
77,373
124,148
99,261
155,251
43,250
137,404
55,170
75,243
132,326
137,140
104,205
15,260
28,221
155,126
77,154
84,155
51,14
94,293
155,375
151,202
42,42
136,297
75,367
155,175
58,362
155,145
12,210
43,150
96,151
75,200
42,161
75,83
112,96
75,207
58,213
42,137
75,214
75,330
151,104
75,108
58,59
155,313
11,85
155,47
155,95
86,136
75,228
75,68
87,44
14,300
43,366
137,363
60,457
155,465
11,444
111,346
155,259
54,283
75,144
89,142
43,174
66,314
137,193
53,149
137,164
99,262
64,356
75,185
43,81
86,92
155,107
75,229
53,129
137,70
11,84
11,352
155,77
155,99
42,351
75,306
99,58
155,139
151,248
75,119
131,152
137,238
78,181
155,374
58,254
106,302
140,134
157,310
82,169
99,451
42,427
35,73
58,67
126,26
17,46
77,178
86,391
116,266
155,440
108,424
155,422
137,348
151,416
113,7
117,478
151,32
42,280
137,1
75,376
155,275
75,439
75,389
77,446
115,407
155,472
20,218
11,204
11,241
154,264
42,274
148,105
155,100
33,177
138,282
156,125
137,368
119,442
75,34
74,369
155,420
63,355
145,244
32,98
83,234
84,249
112,337
162,324
42,308
88,402
97,212
11,292
155,413
114,65
150,56
75,195
81,230
130,9
11,415
79,94
75,394
43,15
47,277
75,286
117,118
110,120
75,436
58,417
75,64
66,78
163,74
133,220
115,426
104,477
141,271
136,410
95,365
155,334
7,335
40,412
91,288
155,112
71,132
22,464
59,256
108,431
1,358
49,173
135,268
146,131
126,447
75,468
18,199
155,289
154,471
42,445
34,163
75,430
128,27
142,21
69,80
152,423
37,93
11,191
16,50
11,69
48,240
147,122
51,39
64,159
52,5
134,31
8,40
46,23
101,263
62,4
13,225
61,411
164,312
56,469
57,190
29,399
75,333
10,437
11,62
118,128
105,198
158,390
75,25
52,30
19,24
120,17
67,55
61,143
2,450
44,385
4,419
72,41
9,20
70,428
11,133
133,117
144,226
6,453
57,91
5,53
30,43
153,48
129,22
155,18
80,88
127,116
161,16
92,38
159,188
155,309
121,403
11,29
73,340
149,350
122,441
11,393
17,3
102,452
9,443
68,19
121,28
103,386
37,2
98,409
54,475
64,10
