2,833
2,565
5,831
2,845
3,640
5,769
5,767
2,682
2,739
1,713
1,797
2,832
5,732
2,762
3,691
2,642
2,756
5,795
2,367
5,711
1,776
3,810
2,671
2,607
5,747
4,822
2,318
3,494
5,669
1,853
2,847
2,818
2,751
4,114
5,687
2,793
5,731
5,608
1,559
1,645
2,707
2,353
2,839
2,771
5,543
3,750
2,723
2,322
2,689
5,763
2,817
5,714
2,709
2,802
2,676
2,746
4,653
5,598
2,573
5,184
2,748
5,179
1,782
2,638
2,675
2,571
2,761
2,579
5,595
3,485
5,304
4,646
4,719
5,778
5,619
5,672
4,615
5,734
2,555
5,764
2,774
2,848
3,668
3,677
5,216
2,212
1,695
2,685
5,305
2,820
3,605
2,686
2,826
2,787
5,841
5,789
3,825
2,819
3,840
1,704
2,416
5,792
5,850
2,829
2,575
2,790
5,712
3,814
2,737
2,740
2,532
2,170
5,568
2,588
5,48
2,550
2,566
2,754
5,547
3,843
2,718
2,725
2,816
5,849
3,806
2,661
2,842
2,437
5,824
2,429
2,652
2,462
2,259
2,518
5,94
2,524
2,19
2,109
4,479
2,478
2,567
2,9
5,326
2,246
5,604
1,618
2,692
5,226
2,422
3,558
5,766
3,267
5,639
3,445
5,800
5,17
3,378
5,727
2,418
2,770
2,328
5,706
2,384
5,374
2,253
3,643
2,234
2,345
2,854
2,670
2,830
2,59
2,131
5,681
1,745
4,852
5,696
3,834
2,779
2,773
3,637
1,708
5,610
2,683
2,512
1,557
2,520
2,654
2,625
2,611
4,626
3,499
2,563
4,393
2,634
5,587
3,589
5,651
2,535
5,562
3,678
5,743
2,585
5,757
5,622
2,788
2,693
2,530
2,118
4,442
2,702
2,703
2,721
2,541
2,656
2,755
1,684
2,781
2,516
2,627
2,644
2,722
5,453
5,522
2,255
2,556
2,423
2,657
2,796
2,837
2,309
2,443
2,600
2,552
3,803
2,738
2,597
2,663
5,617
2,574
2,635
2,591
5,649
2,716
5,705
2,623
2,780
3,641
2,760
2,694
1,580
2,724
2,630
5,458
2,799
2,648
2,759
5,658
2,667
2,477
5,504
1,551
2,592
2,741
2,513
2,472
2,544
2,596
5,459
2,469
2,167
2,444
3,515
5,377
2,338
2,2
3,8
2,435
2,295
2,528
4,401
5,386
2,380
5,534
2,385
3,249
3,55
1,381
2,427
2,483
2,362
1,388
2,390
5,475
2,317
2,144
2,468
2,237
1,187
2,484
2,315
2,449
2,564
2,726
2,465
2,481
2,599
2,700
2,578
3,620
2,323
2,749
2,583
3,116
2,577
2,594
2,768
2,394
2,343
5,169
1,433
2,329
2,344
2,199
1,744
2,283
2,398
2,265
2,506
2,222
2,519
2,655
2,81
2,440
2,375
3,349
2,330
2,526
5,498
2,662
2,650
1,493
2,432
2,266
2,365
2,276
2,12
2,136
2,229
5,68
1,368
2,90
2,133
2,476
2,364
2,537
2,279
2,402
2,209
5,132
1,141
2,348
1,400
2,570
2,614
2,680
2,542
2,452
1,51
5,32
2,193
5,715
2,511
2,593
2,752
5,473
2,569
2,601
5,492
2,502
2,501
5,404
5,327
2,730
2,728
2,697
2,572
2,447
1,391
2,436
2,497
2,742
2,508
2,673
5,772
3,699
5,688
2,733
2,586
2,431
2,603
2,500
2,523
2,214
5,263
2,576
3,293
5,42
5,306
1,439
5,221
3,126
2,122
5,41
2,134
2,233
5,92
2,121
3,270
2,357
1,185
2,56
2,448
1,303
5,514
5,308
2,406
2,335
2,49
2,257
2,609
2,415
2,236
5,584
2,67
2,366
2,482
5,66
2,142
2,710
2,173
2,110
2,190
2,161
2,413
5,127
2,180
2,271
2,313
3,138
5,546
2,290
2,147
5,231
5,23
2,631
5,616
2,488
2,346
5,208
2,521
2,268
2,387
1,33
2,1
2,302
2,311
2,347
2,213
6,93
5,392
2,399
2,296
5,549
2,128
2,188
2,529
2,242
2,53
2,79
2,165
2,43
2,403
2,621
2,430
1,582
5,495
2,227
5,505
5,291
3,525
2,503
2,679
2,456
2,215
5,218
2,461
2,171
2,319
2,203
2,517
2,420
2,510
2,355
2,333
2,331
3,467
2,86
5,735
2,82
2,480
2,613
2,647
2,354
2,466
2,441
2,228
2,111
2,352
2,341
2,359
2,463
2,105
2,260
2,24
2,256
5,280
2,324
2,264
2,117
3,112
2,297
5,4
2,240
2,189
3,160
2,106
5,14
3,211
5,88
2,27
2,130
2,289
2,159
5,225
2,31
2,272
2,16
2,65
2,149
2,332
2,207
3,172
5,219
2,244
2,561
2,312
2,241
2,252
1,247
2,278
2,371
2,250
2,548
2,428
2,195
2,275
2,64
2,232
2,300
2,168
2,298
2,337
2,307
2,358
2,238
2,104
2,340
2,101
2,36
5,301
2,316
2,334
2,137
2,123
2,356
2,61
2,163
2,54
1,140
2,98
2,44
2,220
2,47
2,285
2,373
2,230
2,206
2,784
2,855
2,539
5,861
2,28
2,808
2,720
1,450
2,46
2,851
2,785
2,99
2,181
3,152
2,108
2,97
2,277
2,192
2,813
2,70
2,5
2,22
2,659
2,857
2,660
3,15
2,859
2,166
2,314
1,178
1,828
2,83
2,407
3,248
5,197
2,273
2,201
5,531
2,860
2,157
2,396
2,120
2,821
2,701
2,286
2,805
2,777
2,823
2,632
2,612
2,84
2,419
2,674
2,624
2,815
2,336
2,125
2,858
2,507
2,801
3,835
3,536
2,758
2,698
2,150
5,553
3,491
5,412
2,665
2,287
2,154
2,235
2,310
2,91
2,451
3,269
2,540
2,666
2,85
2,405
2,370
2,460
2,581
2,471
2,414
2,408
2,274
2,446
2,496
2,261
2,434
5,35
2,25
2,360
2,89
2,45
2,487
2,177
2,74
3,425
2,664
2,155
3,143
2,129
2,527
2,58
2,243
2,145
2,6
2,490
2,113
2,75
2,103
2,38
2,62
2,80
2,205
2,18
1,254
2,115
2,148
3,223
2,151
2,37
2,294
2,29
2,69
2,198
2,162
2,164
1,489
2,636
2,383
2,282
2,438
2,602
2,633
1,95
2,417
2,409
2,204
2,538
2,509
2,71
2,457
2,382
2,426
2,339
2,96
2,350
2,554
2,690
2,76
2,411
1,376
2,196
2,284
2,474
2,454
3,153
2,202
2,13
2,124
2,239
2,245
2,455
1,135
2,52
2,258
2,320
2,397
2,395
2,224
2,156
2,78
2,158
1,102
2,183
3,545
2,533
2,3
2,372
2,174
2,7
1,50
3,379
3,107
1,119
2,60
2,20
2,200
2,470
1,26
2,73
2,139
1,281
2,191
2,194
2,72
1,77
2,34
2,210
3,176
2,57
2,606
1,838
3,836
2,560
1,765
3,351
1,63
2,844
1,629
1,811
3,421
2,464
3,827
2,717
2,175
2,809
2,410
2,590
3,846
2,363
3,804
2,783
2,251
2,39
1,486
3,856
2,40
2,182
2,812
2,369
2,146
2,262
3,342
1,807
2,736
1,217
2,753
2,791
2,288
2,786
2,325
1,87
2,424
1,729
2,186
2,299
2,798
2,628
3,100
2,321
2,21
2,775
3,292
1,10
3,794
3,389
3,30
3,361
3,11
