3,712
3,728
3,737
4,724
3,701
3,600
14,618
3,508
3,646
3,654
3,656
3,505
3,719
3,739
3,643
3,669
3,664
3,504
14,686
3,616
3,729
3,677
14,596
3,633
14,734
14,718
3,715
3,723
3,702
14,545
3,685
3,671
3,722
4,571
3,406
3,720
3,512
3,756
3,735
14,727
3,370
3,546
3,364
3,427
3,621
14,564
3,351
3,521
4,632
3,732
14,687
3,659
2,526
3,604
3,731
3,705
2,615
3,601
4,506
3,672
3,714
3,611
3,644
14,708
14,479
3,648
3,559
3,588
3,547
14,710
3,667
3,581
3,469
3,553
3,647
14,636
3,638
3,562
3,688
3,585
14,520
3,262
3,630
3,560
3,613
3,419
3,699
3,476
3,590
3,456
3,529
3,570
3,623
4,662
3,272
3,401
3,524
14,403
2,609
14,321
3,346
3,649
3,645
3,386
3,368
3,661
3,652
3,706
3,461
21,284
3,625
14,550
3,586
14,670
3,634
3,610
3,703
1,543
4,683
14,352
3,721
14,568
14,363
3,208
3,535
20,541
3,379
14,497
3,418
8,528
3,444
14,640
3,695
3,607
3,655
3,591
16,680
3,573
3,673
13,696
11,593
21,400
3,709
3,658
1,657
3,540
3,446
3,393
18,319
16,453
3,660
14,438
3,462
16,507
9,744
6,675
3,287
2,264
3,192
2,484
3,679
16,347
3,460
3,605
3,390
16,382
5,405
3,236
3,454
2,578
2,247
14,488
14,378
7,522
16,407
16,425
16,502
3,330
14,373
16,276
16,483
16,285
3,274
16,435
16,491
3,249
3,415
16,515
16,441
3,514
18,374
16,486
16,327
21,381
16,377
16,487
16,429
16,574
17,542
16,463
16,525
16,450
16,455
3,493
3,220
16,238
16,320
16,243
16,413
3,387
16,316
16,354
16,443
14,492
12,397
3,189
2,412
14,150
21,404
16,248
16,537
3,241
16,385
16,299
16,211
4,408
16,232
16,306
16,430
16,464
16,577
16,494
3,567
3,258
16,384
16,255
16,627
16,235
16,270
16,181
16,177
16,532
16,594
16,608
2,421
3,296
16,383
16,694
16,414
2,503
16,411
16,556
16,442
16,513
16,361
16,642
19,209
16,329
16,348
16,325
16,475
16,227
16,449
16,283
16,436
16,307
16,239
16,162
16,266
16,434
16,212
16,297
16,196
16,184
16,301
16,223
16,345
16,259
16,500
16,197
10,490
16,579
16,554
16,392
16,641
16,576
16,480
16,228
16,290
16,288
16,253
21,372
16,440
16,350
16,225
16,375
16,252
16,278
16,176
16,598
16,575
16,395
12,626
16,472
16,416
16,231
16,206
16,595
16,240
16,628
16,561
16,268
16,582
3,277
16,275
16,154
16,201
16,603
16,185
16,750
16,747
16,755
16,745
16,758
16,653
16,760
16,757
16,753
16,742
16,748
16,752
16,746
16,749
16,751
14,743
16,761
3,523
16,552
3,527
16,467
16,332
16,549
16,451
16,530
16,353
16,366
16,221
16,359
16,256
16,322
16,555
16,254
16,280
16,202
16,485
3,291
16,237
21,355
16,300
16,424
16,340
16,519
16,580
16,459
16,389
16,614
16,282
16,544
21,265
16,433
1,380
16,289
16,589
16,305
16,439
16,651
16,311
16,309
16,637
16,639
16,445
16,224
16,668
16,344
16,597
16,587
16,251
16,207
16,315
16,230
16,631
16,195
16,312
16,295
16,698
3,516
16,388
16,313
16,612
16,399
16,509
16,563
16,367
16,583
16,557
16,409
16,716
16,398
16,394
16,622
16,432
16,437
16,465
16,635
16,458
16,410
20,293
16,468
16,539
3,267
16,334
21,349
16,343
16,362
16,428
21,606
16,338
16,302
16,260
16,242
20,357
16,308
16,342
16,518
16,717
16,331
16,182
16,175
16,279
16,261
16,365
16,689
16,510
16,551
16,423
16,304
14,326
16,318
16,726
16,697
16,269
16,681
16,707
16,317
16,617
16,693
2,692
16,629
16,725
16,730
16,676
16,496
16,323
16,666
16,736
16,691
16,733
16,569
16,682
16,665
16,489
16,538
14,548
3,402
16,599
16,481
21,263
21,452
16,572
16,482
16,584
16,558
16,498
16,213
16,501
16,200
16,391
16,376
16,624
16,704
16,324
16,678
16,273
16,360
2,180
16,470
16,690
16,198
21,333
16,740
16,466
16,471
16,328
16,294
16,188
16,286
16,448
16,203
16,193
16,244
3,592
16,684
16,565
16,663
16,536
16,298
3,137
16,336
16,341
16,166
16,229
16,310
16,271
16,199
16,763
16,764
16,754
16,149
16,191
16,257
3,194
16,499
20,110
3,292
16,426
16,369
16,477
16,602
16,219
16,422
16,478
16,358
16,142
16,711
16,533
16,126
16,431
16,417
16,64
16,112
16,172
16,65
16,114
16,25
16,218
16,81
16,741
16,122
16,23
16,46
16,152
16,566
16,30
16,70
16,123
14,179
16,76
16,100
16,7
16,214
16,128
16,473
16,447
16,335
16,650
16,19
16,51
16,770
16,40
16,98
16,26
16,173
16,132
16,120
16,700
16,738
16,303
16,215
16,155
16,713
16,281
16,141
16,140
16,5
16,79
16,15
16,115
16,337
16,420
16,54
16,127
21,102
16,31
16,69
16,517
16,67
16,216
16,8
16,33
16,74
16,29
16,55
16,14
16,89
16,32
16,84
16,28
16,72
4,1
3,47
16,3
16,41
16,97
16,90
16,6
16,39
16,133
16,82
16,762
16,11
16,27
16,21
16,125
16,765
16,44
16,769
16,43
16,768
16,135
16,183
16,190
16,68
16,161
16,159
16,124
16,92
16,234
16,168
16,246
14,147
16,531
16,134
16,66
16,153
16,106
16,60
16,77
16,20
16,22
16,2
16,10
16,93
16,45
16,109
16,101
16,78
16,131
16,58
16,157
16,144
16,24
16,103
16,35
1,146
16,62
16,48
16,18
16,767
16,13
16,87
16,36
16,17
16,37
16,63
16,83
16,9
16,16
16,42
16,136
16,766
16,339
16,205
16,71
16,396
16,178
16,52
16,222
16,356
16,116
12,107
16,474
16,96
16,511
16,534
16,314
16,204
16,138
16,91
16,151
16,50
21,139
16,148
9,88
16,38
16,111
16,80
16,86
16,210
16,61
16,12
16,117
16,73
16,186
16,75
16,620
16,105
16,165
16,85
16,104
16,187
16,163
16,121
16,95
16,169
16,108
16,56
16,143
12,164
16,113
16,129
14,233
16,226
16,759
16,619
16,94
16,59
16,49
16,119
16,34
16,4
16,160
16,250
16,495
15,158
16,245
16,457
16,171
16,217
4,170
16,57
16,99
3,53
15,674
15,371
3,145
3,118
3,167
3,174
3,156
14,130
