144,753
142,746
153,76
90,762
111,775
148,512
123,668
179,486
109,706
140,696
242,758
226,699
37,780
105,260
37,711
119,691
58,499
105,796
168,45
179,130
37,206
87,89
80,669
289,632
227,735
126,703
192,724
211,790
90,756
220,782
56,754
94,169
5,777
37,716
184,759
275,761
85,123
7,755
108,774
86,663
137,661
147,788
174,583
117,511
199,739
78,694
55,577
93,690
285,606
35,752
91,767
134,747
303,685
88,383
226,766
74,63
106,713
11,468
109,127
171,679
152,741
54,750
199,672
72,619
209,727
302,742
83,693
66,722
177,717
291,714
154,528
62,504
238,608
76,660
82,510
199,605
215,698
60,728
135,634
150,635
230,526
1,574
149,502
36,417
174,372
278,537
287,473
150,432
199,544
68,282
130,589
130,337
66,557
170,224
169,710
58,721
86,626
181,385
186,529
242,405
166,395
157,426
262,617
109,595
210,671
45,552
163,515
227,666
34,667
299,551
33,615
170,603
124,683
118,522
37,569
81,680
303,505
66,627
90,516
69,723
158,686
258,466
199,719
19,725
252,689
152,637
199,564
156,568
125,286
199,306
106,464
107,453
286,436
224,313
106,28
140,329
134,77
138,218
241,268
249,494
242,440
240,514
264,449
154,769
128,378
132,65
129,783
248,598
36,700
123,625
237,720
232,654
161,662
152,452
185,597
79,256
137,438
160,105
53,240
304,673
76,590
263,612
145,638
167,533
26,622
293,565
168,563
264,664
199,506
15,670
130,692
134,675
235,348
220,541
166,381
258,459
65,584
155,618
104,548
37,546
288,650
4,384
169,408
137,358
128,312
70,779
41,27
284,642
167,718
133,441
173,740
225,592
268,300
263,518
180,227
223,211
175,628
224,213
2,99
51,443
179,639
6,677
4,35
296,155
263,392
199,195
263,98
264,174
50,30
102,462
190,237
240,393
187,422
179,226
167,542
73,298
41,376
215,294
232,305
110,580
280,198
115,331
115,336
202,134
176,192
222,315
190,196
279,682
161,540
227,591
113,148
145,391
111,271
274,547
282,567
38,653
221,704
170,418
165,280
210,630
273,415
127,463
11,687
117,594
243,357
179,360
288,434
261,550
71,629
64,536
37,490
134,368
114,140
141,520
84,125
209,302
131,458
297,11
148,100
199,517
90,141
37,343
109,480
115,308
124,325
153,461
64,245
215,623
285,531
59,364
248,497
156,521
57,534
173,684
104,460
9,601
121,620
52,543
227,715
244,139
262,420
202,212
100,142
108,610
103,651
211,586
20,151
151,425
89,423
37,508
290,73
178,401
159,347
217,539
176,498
150,399
170,561
217,538
272,640
189,621
263,487
252,475
133,649
133,562
218,575
211,571
260,611
242,316
138,648
64,633
296,712
194,442
211,613
131,407
223,350
254,409
175,554
67,410
47,489
15,122
44,176
16,448
230,607
149,501
242,695
75,614
296,532
234,446
211,560
272,301
224,194
227,205
95,207
77,162
263,582
224,335
202,168
34,143
149,208
11,369
272,103
172,588
242,573
260,397
297,281
288,555
238,248
207,307
101,344
257,108
31,25
28,332
67,279
29,362
30,230
170,55
246,12
193,363
233,530
250,323
63,81
227,373
228,513
243,545
164,328
143,527
122,173
251,375
262,152
270,394
61,219
197,359
231,604
119,479
232,341
217,587
162,299
209,330
49,241
163,234
207,370
136,471
199,600
193,503
202,412
3,636
20,467
19,658
19,674
24,193
248,470
180,36
219,8
232,201
206,20
164,246
262,214
116,69
239,435
17,292
238,437
87,295
10,225
64,197
204,317
23,238
257,356
193,112
257,94
256,297
165,60
266,95
294,183
128,342
244,43
22,85
197,191
244,274
92,215
241,189
305,164
219,175
237,101
293,19
237,167
205,411
39,239
19,760
295,652
63,86
11,396
202,365
32,380
250,107
177,229
211,153
176,377
209,158
155,456
213,293
189,483
253,137
188,172
13,252
41,52
259,190
281,304
258,303
214,257
27,314
112,146
209,171
211,92
39,91
99,382
160,79
14,414
242,185
216,145
241,147
243,265
220,113
244,150
211,7
24,129
212,242
265,26
199,138
295,309
269,477
270,157
300,184
202,41
3,10
255,136
8,254
139,2
52,126
236,154
242,61
98,266
20,3
159,144
296,71
21,128
199,272
255,439
46,178
256,121
250,102
21,643
21,339
42,324
215,83
146,80
16,88
243,296
239,288
199,259
298,6
259,42
201,495
266,232
199,163
212,1
208,366
10,4
237,261
48,29
199,119
199,519
199,289
234,419
213,51
212,48
212,402
242,22
189,54
89,40
249,97
241,333
212,32
70,578
37,602
21,131
200,135
234,57
199,132
203,18
229,14
243,179
259,275
208,349
241,283
40,455
250,481
198,285
255,210
238,59
248,104
207,9
222,263
241,39
202,284
234,220
195,5
247,233
196,264
19,223
250,222
212,398
212,576
19,451
257,231
261,253
120,374
202,16
18,556
11,277
259,367
255,244
255,44
208,114
212,353
208,318
42,90
247,120
212,186
212,523
19,249
255,118
301,68
262,93
200,64
255,404
112,267
199,250
96,310
19,361
224,430
19,177
263,72
199,371
196,78
39,270
237,273
272,31
262,47
202,62
208,17
248,96
189,161
295,74
245,334
212,46
19,156
209,116
209,23
19,75
271,56
241,216
97,326
212,255
236,67
199,37
199,478
259,278
199,159
12,209
237,379
254,200
208,509
253,319
259,235
212,447
295,221
212,228
196,188
199,702
241,49
255,269
208,133
243,87
20,428
209,688
202,581
212,596
190,389
250,655
244,553
297,599
199,549
253,641
199,570
200,124
265,646
212,579
208,388
183,676
255,624
19,678
191,705
149,287
299,482
292,387
19,525
300,491
254,492
255,485
195,558
237,400
276,406
247,416
209,390
19,465
39,665
42,450
267,165
36,322
199,496
199,320
209,170
199,354
208,352
25,431
212,58
212,243
199,340
199,559
208,444
212,609
199,457
210,403
267,507
208,276
20,476
182,38
20,202
199,351
212,355
293,433
248,111
212,109
241,338
199,50
212,182
245,203
19,33
212,386
199,474
199,795
208,701
199,781
199,262
259,792
199,794
36,793
199,770
199,290
209,115
37,524
283,34
199,13
247,21
20,15
199,708
297,797
37,737
37,736
202,180
199,786
253,773
199,745
199,771
241,734
199,709
199,731
191,772
212,251
209,743
202,236
199,748
212,749
199,798
212,787
296,445
199,187
199,217
297,732
297,493
37,566
41,657
296,656
37,454
199,427
37,585
37,535
296,659
199,697
189,149
199,84
199,789
37,321
43,744
37,488
199,106
199,199
41,82
41,751
199,429
295,616
199,785
199,593
199,778
199,469
199,765
294,484
199,738
199,204
277,311
199,733
199,726
300,327
293,729
295,345
199,258
199,730
298,707
209,631
37,768
37,500
37,644
37,791
199,110
199,681
301,166
199,764
295,424
192,757
199,413
37,647
199,784
209,472
300,763
295,776
37,572
41,66
199,53
36,117
199,645
299,70
37,247
37,346
37,181
37,24
199,291
37,421
41,160
