43,667
38,680
13,672
4,649
38,652
43,651
34,634
18,671
28,669
38,660
20,510
34,656
8,631
37,647
41,598
38,594
13,682
23,107
40,515
21,405
29,138
21,474
28,481
5,519
37,507
14,552
37,639
18,646
27,495
18,617
30,553
2,658
38,616
18,527
39,584
43,543
8,535
36,654
35,583
18,558
17,636
24,664
18,608
31,655
21,666
28,653
9,629
18,676
18,599
30,560
1,601
18,358
21,644
21,446
21,678
18,71
36,633
38,588
14,145
18,395
15,234
12,550
43,426
18,485
44,430
16,429
18,374
38,302
43,129
43,308
18,327
18,416
18,82
25,257
18,8
14,52
8,489
42,152
18,143
18,421
31,587
18,612
9,579
21,623
41,565
18,90
30,486
4,600
15,452
18,378
13,534
39,549
8,352
38,195
5,432
43,353
18,454
39,417
13,473
17,546
18,363
16,330
1,216
21,228
18,427
16,491
18,536
38,453
5,410
18,400
33,541
38,334
19,350
30,555
12,595
6,663
18,637
1,650
18,643
18,563
14,657
18,508
23,681
18,662
18,372
35,626
18,404
5,590
18,513
30,465
38,478
18,447
38,246
41,611
14,613
39,554
4,580
18,566
38,529
43,568
18,476
38,597
18,591
14,551
18,521
16,574
24,573
35,562
14,585
11,511
18,537
18,412
39,632
39,592
8,576
8,578
14,610
18,642
18,615
18,487
18,533
18,530
5,497
3,455
11,544
18,556
18,630
18,531
43,456
35,479
10,268
34,517
32,282
20,422
38,444
18,509
28,351
18,218
18,329
38,326
18,420
35,451
11,518
18,461
40,394
38,528
34,437
18,324
17,548
39,213
38,202
12,645
38,624
13,496
18,460
14,226
37,545
18,204
38,356
18,377
43,127
18,270
20,159
18,217
18,73
18,249
18,291
16,449
18,337
14,72
18,40
28,442
18,459
18,64
21,364
18,419
18,101
18,439
8,609
18,577
15,561
14,606
4,684
19,532
21,618
18,538
18,614
18,581
18,525
5,559
18,539
18,540
37,214
18,677
10,635
8,564
18,607
18,596
18,431
18,492
18,665
43,409
38,297
18,406
21,141
18,462
18,340
18,488
18,522
41,418
8,467
41,475
18,307
38,493
21,381
18,296
18,231
18,120
18,285
14,277
14,391
5,56
18,211
21,524
18,122
18,362
39,271
18,498
38,298
18,503
18,247
18,463
20,86
38,441
18,567
18,28
18,283
19,317
18,266
18,506
18,117
18,184
18,433
14,361
18,483
18,336
18,342
18,322
18,345
1,79
18,280
21,241
26,436
18,178
6,259
18,237
18,162
18,132
17,424
39,256
10,411
18,80
35,371
19,97
43,229
43,166
18,390
18,413
43,325
38,526
1,179
9,286
21,457
16,67
20,466
18,490
18,393
15,575
21,369
18,379
43,471
18,176
38,289
18,398
18,253
18,232
18,512
18,621
18,49
18,288
18,240
21,207
38,276
18,320
18,124
18,542
18,458
20,335
38,239
18,469
8,220
18,354
20,105
4,294
18,279
29,375
43,275
21,470
43,435
18,382
18,384
18,401
18,516
18,161
21,263
18,206
18,386
18,316
7,209
38,125
18,258
18,75
18,331
18,370
18,244
10,160
39,198
21,48
18,205
18,248
18,357
18,494
18,200
18,281
18,272
43,168
18,365
18,373
18,151
39,328
18,265
18,119
16,227
18,43
43,60
18,30
4,188
40,110
19,34
18,438
18,287
31,167
18,238
18,434
18,181
36,158
34,41
18,189
32,100
18,299
18,304
21,113
43,389
18,224
18,278
18,501
32,675
16,679
18,619
18,245
18,500
18,480
18,520
43,686
38,640
18,628
18,589
18,502
18,45
18,402
18,104
18,20
21,319
18,53
40,255
18,332
18,355
38,225
18,22
18,292
18,313
18,685
18,368
18,423
18,54
18,84
18,348
18,215
18,586
38,264
18,55
18,338
38,203
18,315
10,482
18,11
18,273
43,174
18,343
43,499
18,66
18,408
18,383
18,468
18,208
18,472
18,146
18,106
18,102
18,314
18,89
18,61
18,221
43,318
18,261
18,210
18,121
16,222
18,144
18,76
18,157
16,149
18,26
18,196
18,59
18,135
10,284
18,260
18,91
21,17
18,194
20,3
18,99
43,235
18,171
18,301
18,445
18,477
18,366
18,47
18,83
18,312
18,115
18,62
18,192
18,183
18,165
18,150
22,37
21,93
21,219
21,13
18,251
39,341
43,236
18,77
18,156
18,155
18,295
18,116
18,359
18,230
18,109
38,163
18,262
18,95
18,128
18,24
18,4
21,223
18,344
18,387
43,137
18,88
18,290
18,118
18,103
18,311
18,51
18,32
18,164
18,68
18,415
18,133
18,175
18,33
18,191
18,254
18,112
18,193
18,243
18,428
18,199
18,269
18,131
18,323
43,440
18,443
18,310
18,58
18,2
18,142
18,514
18,333
18,5
18,339
43,274
18,10
18,360
18,180
18,139
18,16
18,186
18,94
18,108
18,380
18,367
18,153
43,154
43,92
43,190
43,300
18,136
18,35
18,98
18,504
18,267
18,425
18,19
18,185
18,388
43,134
18,250
18,85
18,252
21,15
18,25
18,27
21,14
18,233
18,197
18,38
43,57
18,396
18,126
18,182
18,170
18,39
18,148
18,303
18,78
43,87
43,114
43,130
43,50
18,31
18,44
18,81
18,392
18,638
18,407
18,173
18,399
18,111
18,7
18,172
18,12
18,187
21,397
43,212
18,9
43,23
18,177
18,46
43,346
18,21
43,42
21,147
18,123
18,18
18,293
18,74
18,29
18,140
18,604
18,376
18,622
32,347
18,670
21,523
43,464
18,661
18,321
18,602
18,582
18,96
18,36
43,683
18,69
18,625
18,570
18,448
18,659
18,648
18,414
18,63
18,620
18,385
43,603
18,572
43,593
18,309
18,505
18,484
18,668
18,674
18,547
43,169
18,571
43,242
18,557
18,70
43,641
43,403
21,627
18,349
18,1
18,569
21,201
18,6
18,305
18,673
43,450
18,605
21,306
21,65
