68,667
57,680
17,672
4,649
57,652
69,651
51,634
26,671
43,669
57,660
34,510
51,656
10,631
55,647
63,598
56,594
17,682
38,107
62,515
35,405
45,138
35,474
43,481
6,519
55,507
19,552
55,639
26,646
42,495
30,617
46,553
2,658
57,616
30,527
61,584
68,543
10,535
53,654
52,583
26,558
23,636
39,664
29,608
48,655
35,666
44,653
12,629
26,676
26,599
46,560
1,601
26,358
35,644
35,446
36,678
26,71
53,633
57,588
19,145
29,395
20,234
16,550
68,426
26,485
71,430
21,429
26,374
57,302
68,129
68,308
26,327
26,416
26,82
40,257
26,8
19,52
9,489
65,152
26,143
26,421
48,587
26,612
12,579
35,623
64,565
26,90
47,486
5,600
20,452
26,378
17,534
59,549
10,352
56,195
6,432
68,353
26,454
61,417
17,473
23,546
26,363
22,330
1,216
35,228
26,427
22,491
26,536
58,453
6,410
30,400
50,541
57,334
33,350
47,555
16,595
7,663
26,637
1,650
28,643
26,563
19,657
26,508
38,681
26,662
26,372
52,626
26,404
6,590
26,513
47,465
57,478
26,447
57,246
64,611
19,613
61,554
4,580
26,566
57,529
68,568
26,476
57,597
26,591
19,551
26,521
22,574
39,573
52,562
19,585
15,511
28,537
26,412
60,632
60,592
9,576
9,578
19,610
25,642
26,615
26,487
26,533
26,530
6,497
3,455
15,544
26,556
31,630
27,531
68,456
52,479
14,268
51,517
49,282
34,422
57,444
26,509
44,351
26,218
26,329
57,326
25,420
52,451
15,518
26,461
62,394
56,528
51,437
30,324
23,548
59,213
57,202
16,645
57,624
17,496
26,460
19,226
54,545
26,204
57,356
27,377
67,127
26,270
34,159
26,217
26,73
26,249
26,291
21,449
26,337
19,72
26,40
43,442
26,459
26,64
35,364
26,419
26,101
26,439
10,609
26,577
20,561
19,606
4,684
32,532
35,618
26,538
29,614
26,581
26,525
6,559
26,539
26,540
54,214
26,677
14,635
11,564
26,607
25,596
26,431
26,492
26,665
68,409
57,297
26,406
35,141
26,462
26,340
27,488
26,522
64,418
10,467
63,475
26,307
57,493
35,381
26,296
26,231
26,120
26,285
18,277
19,391
6,56
26,211
35,524
28,122
26,362
61,271
26,498
57,298
26,503
26,247
27,463
34,86
57,441
26,567
26,28
26,283
32,317
26,266
26,506
27,117
26,184
26,433
18,361
26,483
26,336
30,342
26,322
26,345
1,79
26,280
35,241
41,436
26,178
7,259
26,237
26,162
26,132
24,424
59,256
14,411
26,80
52,371
33,97
66,229
70,166
26,390
26,413
68,325
57,526
1,179
12,286
35,457
22,67
34,466
26,490
26,393
20,575
35,369
26,379
68,471
26,176
57,289
26,398
26,253
26,232
26,512
28,621
26,49
26,288
26,240
35,207
57,276
26,320
26,124
26,542
26,458
34,335
57,239
26,469
11,220
26,354
34,105
4,294
26,279
45,375
68,275
35,470
68,435
26,382
26,384
26,401
26,516
26,161
35,263
26,206
27,386
26,316
8,209
57,125
26,258
26,75
26,331
26,370
27,244
13,160
60,198
35,48
26,205
26,248
26,357
26,494
27,200
26,281
26,272
68,168
26,365
26,373
26,151
60,328
26,265
26,119
21,227
26,43
68,60
26,30
4,188
62,110
33,34
26,438
26,287
48,167
26,238
26,434
26,181
53,158
51,41
26,189
49,100
26,299
26,304
35,113
68,389
26,224
26,278
26,501
49,675
21,679
26,619
26,245
26,500
26,480
26,520
68,686
57,640
26,628
26,589
26,502
26,45
26,402
26,104
26,20
35,319
26,53
62,255
26,332
26,355
57,225
26,22
26,292
26,313
26,685
26,368
25,423
26,54
26,84
26,348
30,215
26,586
57,264
26,55
26,338
57,203
26,315
13,482
26,11
26,273
68,174
26,343
66,499
26,66
26,408
26,383
26,468
26,208
26,472
26,146
26,106
26,102
26,314
26,89
26,61
26,221
68,318
26,261
26,210
26,121
21,222
26,144
26,76
26,157
21,149
26,26
26,196
26,59
26,135
13,284
26,260
26,91
35,17
26,194
34,3
26,99
68,235
26,171
26,301
26,445
26,477
26,366
26,47
26,83
26,312
26,115
27,62
26,192
26,183
26,165
26,150
37,37
35,93
35,219
35,13
26,251
61,341
68,236
26,77
26,156
26,155
26,295
26,116
26,359
26,230
26,109
57,163
26,262
26,95
26,128
26,24
26,4
35,223
26,344
26,387
68,137
26,88
26,290
26,118
26,103
26,311
26,51
26,32
26,164
26,68
26,415
26,133
26,175
26,33
26,191
26,254
26,112
26,193
26,243
26,428
26,199
26,269
26,131
26,323
68,440
26,443
26,310
26,58
26,2
26,142
26,514
26,333
26,5
26,339
68,274
26,10
26,360
26,180
26,139
26,16
26,186
26,94
26,108
26,380
26,367
26,153
67,154
68,92
68,190
68,300
26,136
26,35
26,98
26,504
26,267
26,425
26,19
26,185
26,388
68,134
26,250
26,85
26,252
35,15
26,25
26,27
35,14
26,233
26,197
26,38
68,57
26,396
26,126
26,182
26,170
26,39
26,148
26,303
26,78
68,87
68,114
68,130
70,50
26,31
26,44
26,81
26,392
26,638
26,407
26,173
26,399
26,111
26,7
26,172
26,12
26,187
35,397
68,212
26,9
68,23
26,177
26,46
68,346
26,21
68,42
35,147
26,123
26,18
26,293
26,74
26,29
26,140
26,604
26,376
26,622
49,347
26,670
35,523
68,464
26,661
26,321
26,602
26,582
26,96
26,36
68,683
26,69
26,625
26,570
26,448
26,659
26,648
26,414
26,63
26,620
26,385
68,603
26,572
68,593
26,309
26,505
26,484
26,668
26,674
26,547
68,169
26,571
68,242
26,557
26,70
66,641
68,403
35,627
26,349
26,1
26,569
35,201
26,6
26,305
26,673
68,450
26,605
35,306
35,65
