2,1206
22,1208
22,1210
22,1064
22,1219
4,1236
22,703
23,1232
22,1207
16,1157
10,1199
2,1082
16,1112
21,1212
16,1095
11,889
23,1144
10,1227
16,876
16,1118
23,1005
16,954
16,1089
22,1042
21,561
23,1087
23,591
16,1223
6,1139
16,928
2,1222
2,908
16,784
9,1077
16,891
16,1056
16,912
4,1228
16,1215
16,655
7,946
16,970
16,996
15,532
16,581
2,485
23,722
1,751
11,829
16,1192
23,1194
16,514
16,831
15,1197
16,633
16,967
22,500
16,1030
12,952
1,386
16,1221
11,880
16,1032
16,1166
16,1001
16,697
10,1133
13,659
16,993
22,1163
16,1196
21,1053
16,520
16,978
16,1204
16,1147
7,798
16,981
22,1101
13,850
15,1060
13,1153
11,1079
16,1195
16,1022
16,1010
13,1205
16,1116
16,636
1,701
16,1052
16,927
16,602
16,522
16,1094
3,853
16,351
16,745
16,811
12,1067
12,583
16,772
16,1086
16,863
16,716
6,564
7,385
16,816
16,725
16,580
16,1231
16,1176
7,882
22,411
16,660
10,920
16,913
11,374
6,288
23,631
16,683
24,393
13,518
16,621
16,400
16,577
16,1046
16,667
16,1114
16,554
16,456
22,723
12,720
12,953
7,959
14,1122
16,937
16,1058
16,543
16,982
16,578
7,791
16,511
22,1049
9,740
13,1098
5,692
10,727
15,593
22,427
16,415
15,493
22,430
7,1115
10,841
16,1031
16,919
7,861
12,1217
1,1224
16,1161
1,773
16,823
16,565
16,626
9,1120
15,991
16,979
16,1076
16,1182
16,526
16,1008
16,894
16,830
16,969
16,947
16,999
16,1105
16,704
16,512
16,428
12,612
16,486
16,744
16,1132
16,466
15,842
16,980
16,1063
16,817
11,1029
16,775
16,568
15,681
16,730
8,781
16,851
16,1068
16,762
16,608
32,729
16,690
16,1141
16,944
9,767
16,611
12,930
16,1016
16,549
16,1121
16,609
16,790
16,865
16,825
16,1143
16,1047
15,845
16,984
16,1119
16,888
15,590
16,843
16,708
16,641
16,685
4,574
15,1211
16,1225
16,642
16,1198
16,1202
16,1226
22,698
16,972
10,1051
16,1156
10,1184
16,837
12,684
16,1177
16,713
16,1229
16,1164
10,1126
16,801
16,924
16,917
16,1216
16,1235
16,1218
16,1158
16,872
16,1209
16,1185
16,1136
16,916
16,1017
16,1234
16,1138
22,1036
16,1104
16,1220
10,709
16,1175
16,800
16,1088
16,921
12,584
10,465
16,1146
10,1169
16,918
16,962
16,1142
16,788
16,1055
16,1129
16,765
16,1128
16,802
12,629
16,777
12,1075
16,1018
16,669
16,896
16,824
16,938
16,529
16,388
16,792
16,854
16,535
22,1069
13,878
16,1180
16,810
15,1170
16,1171
16,285
16,915
16,1151
16,1092
15,652
10,1154
16,1168
16,334
16,1173
1,645
16,412
16,657
16,846
16,503
7,995
16,318
16,866
16,1109
16,983
1,910
16,1125
16,809
16,1145
16,625
16,505
13,732
16,1004
16,771
16,968
16,1024
16,855
16,956
15,743
16,1083
16,1045
16,1131
16,640
11,933
16,524
16,1165
16,1000
16,760
16,1174
16,617
16,1187
7,955
16,884
16,904
16,1048
16,752
16,844
16,536
16,632
16,1044
16,1200
14,587
16,1034
16,828
10,1123
4,717
16,813
16,869
16,974
16,1003
16,840
16,1090
16,1135
16,1084
16,769
1,1040
22,964
16,502
16,1021
16,1106
16,754
16,1006
30,1113
7,966
16,832
16,594
16,682
16,691
16,618
16,1137
16,1189
16,1002
16,712
16,1213
16,793
16,961
16,895
16,1230
16,1214
16,677
16,348
16,1178
16,936
12,934
16,932
16,1188
16,395
16,734
10,1152
16,1111
16,997
9,1043
16,758
1,906
16,676
16,903
19,646
16,1148
16,925
16,668
16,1071
16,949
16,1140
16,540
16,875
15,322
13,735
16,747
16,544
16,390
23,1097
16,1183
16,569
16,941
16,702
31,893
16,582
4,647
16,1059
16,1134
16,768
16,960
16,858
16,929
10,990
16,672
17,1130
16,1020
16,864
16,551
16,282
16,601
16,886
16,513
16,449
16,1110
16,623
16,988
16,779
16,736
12,572
16,1124
16,320
16,586
16,275
16,384
16,812
16,592
13,635
16,380
16,1167
16,1062
16,746
16,883
7,1033
13,506
16,958
16,852
16,976
16,494
16,562
16,497
16,898
16,527
16,870
29,731
16,530
12,787
16,987
22,794
16,897
16,573
16,1093
16,733
16,689
16,403
16,501
13,822
16,1054
16,902
16,821
16,627
16,662
16,780
16,671
15,710
16,445
16,839
16,539
16,566
16,1023
16,948
16,1149
16,877
16,686
15,890
16,867
16,911
16,885
16,776
16,973
13,1014
16,1091
16,1072
16,567
16,1028
16,1027
16,1080
16,498
1,695
16,600
16,940
16,488
16,496
16,558
16,556
16,408
16,432
16,439
16,437
16,674
16,795
16,1057
16,1150
16,579
16,576
16,738
16,441
16,422
16,198
16,93
16,95
16,286
16,489
16,257
16,157
16,236
16,311
16,477
16,806
16,696
16,610
16,994
13,724
16,458
16,860
16,596
16,1099
16,785
16,820
16,1009
16,504
16,1107
16,835
16,826
16,805
16,679
16,656
16,763
16,541
16,721
16,1061
16,418
16,650
16,753
16,649
16,766
16,874
16,750
16,922
16,957
16,783
16,926
16,807
16,1085
16,899
16,847
16,943
16,1100
16,986
16,670
18,764
16,654
16,510
16,665
16,818
16,387
16,862
16,588
16,658
16,827
16,310
16,375
16,680
16,394
16,223
16,1038
16,571
16,705
16,473
16,247
16,749
16,620
16,129
16,86
16,232
16,280
16,315
16,484
16,675
16,538
16,545
16,459
16,302
16,172
16,255
12,343
16,434
16,333
16,1015
16,585
16,971
16,546
16,859
16,624
16,507
16,266
16,209
16,349
1,219
16,517
16,443
16,435
16,292
16,104
16,354
16,552
1,542
16,164
16,214
16,188
16,151
16,297
16,347
16,737
16,550
16,416
16,848
16,360
1,371
16,598
16,352
13,267
16,338
16,128
16,433
16,487
16,834
16,296
16,871
16,977
16,799
16,856
16,1041
16,1073
16,475
16,139
16,833
16,401
16,1070
16,350
16,604
16,321
25,471
16,85
16,98
16,312
16,189
16,234
16,242
16,560
16,190
16,367
16,357
16,225
32,206
16,238
16,328
16,180
16,341
16,589
16,362
16,303
16,379
16,460
16,84
16,246
26,261
16,326
16,786
16,638
16,1103
16,256
16,942
11,814
16,399
16,548
16,218
16,173
16,193
16,141
16,143
16,279
16,277
16,78
16,63
16,313
16,363
16,105
16,472
16,220
16,688
16,605
16,323
16,421
16,1162
16,442
16,905
16,426
16,91
16,797
16,452
16,366
16,340
16,892
16,719
16,327
16,1190
16,998
16,228
16,224
16,210
16,254
16,339
16,474
16,715
16,270
16,121
16,213
16,186
16,289
16,202
16,290
16,252
16,378
16,112
16,308
16,156
16,273
16,836
4,1096
16,204
16,230
16,265
16,65
16,881
16,229
16,448
16,163
16,222
16,97
16,171
16,89
16,755
16,69
12,335
16,88
16,678
16,287
16,241
16,179
16,127
16,140
16,276
16,212
16,203
16,492
16,200
16,476
16,92
16,353
16,547
16,165
16,262
16,317
16,570
16,192
16,184
16,531
16,615
16,653
7,346
16,796
16,329
16,324
16,849
16,240
16,300
16,248
16,417
16,306
16,344
16,634
16,185
16,616
16,307
16,707
16,178
16,301
16,628
16,243
16,939
16,907
16,450
16,409
16,414
16,272
16,161
16,446
16,482
16,1159
16,706
16,253
16,264
16,490
16,951
16,603
16,423
16,398
16,413
16,1127
16,613
16,365
27,444
16,463
16,170
16,259
16,274
16,137
16,94
16,174
16,169
16,71
16,64
16,258
16,516
16,382
16,183
16,208
33,480
16,108
16,138
16,838
16,368
16,700
13,176
16,103
16,249
16,109
16,250
16,117
16,742
16,931
16,131
16,373
16,110
16,130
16,56
16,211
16,99
16,464
16,694
16,757
16,1155
16,1026
16,756
16,1025
16,622
16,1035
16,714
16,639
16,356
16,759
16,316
16,396
12,607
16,1181
16,739
16,559
16,533
16,1108
16,508
16,521
16,644
16,761
16,1065
16,619
16,331
16,661
7,606
16,168
16,455
16,614
16,741
16,555
16,406
16,782
16,525
16,519
16,726
16,963
32,231
16,693
16,673
16,804
16,1037
16,914
16,453
16,534
16,381
16,563
16,391
16,372
16,770
16,597
16,803
16,887
16,965
16,748
16,945
16,553
16,336
16,425
16,778
16,528
16,819
16,537
16,1201
16,1012
16,1013
16,950
16,451
16,599
16,278
16,495
16,637
16,728
16,361
16,467
16,901
16,330
16,197
16,975
16,1039
16,1203
16,461
16,868
16,1233
16,342
16,293
16,575
7,1019
16,291
16,181
16,195
16,111
16,216
16,251
13,648
16,436
16,457
16,364
16,470
16,392
16,808
16,478
16,900
16,389
16,1007
16,1172
16,1193
16,36
16,66
16,13
16,74
16,37
16,124
25,35
16,58
16,22
16,177
16,75
16,30
16,45
16,39
16,43
16,53
16,115
16,664
16,125
16,199
16,40
16,73
16,15
16,989
16,61
16,23
16,33
16,383
16,299
16,19
16,20
16,28
16,10
16,50
16,42
16,52
16,55
16,102
16,404
16,284
16,447
16,126
16,215
16,76
16,245
5,175
16,440
16,595
16,410
16,509
16,217
16,44
16,149
16,1066
16,304
16,499
16,332
16,298
16,194
16,227
16,419
15,1186
16,1078
16,167
16,54
16,152
16,187
16,221
16,81
13,1081
16,233
16,114
16,260
15,57
16,483
16,150
20,294
16,370
16,24
16,132
16,3
16,144
16,5
16,7
16,1237
16,9
16,4
16,70
16,2
16,79
16,153
16,14
16,72
16,25
16,8
16,21
16,26
28,51
16,17
16,1238
16,47
16,27
16,424
16,120
16,122
16,134
16,789
16,909
16,397
16,182
16,481
16,630
10,454
16,100
16,101
16,283
16,133
16,207
16,59
16,239
16,268
16,159
16,281
16,62
16,337
16,49
16,718
16,83
16,118
16,191
16,16
16,491
16,146
16,87
16,469
16,123
16,82
16,515
16,80
16,557
16,68
16,295
16,1191
16,879
16,666
16,325
16,992
16,420
16,462
16,1074
16,355
16,136
16,358
16,269
16,67
10,271
16,1117
16,1160
16,438
16,244
16,11
16,18
16,235
16,155
16,237
16,305
16,402
16,116
16,148
16,263
16,34
16,145
16,166
16,205
25,405
16,41
16,985
16,107
16,154
16,923
16,314
15,345
16,113
16,158
16,815
16,142
13,77
16,468
16,377
16,135
16,119
16,29
16,106
16,147
16,1050
16,196
16,1102
16,857
16,479
16,376
16,1179
16,1011
16,687
16,711
16,429
16,699
16,935
16,201
16,873
16,319
16,60
16,162
16,651
16,90
16,369
16,663
16,309
16,643
16,523
16,160
16,48
16,407
16,774
16,226
16,38
16,6
16,359
16,431
16,12
16,32
16,1
16,46
22,31
23,96
