10,135
7,167
2,130
5,219
5,278
13,276
10,223
18,192
9,162
7,325
19,201
18,287
15,343
10,265
9,299
6,319
4,235
6,382
7,341
6,141
5,123
6,182
5,381
4,304
5,395
10,418
5,378
7,448
6,222
4,298
5,349
10,449
18,396
8,87
13,406
15,76
18,455
6,405
5,364
5,397
6,311
10,458
6,463
10,473
18,467
10,13
10,36
6,215
18,153
5,344
18,432
13,438
6,371
13,322
4,279
9,216
18,194
10,307
10,294
18,121
18,208
5,470
13,421
9,474
9,54
18,6
10,52
10,303
5,138
10,224
18,380
18,433
10,63
9,110
18,331
17,379
10,315
9,35
18,353
5,246
10,321
18,360
10,317
10,392
10,146
18,372
17,269
6,180
18,460
10,387
6,206
10,189
5,273
9,383
10,231
10,357
18,242
8,476
10,258
8,237
18,184
18,106
18,103
10,115
8,114
18,156
10,295
10,89
18,462
13,339
18,61
5,176
18,79
18,97
18,197
6,165
6,318
9,227
10,290
9,270
13,388
5,301
17,400
18,284
8,232
10,267
18,347
5,257
10,183
17,332
5,209
5,255
6,291
10,217
17,327
10,384
10,158
13,456
10,239
10,316
17,359
10,305
4,8
10,342
10,60
13,401
18,336
10,323
10,187
10,233
10,252
10,157
15,101
10,124
10,296
18,171
18,72
18,49
5,179
19,127
10,109
17,57
5,113
10,37
18,166
18,147
17,86
18,45
10,111
10,82
18,186
18,102
5,33
10,168
10,71
18,51
8,320
10,66
18,75
13,172
10,408
17,12
18,454
18,361
10,466
18,338
18,414
6,160
11,459
5,354
5,461
17,434
10,11
13,425
9,377
10,398
18,435
5,285
5,328
10,90
17,196
10,281
10,253
8,211
10,203
11,272
10,329
13,247
18,429
10,345
10,245
8,236
10,370
10,373
15,148
13,261
18,251
8,250
17,404
9,170
10,243
17,326
17,140
13,205
5,260
6,221
18,126
10,154
10,155
9,14
11,293
18,375
18,202
8,42
17,297
10,367
18,175
10,362
18,145
5,210
8,150
12,151
10,200
8,161
10,83
13,96
10,207
10,213
8,137
10,214
10,330
18,104
10,108
10,59
18,313
5,85
18,47
18,95
10,136
10,228
10,68
10,44
5,300
8,366
17,363
10,457
18,465
5,444
13,346
18,259
9,283
10,144
11,142
8,174
10,314
17,193
9,149
17,164
13,262
10,356
10,185
8,81
10,92
18,107
10,229
9,129
17,70
5,84
5,352
18,77
18,99
8,351
10,306
13,58
18,139
18,248
10,119
17,152
17,238
10,181
18,374
10,254
13,302
17,134
18,310
10,169
13,451
8,427
6,73
10,67
16,26
5,46
10,178
10,391
13,266
18,440
13,424
18,422
17,348
18,416
13,7
14,478
18,32
8,280
17,1
10,376
18,275
10,439
10,389
10,446
13,407
18,472
5,218
5,204
5,241
18,264
8,274
18,105
18,100
6,177
17,282
18,125
17,368
14,442
10,34
10,369
18,420
10,355
17,244
6,98
10,234
10,249
13,337
19,324
8,308
10,402
12,212
5,292
18,413
13,65
18,56
10,195
10,230
16,9
5,415
10,94
10,394
8,15
8,277
10,286
14,118
13,120
10,436
10,417
10,64
10,78
19,74
17,220
13,426
13,477
17,271
17,410
11,365
18,334
4,335
7,412
11,288
18,112
10,132
5,464
10,256
13,431
1,358
9,173
17,268
17,131
16,447
10,468
5,199
18,289
18,471
8,445
6,163
10,430
16,27
17,21
10,80
18,423
7,93
5,191
5,50
5,69
8,240
18,122
9,39
10,159
9,5
17,31
4,40
8,23
13,263
10,4
5,225
10,411
19,312
9,469
10,190
6,399
10,333
5,437
5,62
14,128
13,198
19,390
10,25
9,30
5,24
14,17
10,55
10,143
1,450
8,385
3,419
10,41
5,20
10,428
5,133
17,117
17,226
4,453
10,91
3,53
6,43
18,48
16,22
18,18
10,88
16,116
19,16
11,38
19,188
18,309
15,403
5,29
10,340
18,350
15,441
5,393
5,3
13,452
5,443
10,19
15,28
13,386
7,2
12,409
9,475
10,10
