20,135
14,167
2,130
7,219
6,278
30,276
20,223
43,192
17,162
13,325
44,201
43,287
34,343
23,265
17,299
9,319
4,235
9,382
14,341
10,141
6,123
9,182
7,381
4,304
8,395
19,418
6,378
14,448
12,222
4,298
7,349
20,449
43,396
15,87
32,406
35,76
43,455
9,405
6,364
7,397
10,311
23,458
9,463
23,473
43,467
19,13
23,36
9,215
43,153
6,344
43,432
30,438
10,371
30,322
4,279
17,216
43,194
19,307
23,294
43,121
43,208
8,470
32,421
18,474
17,54
43,6
19,52
23,303
6,138
24,224
43,380
43,433
19,63
18,110
43,331
40,379
24,315
18,35
43,353
6,246
24,321
43,360
23,317
24,392
23,146
43,372
40,269
9,180
43,460
23,387
10,206
24,189
6,273
17,383
23,231
23,357
43,242
15,476
24,258
15,237
43,184
43,106
43,103
23,115
15,114
43,156
24,295
23,89
43,462
32,339
43,61
5,176
43,79
43,97
43,197
9,165
10,318
17,227
19,290
17,270
29,388
6,301
38,400
43,284
15,232
23,267
43,347
8,257
24,183
38,332
5,209
5,255
10,291
19,217
38,327
23,384
23,158
30,456
19,239
23,316
38,359
24,305
4,8
24,342
23,60
31,401
43,336
23,323
24,187
23,233
23,252
19,157
35,101
23,124
23,296
43,171
43,72
43,49
6,179
45,127
23,109
38,57
5,113
24,37
43,166
43,147
38,86
43,45
19,111
23,82
43,186
43,102
5,33
24,168
23,71
43,51
15,320
19,66
43,75
31,172
19,408
38,12
43,454
43,361
24,466
43,338
43,414
9,160
25,459
7,354
6,461
38,434
24,11
29,425
17,377
23,398
43,435
8,285
5,328
23,90
38,196
23,281
23,253
15,211
23,203
25,272
23,329
29,247
43,429
23,345
23,245
15,236
23,370
23,373
35,148
29,261
43,251
15,250
38,404
18,170
23,243
37,326
38,140
30,205
7,260
10,221
43,126
23,154
24,155
17,14
26,293
43,375
43,202
15,42
38,297
23,367
43,175
19,362
43,145
6,210
15,150
27,151
23,200
15,161
23,83
32,96
23,207
19,213
15,137
23,214
23,330
43,104
23,108
19,59
43,313
5,85
43,47
43,95
24,136
23,228
23,68
24,44
7,300
15,366
38,363
19,457
43,465
5,444
31,346
43,259
18,283
23,144
25,142
15,174
20,314
38,193
17,149
38,164
29,262
20,356
23,185
15,81
24,92
43,107
23,229
17,129
38,70
5,84
5,352
43,77
43,99
15,351
23,306
29,58
43,139
43,248
23,119
37,152
38,238
23,181
43,374
19,254
30,302
39,134
43,310
24,169
29,451
15,427
12,73
19,67
36,26
7,46
23,178
24,391
32,266
43,440
31,424
43,422
38,348
43,416
32,7
33,478
43,32
15,280
38,1
23,376
43,275
23,439
23,389
23,446
32,407
43,472
7,218
5,204
5,241
43,264
15,274
42,105
43,100
11,177
38,282
43,125
38,368
33,442
23,34
22,369
43,420
19,355
41,244
11,98
24,234
24,249
32,337
45,324
15,308
24,402
27,212
5,292
43,413
32,65
42,56
23,195
23,230
36,9
5,415
23,94
23,394
15,15
15,277
23,286
33,118
31,120
23,436
19,417
23,64
20,78
46,74
37,220
32,426
30,477
39,271
38,410
26,365
43,334
4,335
14,412
25,288
43,112
21,132
8,464
19,256
31,431
1,358
17,173
37,268
41,131
36,447
23,468
7,199
43,289
43,471
15,445
12,163
23,430
36,27
40,21
21,80
43,423
13,93
5,191
7,50
5,69
16,240
42,122
17,39
20,159
17,5
37,31
4,40
15,23
29,263
19,4
6,225
19,411
46,312
18,469
19,190
10,399
23,333
5,437
5,62
33,128
30,198
44,390
23,25
17,30
7,24
33,17
20,55
19,143
1,450
15,385
3,419
22,41
5,20
21,428
5,133
37,117
41,226
4,453
19,91
3,53
10,43
43,48
36,22
43,18
23,88
36,116
45,16
25,38
44,188
43,309
34,403
5,29
22,340
42,350
34,441
5,393
7,3
29,452
5,443
21,19
34,28
29,386
13,2
28,409
18,475
20,10
