1,825
29,1225
38,1247
39,1178
1,1182
29,1177
29,1222
1,996
1,1236
29,1239
38,1061
38,546
29,1097
29,1246
1,1112
1,856
1,1055
29,1185
29,1244
29,1046
29,1167
29,446
1,971
29,1229
1,1232
29,1224
1,987
1,1206
38,1184
29,520
1,1253
1,1179
1,968
29,1252
1,1077
29,1238
1,932
38,1191
38,1176
1,1085
29,619
29,988
29,913
38,1139
1,1140
29,1205
38,568
29,1223
1,1022
38,1148
38,414
1,776
29,670
38,1218
29,1168
38,1133
29,1195
38,667
39,804
1,623
38,964
29,1128
35,1159
1,632
1,865
1,783
38,586
29,843
38,1157
1,976
30,979
1,1033
28,1111
29,949
1,947
30,871
29,755
29,1132
39,516
1,502
30,322
1,1102
13,1180
29,901
29,937
30,848
29,1221
29,391
38,889
29,1203
35,1153
30,1169
29,535
29,1090
29,739
1,874
38,867
1,982
1,744
39,759
29,1149
1,407
29,1110
29,1109
1,1240
38,955
1,462
1,1227
1,727
29,558
5,1065
38,1219
30,1213
1,1135
29,1151
29,1241
1,615
30,1141
1,607
29,1173
1,270
30,752
37,765
30,1114
9,1188
1,767
1,894
36,594
1,1198
1,842
29,296
29,832
1,970
5,823
30,641
1,1142
29,785
30,773
30,725
30,1129
29,421
7,1117
1,1175
30,1234
1,1200
30,1230
1,1040
30,1212
38,1174
1,521
29,926
30,669
38,868
29,251
30,1171
30,1158
2,1120
30,466
29,927
1,675
1,552
11,940
38,792
1,1093
1,1044
1,455
1,571
29,981
30,953
17,510
8,1197
1,1030
30,1025
30,1026
1,1087
30,935
1,345
1,1215
14,529
30,1056
30,898
30,777
1,365
30,1201
10,1242
1,1235
1,951
38,756
30,797
29,610
29,1143
30,341
29,748
30,651
1,816
30,980
30,808
31,719
30,423
1,908
30,1125
30,1154
30,896
30,966
31,303
14,880
30,628
1,318
30,1181
1,1095
1,1138
30,872
30,1013
30,1192
30,1237
38,499
29,914
30,1243
29,794
30,1051
30,1103
1,1052
38,531
30,828
30,1163
30,1152
26,604
5,1228
5,385
4,1122
30,509
30,1194
38,1189
30,1116
15,1131
23,663
1,668
30,775
22,681
30,1001
32,995
30,1210
30,830
29,1127
30,1170
3,905
30,1130
30,1211
25,1078
30,409
30,1084
24,977
27,271
31,638
38,873
30,393
30,1193
30,1119
7,1092
30,672
29,699
30,403
9,892
30,1164
30,1049
5,1012
18,1249
30,1006
30,938
30,761
30,969
30,847
30,350
30,354
21,430
30,406
30,899
19,637
29,1126
30,993
30,1183
30,974
38,386
30,674
1,1144
30,1081
1,989
30,973
30,355
30,572
30,608
30,442
30,213
30,189
30,1220
30,286
1,272
32,513
5,309
29,850
30,508
30,852
30,737
30,944
30,1094
30,434
30,844
30,401
30,357
30,684
30,923
30,612
30,1079
30,702
38,616
30,720
30,500
30,860
30,321
30,791
30,904
30,811
30,717
30,232
30,734
30,1024
30,707
30,424
30,1075
30,729
30,269
30,747
30,602
30,790
1,419
30,538
30,240
30,360
30,362
30,489
30,273
31,329
30,1072
30,460
30,382
30,465
30,812
30,353
30,344
30,786
30,802
30,593
30,855
30,829
30,566
30,963
30,473
30,264
30,1156
30,965
30,554
30,1108
31,1136
30,939
30,408
30,343
30,585
30,447
30,262
30,916
30,936
29,858
30,550
30,439
30,461
5,247
30,644
1,945
30,718
30,486
30,338
30,551
30,664
30,478
30,528
30,577
30,656
30,870
12,1104
6,960
30,284
32,849
30,443
30,1004
30,781
30,250
30,879
30,691
30,763
30,706
30,1039
30,925
30,517
30,714
30,787
30,771
30,1050
30,220
30,890
30,692
30,503
30,1002
30,768
30,622
30,613
30,1123
30,475
30,324
30,745
30,1106
30,437
30,749
30,950
30,1187
30,754
1,713
30,1038
30,545
30,626
30,911
30,328
28,295
30,780
30,640
30,1034
30,203
30,201
24,444
30,441
30,560
30,840
30,857
30,959
30,582
31,736
30,906
30,900
8,511
30,798
30,770
30,1209
30,793
30,313
30,690
30,245
30,339
7,361
16,1003
30,796
30,620
30,415
30,716
30,351
30,288
30,396
30,305
30,789
30,479
30,603
30,530
30,834
30,310
30,555
30,693
30,268
30,910
30,526
30,817
30,1009
30,678
30,864
30,590
38,595
30,564
30,753
30,494
30,553
30,377
30,534
30,533
30,156
30,519
1,962
30,459
30,405
30,598
30,882
30,346
30,1019
30,398
30,512
30,1216
30,676
30,1186
30,639
30,501
30,922
30,1214
30,467
30,1035
30,1199
30,665
30,609
29,575
30,1029
30,983
30,601
1,381
30,199
30,645
30,492
30,930
30,687
30,998
30,347
30,282
30,741
30,1059
30,348
30,801
30,333
30,371
30,686
30,751
30,482
30,778
31,304
30,758
30,624
30,1060
30,184
30,174
30,204
30,562
30,1076
30,1172
30,760
30,319
1,234
30,853
30,942
30,1071
30,231
30,541
30,683
30,374
30,248
30,450
31,671
30,1010
1,573
30,182
30,148
30,1070
30,420
30,611
30,642
30,866
30,1018
30,722
30,402
30,144
30,81
31,158
30,180
30,312
30,334
30,135
30,958
30,515
30,428
30,155
30,113
30,146
30,118
30,139
30,173
30,196
30,138
30,218
30,862
30,1053
30,818
30,655
30,703
30,788
30,440
30,631
30,918
30,588
30,657
30,967
30,694
30,557
40,648
30,1047
30,934
30,306
30,367
30,876
30,505
30,289
30,316
30,984
30,618
30,1005
30,1100
30,454
30,1099
30,723
30,539
30,779
30,715
30,652
31,221
30,277
30,1020
30,799
30,731
30,1226
30,412
30,543
30,281
30,477
30,764
30,1000
30,659
30,294
30,456
30,504
30,822
30,358
30,733
30,851
30,827
30,1115
30,433
30,567
30,302
30,1107
30,366
30,359
30,1037
30,861
30,757
30,1165
30,885
30,774
30,909
30,952
30,330
30,845
30,488
30,1101
30,480
30,730
30,1063
30,709
30,394
30,831
30,742
30,743
30,810
30,915
30,1086
30,1150
30,666
30,524
30,833
30,795
30,819
30,649
30,917
30,507
30,411
30,311
30,416
30,314
30,495
30,474
30,746
30,425
30,1091
30,1096
31,721
30,1098
7,807
5,581
30,1008
30,634
24,711
30,308
30,336
30,895
1,836
30,1088
30,673
30,565
30,1146
30,1067
30,1137
30,946
30,1105
30,1204
30,370
30,451
30,929
30,536
30,893
30,331
30,498
30,547
30,696
30,436
30,682
30,954
30,1054
31,978
30,888
30,704
30,265
30,469
30,679
30,735
30,379
30,726
30,540
7,712
30,375
30,387
30,225
30,293
30,238
30,1048
30,592
30,578
30,903
30,1202
30,661
32,1166
30,383
30,1021
30,496
30,576
30,1155
30,869
30,803
30,327
30,907
30,589
30,1023
30,1162
30,897
30,636
30,491
30,453
30,548
30,468
30,838
30,485
30,732
29,878
30,1124
30,487
30,471
30,1118
30,1042
30,766
30,591
30,580
30,629
30,584
30,991
30,650
30,762
30,826
30,1069
30,912
30,369
30,997
30,606
30,373
30,242
30,332
30,452
30,404
30,902
30,556
30,212
30,859
30,532
30,633
30,990
30,689
30,323
30,214
30,563
30,839
38,256
30,1036
30,1073
30,449
5,1082
1,1031
30,614
30,708
30,527
30,384
30,941
30,400
31,349
30,685
30,846
30,325
30,887
30,627
30,597
30,948
30,646
30,260
30,368
30,291
30,472
30,975
1,740
30,986
24,388
30,630
30,587
30,418
5,884
30,933
30,579
30,806
30,992
30,464
30,92
30,215
30,417
30,202
30,654
30,257
30,399
30,643
30,1217
30,985
30,1017
30,463
30,600
30,1134
30,207
30,972
30,596
30,292
30,635
30,280
30,660
30,337
30,863
30,1043
30,647
30,583
30,1007
30,542
30,700
30,1064
1,490
30,800
30,710
30,1014
30,677
30,569
30,919
30,999
30,470
30,522
30,724
30,617
30,1058
30,784
30,301
30,181
30,924
30,431
30,931
30,883
30,782
30,920
30,680
30,886
30,599
30,653
30,1190
30,422
30,805
30,621
30,1028
30,192
30,881
30,380
30,352
30,891
30,1041
30,525
30,769
30,243
30,875
30,957
30,484
30,658
31,1068
30,326
30,820
30,435
30,1032
30,317
30,276
29,427
30,943
30,290
30,570
30,476
30,320
30,497
30,662
30,410
30,523
30,815
30,824
30,364
30,506
30,274
30,413
30,226
30,395
30,854
30,481
30,169
30,224
30,397
30,209
30,307
30,152
30,71
30,76
20,1290
30,86
30,194
30,688
30,356
5,258
30,544
30,124
30,1062
30,122
30,176
30,429
30,340
30,1207
30,197
30,140
30,537
30,1045
30,1147
30,1089
30,1066
30,342
30,445
30,1080
30,198
30,205
30,363
30,625
30,1208
30,559
30,728
30,574
30,821
30,921
30,1113
30,695
30,254
30,103
1,85
30,219
30,90
30,101
30,168
30,95
30,772
30,78
30,46
30,120
30,137
30,300
30,94
30,372
30,928
30,93
30,151
1,261
30,77
30,55
30,514
32,279
1,131
30,154
30,244
30,217
30,104
30,30
30,10
30,74
30,110
30,88
30,68
1,132
30,57
30,87
30,36
30,116
30,193
30,43
30,1273
30,62
30,1276
30,22
30,1284
30,1277
30,24
30,1279
30,19
30,41
30,7
31,34
30,1298
30,1289
30,48
30,18
30,115
30,21
30,141
30,1283
30,6
30,1278
30,2
35,14
30,159
30,191
30,53
30,84
30,1272
30,190
30,20
30,1297
31,1282
30,1291
30,42
30,1145
30,26
30,13
30,1015
30,392
7,750
30,241
30,298
30,73
30,432
30,1260
31,1255
30,1254
30,1258
7,1259
30,1264
30,1257
30,1261
30,1256
30,1263
31,1262
30,701
30,252
30,438
30,837
30,249
30,227
30,253
30,206
30,179
30,235
30,170
30,458
30,267
30,239
30,275
30,956
30,278
30,236
30,89
30,51
30,61
30,44
30,216
31,283
30,483
30,255
30,47
30,50
30,39
30,153
30,3
1,38
30,69
30,12
30,315
30,11
30,1270
30,54
30,163
30,188
30,223
30,112
30,809
30,67
30,29
30,149
30,58
30,1275
30,106
30,56
30,233
30,97
30,1285
30,1271
30,1286
29,79
30,4
31,59
30,100
30,1299
30,1057
30,1161
30,1268
30,91
30,63
30,1245
30,128
30,123
30,605
30,83
1,389
35,147
30,814
30,178
30,25
30,177
30,70
30,160
30,493
30,164
30,426
30,167
30,33
30,31
30,1274
30,1281
30,166
30,35
30,1266
30,1294
30,60
30,105
30,15
30,107
30,102
30,80
30,1265
30,72
30,8
30,17
30,5
30,23
30,186
30,65
30,1292
30,45
5,1
30,16
30,1295
30,52
30,37
30,1280
30,1296
30,1293
30,1288
30,1267
30,165
30,9
31,1269
30,285
30,195
30,1287
30,187
30,108
30,136
30,49
30,121
30,64
30,161
30,222
30,175
30,1233
30,877
30,994
30,549
30,126
30,183
30,561
30,130
30,119
30,96
8,109
30,28
1,66
30,117
30,27
30,82
30,127
30,75
30,40
30,150
30,208
30,98
30,145
30,143
35,1160
30,211
30,297
8,99
30,1011
8,172
8,32
30,1300
30,378
33,1121
33,287
33,237
33,133
33,200
33,335
33,114
33,518
34,1027
33,705
33,1016
1,210
1,835
1,129
35,157
1,246
38,230
39,1074
29,738
29,1083
1,457
38,259
29,697
29,142
29,1231
29,1250
1,171
1,448
29,1248
29,1251
29,698
39,813
39,1196
1,266
1,841
29,228
30,299
29,111
1,376
1,134
1,961
1,229
1,390
29,125
29,263
39,185
1,162
