7,833
7,565
15,831
7,845
10,640
16,769
14,767
7,682
7,739
6,713
6,797
7,832
15,732
7,762
10,691
7,642
7,756
16,795
7,367
13,711
2,776
10,810
7,671
7,607
16,747
12,822
7,318
10,494
17,669
6,853
7,847
7,818
7,751
12,114
16,687
9,793
17,731
16,608
3,559
3,645
7,707
7,353
7,839
9,771
16,543
10,750
9,723
7,322
7,689
14,763
7,817
15,714
7,709
9,802
7,676
7,746
12,653
16,598
7,573
13,184
9,748
16,179
3,782
9,638
7,675
7,571
7,761
7,579
17,595
10,485
15,304
12,646
12,719
16,778
16,619
15,672
12,615
15,734
7,555
16,764
7,774
7,848
10,668
10,677
16,216
7,212
3,695
7,685
16,305
7,820
11,605
7,686
7,826
7,787
15,841
15,789
10,825
9,819
10,840
5,704
9,416
15,792
16,850
9,829
7,575
7,790
13,712
10,814
7,737
7,740
7,532
7,170
16,568
7,588
16,48
7,550
7,566
7,754
13,547
10,843
7,718
7,725
9,816
15,849
10,806
7,661
7,842
7,437
16,824
7,429
7,652
7,462
7,259
7,518
15,94
7,524
9,19
7,109
12,479
9,478
7,567
7,9
16,326
7,246
16,604
3,618
7,692
16,226
7,422
10,558
16,766
10,267
15,639
11,445
16,800
15,17
10,378
15,727
7,418
7,770
7,328
17,706
9,384
17,374
7,253
10,643
7,234
9,345
7,854
7,670
7,830
7,59
7,131
14,681
3,745
12,852
16,696
10,834
7,779
7,773
10,637
3,708
15,610
7,683
7,512
3,557
7,520
7,654
7,625
7,611
12,626
10,499
7,563
12,393
9,634
15,587
10,589
17,651
7,535
13,562
10,678
15,743
7,585
15,757
16,622
9,788
7,693
7,530
7,118
12,442
7,702
7,703
7,721
7,541
7,656
7,755
3,684
7,781
7,516
9,627
7,644
7,722
16,453
15,522
7,255
7,556
7,423
7,657
7,796
9,837
7,309
9,443
7,600
7,552
11,803
7,738
7,597
9,663
15,617
7,574
9,635
7,591
16,649
8,716
15,705
7,623
9,780
10,641
7,760
9,694
3,580
9,724
7,630
16,458
7,799
7,648
7,759
15,658
7,667
7,477
16,504
3,551
7,592
7,741
7,513
7,472
7,544
7,596
16,459
7,469
7,167
7,444
10,515
16,377
9,338
7,2
10,8
9,435
7,295
7,528
12,401
15,386
7,380
15,534
9,385
10,249
11,55
3,381
7,427
7,483
7,362
1,388
7,390
17,475
7,317
7,144
7,468
9,237
4,187
9,484
9,315
7,449
7,564
7,726
7,465
7,481
9,599
7,700
7,578
11,620
7,323
9,749
7,583
10,116
7,577
9,594
7,768
7,394
7,343
15,169
2,433
7,329
7,344
7,199
3,744
7,283
7,398
7,265
7,506
7,222
7,519
7,655
7,81
9,440
7,375
10,349
9,330
7,526
15,498
9,662
7,650
3,493
7,432
7,266
7,365
7,276
7,12
7,136
7,229
15,68
3,368
7,90
7,133
7,476
7,364
9,537
7,279
9,402
7,209
16,132
6,141
7,348
3,400
7,570
7,614
7,680
7,542
7,452
3,51
16,32
9,193
14,715
9,511
7,593
7,752
15,473
7,569
7,601
13,492
7,502
7,501
15,404
15,327
7,730
7,728
7,697
7,572
7,447
6,391
7,436
7,497
7,742
7,508
7,673
15,772
10,699
15,688
7,733
7,586
7,431
7,603
7,500
7,523
7,214
16,263
7,576
10,293
16,42
15,306
3,439
15,221
10,126
7,122
16,41
7,134
7,233
15,92
7,121
10,270
7,357
3,185
7,56
7,448
3,303
16,514
15,308
7,406
9,335
7,49
7,257
7,609
7,415
7,236
16,584
7,67
7,366
7,482
15,66
7,142
7,710
7,173
7,110
7,190
7,161
7,413
16,127
7,180
7,271
7,313
10,138
16,546
7,290
7,147
15,231
15,23
7,631
15,616
7,488
7,346
16,208
7,521
7,268
7,387
3,33
7,1
7,302
7,311
7,347
7,213
18,93
16,392
7,399
7,296
15,549
7,128
7,188
7,529
7,242
7,53
7,79
7,165
7,43
7,403
7,621
7,430
3,582
16,495
7,227
15,505
16,291
10,525
7,503
7,679
7,456
7,215
16,218
7,461
7,171
7,319
7,203
7,517
7,420
7,510
7,355
7,333
7,331
10,467
7,86
15,735
7,82
7,480
7,613
7,647
7,354
7,466
7,441
7,228
7,111
7,352
7,341
7,359
7,463
7,105
7,260
7,24
7,256
16,280
7,324
7,264
7,117
10,112
7,297
15,4
7,240
7,189
10,160
7,106
15,14
10,211
16,88
7,27
7,130
7,289
7,159
15,225
7,31
7,272
9,16
7,65
7,149
7,332
7,207
10,172
15,219
7,244
7,561
7,312
7,241
7,252
3,247
9,278
7,371
7,250
7,548
7,428
7,195
7,275
7,64
7,232
7,300
7,168
7,298
7,337
7,307
7,358
7,238
7,104
7,340
7,101
7,36
16,301
7,316
7,334
7,137
7,123
7,356
7,61
7,163
7,54
3,140
7,98
7,44
7,220
7,47
7,285
7,373
7,230
7,206
7,784
7,855
7,539
15,861
7,28
7,808
7,720
3,450
7,46
7,851
7,785
7,99
7,181
10,152
7,108
7,97
7,277
7,192
7,813
7,70
7,5
7,22
7,659
7,857
7,660
10,15
7,859
7,166
7,314
4,178
3,828
7,83
7,407
10,248
15,197
7,273
7,201
15,531
7,860
7,157
7,396
7,120
7,821
7,701
7,286
7,805
7,777
7,823
7,632
7,612
7,84
7,419
7,674
7,624
7,815
7,336
7,125
7,858
7,507
7,801
10,835
10,536
7,758
7,698
7,150
16,553
10,491
16,412
7,665
7,287
7,154
7,235
7,310
7,91
7,451
10,269
7,540
7,666
7,85
7,405
7,370
7,460
7,581
7,471
7,414
7,408
7,274
7,446
7,496
7,261
7,434
15,35
7,25
7,360
7,89
7,45
7,487
7,177
7,74
10,425
7,664
7,155
10,143
7,129
7,527
7,58
7,243
7,145
7,6
7,490
7,113
7,75
7,103
7,38
7,62
7,80
7,205
7,18
3,254
7,115
7,148
10,223
7,151
7,37
7,294
7,29
7,69
7,198
7,162
7,164
3,489
7,636
7,383
7,282
7,438
7,602
7,633
3,95
7,417
7,409
7,204
7,538
7,509
7,71
7,457
7,382
7,426
7,339
7,96
7,350
7,554
7,690
7,76
7,411
3,376
7,196
7,284
7,474
7,454
10,153
7,202
7,13
7,124
7,239
7,245
7,455
3,135
7,52
7,258
7,320
7,397
7,395
7,224
7,156
7,78
7,158
1,102
7,183
10,545
7,533
7,3
7,372
7,174
7,7
3,50
10,379
10,107
3,119
7,60
7,20
7,200
7,470
3,26
7,73
7,139
6,281
7,191
7,194
7,72
4,77
7,34
7,210
10,176
7,57
7,606
3,838
10,836
7,560
3,765
10,351
3,63
7,844
3,629
3,811
10,421
7,464
10,827
7,717
7,175
7,809
7,410
7,590
10,846
7,363
10,804
7,783
7,251
7,39
3,486
10,856
7,40
7,182
7,812
7,369
7,146
7,262
10,342
3,807
7,736
3,217
7,753
7,791
7,288
7,786
7,325
3,87
7,424
3,729
7,186
7,299
7,798
7,628
10,100
7,321
7,21
7,775
10,292
3,10
10,794
10,389
10,30
10,361
10,11
