23,135
16,167
2,130
7,219
6,278
34,276
23,223
47,192
20,162
15,325
48,201
47,287
38,343
26,265
20,299
10,319
4,235
11,382
16,341
12,141
6,123
11,182
7,381
4,304
9,395
22,418
6,378
16,448
14,222
4,298
7,349
23,449
47,396
18,87
36,406
39,76
47,455
10,405
6,364
7,397
12,311
26,458
11,463
26,473
47,467
22,13
26,36
11,215
47,153
6,344
47,432
34,438
12,371
34,322
4,279
20,216
47,194
22,307
26,294
47,121
47,208
9,470
36,421
21,474
20,54
47,6
22,52
26,303
6,138
28,224
47,380
47,433
22,63
21,110
47,331
44,379
28,315
21,35
47,353
6,246
28,321
47,360
26,317
28,392
26,146
47,372
44,269
11,180
47,460
26,387
12,206
28,189
6,273
20,383
26,231
26,357
47,242
17,476
28,258
18,237
47,184
47,106
47,103
26,115
18,114
47,156
28,295
26,89
47,462
36,339
47,61
5,176
47,79
47,97
47,197
11,165
12,318
20,227
22,290
20,270
33,388
6,301
42,400
47,284
18,232
26,267
47,347
9,257
28,183
42,332
5,209
5,255
12,291
22,217
42,327
26,384
26,158
34,456
22,239
26,316
42,359
28,305
4,8
28,342
26,60
35,401
47,336
26,323
28,187
26,233
26,252
22,157
39,101
26,124
26,296
47,171
47,72
47,49
6,179
49,127
26,109
42,57
5,113
28,37
47,166
47,147
42,86
47,45
22,111
26,82
47,186
47,102
5,33
28,168
26,71
47,51
18,320
22,66
47,75
35,172
22,408
42,12
47,454
47,361
28,466
47,338
47,414
10,160
29,459
7,354
6,461
42,434
28,11
33,425
20,377
26,398
47,435
9,285
5,328
26,90
42,196
26,281
26,253
18,211
26,203
29,272
26,329
33,247
47,429
26,345
26,245
17,236
26,370
26,373
39,148
33,261
47,251
18,250
42,404
21,170
26,243
41,326
42,140
34,205
7,260
12,221
47,126
26,154
28,155
20,14
30,293
47,375
47,202
17,42
42,297
26,367
47,175
22,362
47,145
6,210
18,150
31,151
26,200
17,161
26,83
36,96
26,207
22,213
17,137
26,214
26,330
47,104
26,108
22,59
47,313
5,85
47,47
47,95
28,136
26,228
26,68
28,44
7,300
18,366
42,363
22,457
47,465
5,444
35,346
47,259
21,283
26,144
29,142
18,174
23,314
42,193
20,149
42,164
33,262
23,356
26,185
18,81
28,92
47,107
26,229
20,129
42,70
5,84
5,352
47,77
47,99
17,351
26,306
33,58
47,139
47,248
26,119
41,152
42,238
26,181
47,374
22,254
34,302
43,134
47,310
28,169
33,451
17,427
14,73
22,67
40,26
7,46
26,178
28,391
36,266
47,440
35,424
47,422
42,348
47,416
36,7
37,478
47,32
17,280
42,1
26,376
47,275
26,439
26,389
26,446
36,407
47,472
8,218
5,204
5,241
47,264
17,274
46,105
47,100
13,177
42,282
47,125
42,368
37,442
26,34
25,369
47,420
22,355
45,244
13,98
28,234
28,249
36,337
49,324
17,308
28,402
31,212
5,292
47,413
36,65
46,56
26,195
27,230
40,9
5,415
26,94
26,394
18,15
18,277
26,286
37,118
35,120
26,436
22,417
26,64
23,78
50,74
41,220
36,426
34,477
43,271
42,410
30,365
47,334
4,335
16,412
29,288
47,112
24,132
9,464
22,256
35,431
1,358
20,173
41,268
45,131
40,447
26,468
7,199
47,289
47,471
17,445
14,163
26,430
40,27
44,21
24,80
47,423
15,93
5,191
7,50
5,69
19,240
46,122
20,39
23,159
20,5
41,31
4,40
18,23
33,263
22,4
6,225
22,411
50,312
21,469
22,190
12,399
26,333
5,437
5,62
37,128
34,198
48,390
26,25
20,30
8,24
37,17
23,55
22,143
1,450
18,385
3,419
25,41
5,20
24,428
5,133
41,117
45,226
4,453
22,91
3,53
12,43
47,48
40,22
47,18
27,88
40,116
49,16
29,38
48,188
47,309
38,403
5,29
25,340
46,350
38,441
5,393
7,3
33,452
5,443
24,19
38,28
33,386
15,2
32,409
21,475
23,10
