30,135
20,167
2,130
10,219
9,278
46,276
30,223
68,192
24,162
19,325
70,201
67,287
54,343
33,265
24,299
13,319
5,235
14,382
20,341
15,141
9,123
14,182
10,381
5,304
12,395
28,418
9,378
20,448
18,222
5,298
10,349
30,449
67,396
22,87
50,406
55,76
67,455
13,405
9,364
10,397
15,311
33,458
14,463
34,473
67,467
28,13
34,36
14,215
67,153
9,344
67,432
46,438
15,371
46,322
5,279
24,216
67,194
28,307
34,294
68,121
68,208
12,470
50,421
27,474
24,54
67,6
28,52
34,303
9,138
37,224
67,380
67,433
28,63
27,110
67,331
63,379
37,315
27,35
68,353
9,246
37,321
67,360
34,317
37,392
34,146
67,372
63,269
14,180
68,460
33,387
15,206
37,189
9,273
24,383
34,231
34,357
68,242
21,476
37,258
22,237
67,184
67,106
68,103
34,115
22,114
68,156
37,295
34,89
67,462
50,339
67,61
8,176
67,79
68,97
68,197
14,165
15,318
25,227
28,290
25,270
43,388
9,301
61,400
67,284
22,232
33,267
67,347
12,257
37,183
61,332
8,209
8,255
15,291
28,217
61,327
34,384
34,158
46,456
28,239
33,316
61,359
37,305
5,8
37,342
33,60
47,401
67,336
33,323
37,187
33,233
33,252
28,157
55,101
33,124
33,296
68,171
67,72
68,49
9,179
71,127
33,109
61,57
7,113
37,37
68,166
67,147
61,86
67,45
28,111
33,82
67,186
67,102
8,33
37,168
33,71
68,51
22,320
28,66
67,75
48,172
28,408
61,12
68,454
68,361
37,466
67,338
67,414
13,160
38,459
10,354
9,461
61,434
37,11
43,425
24,377
33,398
68,435
12,285
8,328
33,90
61,196
33,281
33,253
22,211
33,203
39,272
34,329
43,247
68,429
33,345
33,245
21,236
34,370
34,373
55,148
43,261
68,251
22,250
61,404
27,170
33,243
59,326
61,140
45,205
10,260
15,221
68,126
34,154
37,155
24,14
40,293
68,375
67,202
21,42
61,297
33,367
68,175
28,362
68,145
9,210
22,150
41,151
33,200
21,161
33,83
49,96
33,207
28,213
21,137
33,214
33,330
67,104
33,108
28,59
68,313
8,85
68,47
68,95
37,136
33,228
33,68
37,44
10,300
22,366
61,363
28,457
68,465
8,444
48,346
68,259
26,283
33,144
38,142
22,174
30,314
61,193
25,149
61,164
43,262
30,356
33,185
22,81
37,92
68,107
33,229
25,129
61,70
8,84
8,352
68,77
68,99
21,351
33,306
43,58
68,139
67,248
33,119
59,152
61,238
34,181
68,374
28,254
46,302
62,134
68,310
36,169
43,451
21,427
17,73
28,67
56,26
10,46
34,178
37,391
50,266
68,440
47,424
68,422
61,348
67,416
49,7
51,478
67,32
21,280
61,1
33,376
68,275
33,439
33,389
34,446
50,407
68,472
11,218
8,204
8,241
68,264
21,274
65,105
68,100
16,177
61,282
68,125
61,368
52,442
33,34
32,369
68,420
29,355
64,244
16,98
36,234
37,249
49,337
71,324
21,308
37,402
41,212
8,292
68,413
49,65
66,56
33,195
35,230
58,9
8,415
34,94
33,394
22,15
22,277
33,286
51,118
47,120
33,436
28,417
33,64
30,78
72,74
60,220
50,426
45,477
62,271
61,410
40,365
68,334
5,335
20,412
39,288
68,112
31,132
12,464
28,256
47,431
1,358
24,173
60,268
64,131
56,447
33,468
10,199
68,289
68,471
21,445
17,163
33,430
57,27
63,21
31,80
67,423
19,93
8,191
10,50
8,69
23,240
65,122
24,39
30,159
25,5
60,31
6,40
22,23
43,263
29,4
9,225
29,411
72,312
27,469
28,190
15,399
33,333
7,437
8,62
52,128
45,198
69,390
33,25
25,30
11,24
52,17
30,55
29,143
1,450
22,385
3,419
32,41
7,20
31,428
8,133
60,117
64,226
5,453
28,91
4,53
15,43
67,48
57,22
68,18
35,88
56,116
71,16
39,38
69,188
68,309
53,403
8,29
32,340
66,350
53,441
8,393
10,3
43,452
7,443
31,19
53,28
44,386
19,2
42,409
26,475
30,10
