2,89
3,112
4,33
1,49
4,80
1,113
5,41
1,120
1,65
5,81
6,168
1,67
3,76
1,29
4,189
1,104
5,122
2,75
4,23
4,87
5,121
4,96
4,82
1,28
4,140
4,92
4,117
4,272
4,50
5,102
4,148
5,107
4,68
4,162
4,85
5,56
5,98
2,97
1,60
4,146
4,161
4,22
4,235
5,84
4,20
4,95
4,201
5,42
4,79
4,101
5,70
5,69
5,105
5,58
4,78
4,200
4,55
4,115
4,40
4,88
4,209
4,57
4,114
5,34
4,156
4,77
4,47
4,27
4,91
4,93
4,190
1,63
3,45
4,240
4,138
4,66
4,171
4,26
4,46
4,61
4,31
4,90
5,35
4,15
4,59
3,25
4,232
4,271
4,62
4,19
4,71
4,268
4,244
3,247
4,175
4,264
4,133
4,109
1,43
5,127
4,248
4,249
5,254
4,198
4,221
4,218
4,181
5,158
4,233
4,74
5,5
4,106
4,110
4,126
4,267
1,257
4,3
3,94
3,170
4,119
4,183
4,216
5,178
5,202
5,179
4,172
4,2
1,212
5,224
5,118
5,180
5,13
4,73
5,86
2,261
5,30
5,225
4,160
5,154
4,103
2,228
1,37
5,217
5,124
2,153
4,111
5,182
4,83
5,108
1,166
5,32
5,197
5,184
5,164
2,125
4,53
5,36
4,208
5,152
5,236
4,177
4,203
5,219
5,130
2,129
5,187
5,196
4,48
5,173
3,193
4,100
3,17
5,137
2,252
4,147
5,139
5,195
3,151
3,64
3,207
4,188
5,222
3,215
5,234
5,205
2,143
5,211
5,21
4,51
4,54
2,157
1,131
5,255
5,256
5,223
5,134
5,144
4,231
5,199
4,176
4,220
3,270
5,149
5,185
5,210
1,136
5,260
5,167
4,259
5,123
5,262
3,194
2,52
5,214
5,241
3,132
5,204
4,237
5,44
5,169
4,229
5,159
5,10
3,163
5,7
1,239
5,243
5,269
5,266
2,227
5,186
4,145
4,238
5,213
4,191
5,245
5,18
2,38
5,258
4,250
5,230
2,242
5,251
4,246
2,141
2,135
4,165
4,174
4,253
2,265
2,155
5,273
2,1
4,150
5,142
5,192
4,72
2,4
5,9
5,128
3,263
5,206
1,14
4,24
2,226
5,12
4,99
4,116
5,39
5,16
4,8
4,6
2,11
