3,1206
32,1208
33,1210
32,1064
33,1219
6,1236
33,703
34,1232
32,1207
26,1157
16,1199
3,1082
26,1112
31,1212
26,1095
17,889
34,1144
16,1227
26,876
26,1118
34,1005
26,954
26,1089
33,1042
31,561
34,1087
34,591
26,1223
9,1139
26,928
4,1222
3,908
26,784
14,1077
26,891
26,1056
26,912
7,1228
26,1215
26,655
10,946
26,970
26,996
23,532
26,581
3,485
34,722
1,751
17,829
26,1192
34,1194
26,514
26,831
21,1197
26,633
25,967
33,500
26,1030
18,952
1,386
26,1221
17,880
25,1032
25,1166
25,1001
26,697
16,1133
19,659
25,993
32,1163
25,1196
31,1053
26,520
26,978
26,1204
26,1147
10,798
25,981
32,1101
19,850
21,1060
19,1153
17,1079
25,1195
25,1022
25,1010
19,1205
25,1116
25,636
1,701
25,1052
25,927
25,602
25,522
25,1094
5,853
25,351
25,745
25,811
18,1067
18,583
26,772
25,1086
25,863
25,716
9,564
10,385
25,816
25,725
25,580
25,1231
25,1176
10,882
33,411
26,660
15,920
25,913
17,374
9,288
34,631
25,683
35,393
19,518
26,621
26,400
26,577
25,1046
25,667
25,1114
25,554
25,456
33,723
18,720
18,953
11,959
20,1122
25,937
25,1058
25,543
25,982
25,578
10,791
25,511
33,1049
14,740
19,1098
8,692
15,727
23,593
33,427
25,415
21,493
32,430
10,1115
16,841
25,1031
25,919
10,861
18,1217
1,1224
25,1161
1,773
25,823
25,565
25,626
14,1120
21,991
25,979
25,1076
25,1182
25,526
25,1008
25,894
25,830
26,969
25,947
26,999
25,1105
25,704
25,512
25,428
18,612
25,486
25,744
25,1132
25,466
21,842
25,980
25,1063
25,817
17,1029
25,775
25,568
22,681
25,730
12,781
25,851
25,1068
26,762
25,608
44,729
25,690
25,1141
25,944
13,767
25,611
18,930
25,1016
25,549
25,1121
25,609
25,790
25,865
25,825
26,1143
25,1047
23,845
25,984
25,1119
25,888
21,590
25,843
25,708
25,641
25,685
7,574
21,1211
25,1225
25,642
25,1198
25,1202
25,1226
33,698
25,972
16,1051
25,1156
16,1184
25,837
18,684
25,1177
25,713
25,1229
25,1164
16,1126
26,801
25,924
25,917
25,1216
25,1235
25,1218
25,1158
25,872
25,1209
25,1185
25,1136
25,916
25,1017
25,1234
25,1138
33,1036
25,1104
25,1220
15,709
25,1175
25,800
25,1088
25,921
18,584
16,465
25,1146
16,1169
25,918
25,962
25,1142
25,788
25,1055
25,1129
25,765
25,1128
25,802
18,629
25,777
18,1075
26,1018
25,669
25,896
25,824
25,938
25,529
25,388
25,792
25,854
25,535
33,1069
19,878
25,1180
25,810
22,1170
26,1171
25,285
25,915
25,1151
25,1092
22,652
15,1154
25,1168
25,334
25,1173
1,645
25,412
25,657
25,846
25,503
10,995
25,318
25,866
25,1109
25,983
1,910
25,1125
25,809
25,1145
25,625
25,505
19,732
25,1004
25,771
25,968
25,1024
25,855
25,956
22,743
25,1083
25,1045
25,1131
25,640
17,933
25,524
25,1165
25,1000
25,760
25,1174
25,617
25,1187
10,955
25,884
25,904
25,1048
25,752
25,844
25,536
25,632
25,1044
25,1200
20,587
25,1034
25,828
16,1123
6,717
25,813
25,869
25,974
25,1003
25,840
25,1090
25,1135
25,1084
25,769
1,1040
33,964
25,502
25,1021
25,1106
25,754
25,1006
41,1113
10,966
25,832
25,594
25,682
25,691
25,618
26,1137
25,1189
25,1002
25,712
25,1213
25,793
24,961
25,895
25,1230
25,1214
25,677
25,348
25,1178
25,936
18,934
25,932
25,1188
25,395
25,734
15,1152
25,1111
26,997
13,1043
25,758
2,906
25,676
25,903
29,646
25,1148
25,925
25,668
25,1071
25,949
25,1140
25,540
25,875
21,322
19,735
25,747
25,544
25,390
34,1097
25,1183
25,569
25,941
25,702
42,893
25,582
6,647
25,1059
25,1134
25,768
25,960
25,858
25,929
16,990
25,672
27,1130
25,1020
25,864
25,551
25,282
25,601
25,886
26,513
25,449
25,1110
25,623
25,988
25,779
25,736
18,572
25,1124
25,320
25,586
25,275
25,384
25,812
25,592
19,635
25,380
25,1167
25,1062
25,746
25,883
10,1033
19,506
25,958
25,852
25,976
25,494
25,562
25,497
25,898
25,527
24,870
40,731
25,530
18,787
25,987
33,794
25,897
25,573
25,1093
25,733
25,689
25,403
25,501
19,822
25,1054
25,902
25,821
25,627
25,662
25,780
25,671
22,710
25,445
25,839
25,539
25,566
25,1023
25,948
25,1149
25,877
25,686
23,890
25,867
25,911
25,885
25,776
25,973
19,1014
25,1091
25,1072
25,567
25,1028
25,1027
25,1080
25,498
1,695
25,600
25,940
25,488
25,496
25,558
25,556
25,408
25,432
25,439
25,437
25,674
25,795
25,1057
25,1150
25,579
25,576
25,738
25,441
25,422
25,198
25,93
25,95
25,286
25,489
25,257
25,157
25,236
25,311
25,477
25,806
25,696
25,610
25,994
19,724
25,458
25,860
25,596
25,1099
25,785
25,820
25,1009
25,504
25,1107
25,835
25,826
25,805
25,679
25,656
25,763
25,541
25,721
25,1061
25,418
25,650
25,753
25,649
25,766
25,874
25,750
25,922
25,957
25,783
25,926
25,807
25,1085
25,899
25,847
25,943
25,1100
25,986
25,670
28,764
25,654
25,510
25,665
25,818
25,387
25,862
25,588
25,658
25,827
25,310
25,375
25,680
25,394
25,223
25,1038
25,571
25,705
25,473
25,247
25,749
25,620
25,129
25,86
25,232
25,280
25,315
25,484
25,675
25,538
25,545
25,459
25,302
25,172
25,255
18,343
25,434
25,333
25,1015
25,585
25,971
25,546
25,859
25,624
25,507
25,266
25,209
25,349
1,219
25,517
25,443
25,435
25,292
25,104
25,354
25,552
1,542
25,164
25,214
25,188
25,151
25,297
25,347
25,737
25,550
25,416
25,848
25,360
1,371
26,598
25,352
19,267
25,338
25,128
25,433
25,487
25,834
25,296
25,871
25,977
25,799
25,856
25,1041
25,1073
25,475
25,139
25,833
25,401
25,1070
25,350
25,604
25,321
36,471
25,85
25,98
25,312
25,189
25,234
25,242
25,560
25,190
25,367
25,357
25,225
43,206
25,238
25,328
25,180
25,341
25,589
25,362
25,303
25,379
25,460
25,84
25,246
37,261
25,326
25,786
25,638
25,1103
25,256
25,942
17,814
25,399
25,548
25,218
25,173
25,193
25,141
25,143
25,279
25,277
25,78
25,63
25,313
25,363
25,105
25,472
25,220
25,688
25,605
25,323
25,421
25,1162
25,442
25,905
25,426
25,91
25,797
25,452
25,366
25,340
25,892
25,719
25,327
25,1190
25,998
25,228
25,224
25,210
25,254
25,339
25,474
25,715
25,270
25,121
25,213
25,186
25,289
25,202
25,290
25,252
25,378
25,112
25,308
25,156
25,273
25,836
7,1096
25,204
25,230
25,265
25,65
25,881
25,229
25,448
25,163
25,222
25,97
25,171
25,89
25,755
25,69
18,335
25,88
25,678
25,287
25,241
25,179
25,127
25,140
25,276
25,212
25,203
25,492
25,200
25,476
25,92
25,353
25,547
25,165
25,262
24,317
25,570
25,192
25,184
25,531
25,615
25,653
10,346
25,796
25,329
25,324
25,849
25,240
25,300
25,248
25,417
25,306
25,344
25,634
25,185
25,616
25,307
25,707
25,178
25,301
25,628
25,243
25,939
25,907
25,450
25,409
25,414
25,272
25,161
25,446
25,482
25,1159
25,706
25,253
25,264
25,490
25,951
25,603
25,423
25,398
25,413
25,1127
25,613
25,365
38,444
25,463
25,170
25,259
25,274
25,137
25,94
25,174
25,169
25,71
25,64
25,258
25,516
25,382
25,183
25,208
45,480
25,108
25,138
25,838
25,368
25,700
19,176
25,103
25,249
25,109
25,250
25,117
25,742
25,931
25,131
25,373
25,110
25,130
25,56
25,211
25,99
25,464
25,694
25,757
25,1155
25,1026
25,756
24,1025
25,622
25,1035
25,714
25,639
25,356
25,759
25,316
25,396
18,607
25,1181
25,739
25,559
25,533
25,1108
25,508
25,521
25,644
25,761
25,1065
25,619
25,331
25,661
10,606
25,168
25,455
25,614
25,741
25,555
25,406
25,782
25,525
25,519
25,726
25,963
43,231
25,693
25,673
25,804
25,1037
25,914
25,453
25,534
25,381
25,563
25,391
25,372
25,770
25,597
25,803
25,887
25,965
25,748
25,945
25,553
25,336
25,425
25,778
25,528
25,819
25,537
25,1201
25,1012
25,1013
25,950
25,451
25,599
25,278
25,495
25,637
25,728
25,361
25,467
25,901
25,330
25,197
25,975
25,1039
25,1203
25,461
25,868
25,1233
25,342
25,293
25,575
10,1019
25,291
25,181
25,195
26,111
25,216
25,251
19,648
25,436
25,457
25,364
25,470
25,392
25,808
25,478
25,900
25,389
25,1007
25,1172
25,1193
25,36
25,66
24,13
25,74
25,37
25,124
36,35
25,58
25,22
25,177
25,75
25,30
25,45
25,39
25,43
25,53
25,115
25,664
25,125
25,199
25,40
25,73
25,15
25,989
25,61
25,23
25,33
25,383
25,299
25,19
25,20
25,28
25,10
25,50
25,42
25,52
25,55
25,102
25,404
25,284
25,447
25,126
25,215
25,76
25,245
8,175
25,440
25,595
25,410
25,509
25,217
25,44
25,149
25,1066
25,304
25,499
25,332
25,298
25,194
25,227
25,419
23,1186
25,1078
25,167
25,54
25,152
25,187
25,221
25,81
19,1081
25,233
25,114
25,260
21,57
25,483
25,150
30,294
25,370
25,24
25,132
25,3
25,144
25,5
25,7
25,1237
25,9
25,4
25,70
25,2
25,79
25,153
25,14
25,72
25,25
25,8
25,21
25,26
39,51
25,17
25,1238
25,47
25,27
25,424
25,120
25,122
25,134
25,789
25,909
25,397
25,182
25,481
25,630
16,454
25,100
25,101
25,283
25,133
25,207
25,59
25,239
25,268
25,159
25,281
25,62
25,337
25,49
25,718
25,83
25,118
25,191
25,16
25,491
25,146
25,87
25,469
25,123
25,82
25,515
25,80
25,557
25,68
25,295
25,1191
25,879
25,666
25,325
25,992
25,420
25,462
25,1074
25,355
25,136
25,358
25,269
25,67
16,271
25,1117
25,1160
25,438
25,244
25,11
25,18
25,235
25,155
25,237
25,305
25,402
24,116
25,148
25,263
25,34
25,145
25,166
25,205
36,405
25,41
25,985
25,107
25,154
25,923
25,314
21,345
25,113
25,158
25,815
25,142
19,77
25,468
24,377
25,135
25,119
25,29
25,106
25,147
25,1050
25,196
25,1102
25,857
25,479
25,376
25,1179
25,1011
25,687
25,711
25,429
25,699
25,935
25,201
25,873
25,319
25,60
25,162
25,651
25,90
25,369
25,663
25,309
25,643
25,523
25,160
25,48
25,407
25,774
25,226
25,38
25,6
25,359
25,431
25,12
25,32
25,1
25,46
33,31
34,96
