5,833
5,565
13,831
5,845
8,640
14,769
12,767
5,682
5,739
4,713
4,797
5,832
13,732
5,762
8,691
5,642
5,756
14,795
5,367
11,711
1,776
8,810
5,671
5,607
14,747
10,822
5,318
8,494
14,669
4,853
5,847
5,818
5,751
10,114
14,687
7,793
14,731
14,608
2,559
2,645
5,707
5,353
5,839
7,771
14,543
8,750
7,723
5,322
5,689
12,763
5,817
13,714
5,709
7,802
5,676
5,746
10,653
14,598
5,573
11,184
7,748
14,179
2,782
7,638
5,675
5,571
5,761
5,579
14,595
8,485
13,304
10,646
10,719
14,778
14,619
13,672
10,615
13,734
5,555
14,764
5,774
5,848
8,668
8,677
14,216
5,212
2,695
5,685
14,305
5,820
9,605
5,686
5,826
5,787
13,841
13,789
8,825
7,819
8,840
3,704
7,416
13,792
14,850
7,829
5,575
5,790
11,712
8,814
5,737
5,740
5,532
5,170
14,568
5,588
14,48
5,550
5,566
5,754
11,547
8,843
5,718
5,725
7,816
13,849
8,806
5,661
5,842
5,437
14,824
5,429
5,652
5,462
5,259
5,518
13,94
5,524
7,19
5,109
10,479
7,478
5,567
5,9
14,326
5,246
14,604
2,618
5,692
14,226
5,422
8,558
14,766
8,267
13,639
9,445
14,800
13,17
8,378
13,727
5,418
5,770
5,328
14,706
7,384
14,374
5,253
8,643
5,234
7,345
5,854
5,670
5,830
5,59
5,131
12,681
2,745
10,852
14,696
8,834
5,779
5,773
8,637
2,708
13,610
5,683
5,512
2,557
5,520
5,654
5,625
5,611
10,626
8,499
5,563
10,393
7,634
13,587
8,589
14,651
5,535
11,562
8,678
13,743
5,585
13,757
14,622
7,788
5,693
5,530
5,118
10,442
5,702
5,703
5,721
5,541
5,656
5,755
2,684
5,781
5,516
7,627
5,644
5,722
14,453
13,522
5,255
5,556
5,423
5,657
5,796
7,837
5,309
7,443
5,600
5,552
9,803
5,738
5,597
7,663
13,617
5,574
7,635
5,591
14,649
6,716
13,705
5,623
7,780
8,641
5,760
7,694
2,580
7,724
5,630
14,458
5,799
5,648
5,759
13,658
5,667
5,477
14,504
2,551
5,592
5,741
5,513
5,472
5,544
5,596
14,459
5,469
5,167
5,444
8,515
14,377
7,338
5,2
8,8
7,435
5,295
5,528
10,401
13,386
5,380
13,534
7,385
8,249
9,55
2,381
5,427
5,483
5,362
1,388
5,390
14,475
5,317
5,144
5,468
7,237
2,187
7,484
7,315
5,449
5,564
5,726
5,465
5,481
7,599
5,700
5,578
9,620
5,323
7,749
5,583
8,116
5,577
7,594
5,768
5,394
5,343
13,169
1,433
5,329
5,344
5,199
2,744
5,283
5,398
5,265
5,506
5,222
5,519
5,655
5,81
7,440
5,375
8,349
7,330
5,526
13,498
7,662
5,650
2,493
5,432
5,266
5,365
5,276
5,12
5,136
5,229
13,68
2,368
5,90
5,133
5,476
5,364
7,537
5,279
7,402
5,209
14,132
4,141
5,348
2,400
5,570
5,614
5,680
5,542
5,452
2,51
14,32
7,193
12,715
7,511
5,593
5,752
13,473
5,569
5,601
11,492
5,502
5,501
13,404
13,327
5,730
5,728
5,697
5,572
5,447
4,391
5,436
5,497
5,742
5,508
5,673
13,772
8,699
13,688
5,733
5,586
5,431
5,603
5,500
5,523
5,214
14,263
5,576
8,293
14,42
13,306
2,439
13,221
8,126
5,122
14,41
5,134
5,233
13,92
5,121
8,270
5,357
2,185
5,56
5,448
2,303
14,514
13,308
5,406
7,335
5,49
5,257
5,609
5,415
5,236
14,584
5,67
5,366
5,482
13,66
5,142
5,710
5,173
5,110
5,190
5,161
5,413
14,127
5,180
5,271
5,313
8,138
14,546
5,290
5,147
13,231
13,23
5,631
13,616
5,488
5,346
14,208
5,521
5,268
5,387
2,33
5,1
5,302
5,311
5,347
5,213
15,93
14,392
5,399
5,296
13,549
5,128
5,188
5,529
5,242
5,53
5,79
5,165
5,43
5,403
5,621
5,430
2,582
14,495
5,227
13,505
14,291
8,525
5,503
5,679
5,456
5,215
14,218
5,461
5,171
5,319
5,203
5,517
5,420
5,510
5,355
5,333
5,331
8,467
5,86
13,735
5,82
5,480
5,613
5,647
5,354
5,466
5,441
5,228
5,111
5,352
5,341
5,359
5,463
5,105
5,260
5,24
5,256
14,280
5,324
5,264
5,117
8,112
5,297
13,4
5,240
5,189
8,160
5,106
13,14
8,211
14,88
5,27
5,130
5,289
5,159
13,225
5,31
5,272
7,16
5,65
5,149
5,332
5,207
8,172
13,219
5,244
5,561
5,312
5,241
5,252
2,247
7,278
5,371
5,250
5,548
5,428
5,195
5,275
5,64
5,232
5,300
5,168
5,298
5,337
5,307
5,358
5,238
5,104
5,340
5,101
5,36
14,301
5,316
5,334
5,137
5,123
5,356
5,61
5,163
5,54
2,140
5,98
5,44
5,220
5,47
5,285
5,373
5,230
5,206
5,784
5,855
5,539
13,861
5,28
5,808
5,720
2,450
5,46
5,851
5,785
5,99
5,181
8,152
5,108
5,97
5,277
5,192
5,813
5,70
5,5
5,22
5,659
5,857
5,660
8,15
5,859
5,166
5,314
2,178
2,828
5,83
5,407
8,248
13,197
5,273
5,201
13,531
5,860
5,157
5,396
5,120
5,821
5,701
5,286
5,805
5,777
5,823
5,632
5,612
5,84
5,419
5,674
5,624
5,815
5,336
5,125
5,858
5,507
5,801
8,835
8,536
5,758
5,698
5,150
14,553
8,491
14,412
5,665
5,287
5,154
5,235
5,310
5,91
5,451
8,269
5,540
5,666
5,85
5,405
5,370
5,460
5,581
5,471
5,414
5,408
5,274
5,446
5,496
5,261
5,434
13,35
5,25
5,360
5,89
5,45
5,487
5,177
5,74
8,425
5,664
5,155
8,143
5,129
5,527
5,58
5,243
5,145
5,6
5,490
5,113
5,75
5,103
5,38
5,62
5,80
5,205
5,18
2,254
5,115
5,148
8,223
5,151
5,37
5,294
5,29
5,69
5,198
5,162
5,164
2,489
5,636
5,383
5,282
5,438
5,602
5,633
2,95
5,417
5,409
5,204
5,538
5,509
5,71
5,457
5,382
5,426
5,339
5,96
5,350
5,554
5,690
5,76
5,411
2,376
5,196
5,284
5,474
5,454
8,153
5,202
5,13
5,124
5,239
5,245
5,455
2,135
5,52
5,258
5,320
5,397
5,395
5,224
5,156
5,78
5,158
1,102
5,183
8,545
5,533
5,3
5,372
5,174
5,7
2,50
8,379
8,107
2,119
5,60
5,20
5,200
5,470
2,26
5,73
5,139
4,281
5,191
5,194
5,72
2,77
5,34
5,210
8,176
5,57
5,606
2,838
8,836
5,560
2,765
8,351
2,63
5,844
2,629
2,811
8,421
5,464
8,827
5,717
5,175
5,809
5,410
5,590
8,846
5,363
8,804
5,783
5,251
5,39
2,486
8,856
5,40
5,182
5,812
5,369
5,146
5,262
8,342
2,807
5,736
2,217
5,753
5,791
5,288
5,786
5,325
2,87
5,424
2,729
5,186
5,299
5,798
5,628
8,100
5,321
5,21
5,775
8,292
2,10
8,794
8,389
8,30
8,361
8,11
