21,833
20,565
50,831
24,845
35,640
57,769
49,767
20,682
20,739
14,713
13,797
20,832
52,732
26,762
35,691
17,642
20,756
58,795
20,367
48,711
2,776
35,810
21,671
24,607
55,747
44,822
17,318
35,494
59,669
12,853
17,847
21,818
21,751
43,114
55,687
30,793
59,731
58,608
6,559
6,645
21,707
21,353
21,839
32,771
55,543
35,750
32,723
20,322
21,689
49,763
21,817
51,714
21,709
29,802
20,676
21,746
42,653
54,598
20,573
46,184
29,748
58,179
6,782
31,638
17,675
21,571
21,761
20,579
59,595
35,485
52,304
44,646
44,719
55,778
58,619
52,672
44,615
51,734
21,555
58,764
20,774
23,848
35,668
35,677
55,216
23,212
7,695
27,685
55,305
20,820
41,605
21,686
21,826
20,787
52,841
52,789
35,825
29,819
35,840
11,704
30,416
51,792
58,850
30,829
24,575
26,790
45,712
35,814
20,737
21,740
23,532
24,170
58,568
20,588
58,48
20,550
24,566
20,754
45,547
35,843
21,718
21,725
30,816
53,849
35,806
21,661
21,842
21,437
54,824
17,429
20,652
19,462
20,259
21,518
53,94
20,524
30,19
21,109
44,479
29,478
21,567
21,9
56,326
20,246
57,604
6,618
21,692
58,226
18,422
35,558
58,766
35,267
52,639
38,445
56,800
51,17
35,378
51,727
17,418
25,770
21,328
59,706
29,384
59,374
21,253
35,643
20,234
31,345
20,854
20,670
22,830
15,59
21,131
49,681
6,745
42,852
55,696
35,834
20,779
21,773
35,637
6,708
50,610
20,683
21,512
4,557
20,520
21,654
24,625
21,611
44,626
35,499
21,563
44,393
31,634
52,587
35,589
59,651
20,535
47,562
35,678
52,743
22,585
52,757
58,622
34,788
16,693
21,530
19,118
43,442
26,702
20,703
21,721
21,541
22,656
20,755
5,684
22,781
15,516
32,627
21,644
20,722
58,453
51,522
17,255
20,556
22,423
23,657
20,796
33,837
21,309
31,443
21,600
20,552
39,803
21,738
20,597
30,663
53,617
24,574
31,635
21,591
54,649
28,716
53,705
20,623
31,780
35,641
20,760
31,694
6,580
31,724
20,630
58,458
20,799
24,648
21,759
51,658
20,667
24,477
55,504
6,551
21,592
24,741
20,513
20,472
20,544
21,596
55,459
21,469
21,167
17,444
35,515
55,377
31,338
20,2
35,8
31,435
20,295
24,528
44,401
52,386
20,380
52,534
32,385
35,249
38,55
5,381
17,427
21,483
22,362
1,388
21,390
59,475
20,317
21,144
24,468
31,237
9,187
31,484
30,315
21,449
21,564
20,726
20,465
21,481
30,599
21,700
20,578
40,620
21,323
31,749
21,583
35,116
20,577
30,594
20,768
20,394
22,343
51,169
3,433
20,329
20,344
24,199
7,744
20,283
21,398
20,265
20,506
20,222
23,519
16,655
23,81
30,440
21,375
35,349
31,330
20,526
52,498
30,662
24,650
5,493
20,432
20,266
20,365
21,276
21,12
21,136
20,229
52,68
6,368
23,90
20,133
23,476
23,364
30,537
21,279
30,402
24,209
55,132
12,141
20,348
6,400
20,570
20,614
21,680
20,542
20,452
6,51
55,32
31,193
49,715
32,511
20,593
20,752
52,473
20,569
20,601
45,492
20,502
20,501
52,404
52,327
20,730
20,728
20,697
21,572
20,447
14,391
20,436
21,497
21,742
20,508
20,673
51,772
35,699
51,688
20,733
21,586
21,431
20,603
20,500
22,523
21,214
55,263
21,576
35,293
55,42
52,306
6,439
52,221
36,126
21,122
55,41
21,134
20,233
52,92
20,121
35,270
23,357
6,185
20,56
20,448
8,303
56,514
52,308
20,406
31,335
20,49
22,257
21,609
20,415
20,236
55,584
20,67
21,366
20,482
52,66
21,142
20,710
23,173
20,110
20,190
20,161
20,413
55,127
21,180
21,271
20,313
35,138
55,546
21,290
20,147
52,231
53,23
22,631
52,616
20,488
20,346
55,208
22,521
20,268
24,387
6,33
20,1
23,302
23,311
20,347
20,213
60,93
55,392
20,399
21,296
52,549
20,128
20,188
20,529
20,242
20,53
23,79
20,165
21,43
20,403
20,621
20,430
6,582
55,495
21,227
52,505
57,291
36,525
21,503
20,679
20,456
22,215
55,218
21,461
20,171
20,319
21,203
21,517
21,420
22,510
20,355
22,333
20,331
35,467
21,86
52,735
23,82
21,480
20,613
20,647
21,354
20,466
20,441
23,228
20,111
20,352
20,341
21,359
20,463
21,105
20,260
22,24
20,256
54,280
20,324
21,264
20,117
35,112
20,297
50,4
20,240
20,189
35,160
20,106
52,14
35,211
55,88
20,27
21,130
20,289
20,159
50,225
21,31
20,272
31,16
21,65
20,149
20,332
20,207
36,172
52,219
20,244
20,561
20,312
20,241
20,252
6,247
31,278
20,371
20,250
20,548
20,428
20,195
20,275
20,64
21,232
21,300
20,168
21,298
20,337
20,307
20,358
21,238
20,104
20,340
20,101
20,36
55,301
22,316
20,334
21,137
20,123
21,356
20,61
20,163
20,54
6,140
20,98
20,44
21,220
20,47
20,285
20,373
20,230
20,206
20,784
20,855
21,539
52,861
21,28
20,808
20,720
6,450
20,46
20,851
21,785
20,99
20,181
35,152
23,108
21,97
20,277
21,192
20,813
20,70
20,5
20,22
22,659
20,857
20,660
35,15
20,859
20,166
20,314
10,178
6,828
20,83
21,407
35,248
52,197
20,273
20,201
52,531
20,860
20,157
20,396
20,120
20,821
20,701
20,286
20,805
20,777
20,823
23,632
20,612
20,84
20,419
20,674
20,624
20,815
20,336
20,125
20,858
20,507
20,801
35,835
35,536
20,758
20,698
20,150
56,553
37,491
55,412
20,665
20,287
20,154
20,235
20,310
20,91
21,451
35,269
20,540
20,666
20,85
20,405
22,370
21,460
20,581
20,471
20,414
20,408
20,274
20,446
20,496
21,261
20,434
52,35
20,25
20,360
20,89
20,45
20,487
20,177
21,74
35,425
21,664
20,155
35,143
20,129
20,527
20,58
20,243
20,145
20,6
20,490
20,113
21,75
20,103
20,38
20,62
20,80
21,205
20,18
6,254
20,115
20,148
35,223
20,151
20,37
20,294
20,29
20,69
20,198
20,162
21,164
4,489
21,636
20,383
20,282
21,438
20,602
23,633
5,95
20,417
20,409
20,204
20,538
20,509
21,71
20,457
20,382
20,426
20,339
20,96
20,350
20,554
20,690
20,76
21,411
5,376
20,196
20,284
20,474
20,454
35,153
20,202
20,13
20,124
20,239
20,245
20,455
6,135
20,52
20,258
20,320
20,397
20,395
20,224
21,156
20,78
20,158
1,102
20,183
35,545
20,533
20,3
20,372
20,174
20,7
6,50
35,379
35,107
7,119
20,60
20,20
20,200
20,470
5,26
20,73
20,139
14,281
20,191
20,194
20,72
9,77
20,34
20,210
35,176
20,57
20,606
6,838
35,836
20,560
5,765
35,351
6,63
20,844
6,629
6,811
35,421
20,464
35,827
20,717
20,175
20,809
20,410
20,590
35,846
20,363
35,804
20,783
20,251
20,39
6,486
35,856
20,40
20,182
20,812
20,369
20,146
20,262
35,342
6,807
20,736
6,217
20,753
20,791
20,288
20,786
20,325
6,87
20,424
6,729
20,186
20,299
20,798
20,628
35,100
20,321
20,21
20,775
35,292
6,10
35,794
35,389
35,30
35,361
35,11
