6,135
4,167
1,130
2,219
2,278
9,276
6,223
12,192
5,162
4,325
13,201
12,287
10,343
6,265
5,299
3,319
2,235
3,382
4,341
3,141
2,123
3,182
2,381
2,304
2,395
6,418
2,378
4,448
3,222
2,298
2,349
6,449
12,396
5,87
9,406
10,76
12,455
3,405
2,364
2,397
3,311
6,458
3,463
6,473
12,467
6,13
6,36
3,215
12,153
2,344
12,432
9,438
3,371
9,322
2,279
5,216
12,194
6,307
6,294
12,121
12,208
2,470
9,421
5,474
5,54
12,6
6,52
6,303
2,138
6,224
12,380
12,433
6,63
5,110
12,331
11,379
6,315
5,35
12,353
2,246
6,321
12,360
6,317
6,392
6,146
12,372
11,269
3,180
12,460
6,387
3,206
6,189
2,273
5,383
6,231
6,357
12,242
5,476
6,258
5,237
12,184
12,106
12,103
6,115
5,114
12,156
6,295
6,89
12,462
9,339
12,61
2,176
12,79
12,97
12,197
3,165
3,318
5,227
6,290
5,270
9,388
2,301
11,400
12,284
5,232
6,267
12,347
2,257
6,183
11,332
2,209
2,255
3,291
6,217
11,327
6,384
6,158
9,456
6,239
6,316
11,359
6,305
2,8
6,342
6,60
9,401
12,336
6,323
6,187
6,233
6,252
6,157
10,101
6,124
6,296
12,171
12,72
12,49
2,179
13,127
6,109
11,57
2,113
6,37
12,166
12,147
11,86
12,45
6,111
6,82
12,186
12,102
2,33
6,168
6,71
12,51
5,320
6,66
12,75
9,172
6,408
11,12
12,454
12,361
6,466
12,338
12,414
3,160
7,459
2,354
2,461
11,434
6,11
9,425
5,377
6,398
12,435
2,285
2,328
6,90
11,196
6,281
6,253
5,211
6,203
7,272
6,329
9,247
12,429
6,345
6,245
5,236
6,370
6,373
10,148
9,261
12,251
5,250
11,404
5,170
6,243
11,326
11,140
9,205
2,260
3,221
12,126
6,154
6,155
5,14
7,293
12,375
12,202
5,42
11,297
6,367
12,175
6,362
12,145
2,210
5,150
8,151
6,200
5,161
6,83
9,96
6,207
6,213
5,137
6,214
6,330
12,104
6,108
6,59
12,313
2,85
12,47
12,95
6,136
6,228
6,68
6,44
2,300
5,366
11,363
6,457
12,465
2,444
9,346
12,259
5,283
6,144
7,142
5,174
6,314
11,193
5,149
11,164
9,262
6,356
6,185
5,81
6,92
12,107
6,229
5,129
11,70
2,84
2,352
12,77
12,99
5,351
6,306
9,58
12,139
12,248
6,119
11,152
11,238
6,181
12,374
6,254
9,302
11,134
12,310
6,169
9,451
5,427
3,73
6,67
11,26
2,46
6,178
6,391
9,266
12,440
9,424
12,422
11,348
12,416
9,7
10,478
12,32
5,280
11,1
6,376
12,275
6,439
6,389
6,446
9,407
12,472
2,218
2,204
2,241
12,264
5,274
12,105
12,100
3,177
11,282
12,125
11,368
10,442
6,34
6,369
12,420
6,355
11,244
3,98
6,234
6,249
9,337
13,324
5,308
6,402
8,212
2,292
12,413
9,65
12,56
6,195
6,230
11,9
2,415
6,94
6,394
5,15
5,277
6,286
10,118
9,120
6,436
6,417
6,64
6,78
13,74
11,220
9,426
9,477
11,271
11,410
7,365
12,334
2,335
4,412
7,288
12,112
6,132
2,464
6,256
9,431
1,358
5,173
11,268
11,131
11,447
6,468
2,199
12,289
12,471
5,445
3,163
6,430
11,27
11,21
6,80
12,423
4,93
2,191
2,50
2,69
5,240
12,122
5,39
6,159
5,5
11,31
2,40
5,23
9,263
6,4
2,225
6,411
13,312
5,469
6,190
3,399
6,333
2,437
2,62
10,128
9,198
13,390
6,25
5,30
2,24
10,17
6,55
6,143
1,450
5,385
1,419
6,41
2,20
6,428
2,133
11,117
11,226
2,453
6,91
1,53
3,43
12,48
11,22
12,18
6,88
11,116
13,16
7,38
13,188
12,309
10,403
2,29
6,340
12,350
10,441
2,393
2,3
9,452
2,443
6,19
10,28
9,386
4,2
8,409
5,475
6,10
