119,374
153,735
151,664
68,665
75,710
68,704
45,660
151,326
35,699
113,672
28,650
53,602
67,356
181,540
80,667
68,599
117,617
80,638
93,716
138,695
126,655
124,693
45,555
124,627
124,697
25,696
83,621
63,588
122,604
126,589
23,132
4,570
68,259
79,289
96,401
31,571
38,56
94,622
143,568
124,493
120,728
104,647
72,709
82,734
31,670
25,629
123,714
81,715
158,700
87,686
124,720
73,712
131,579
137,536
114,631
25,541
148,293
31,637
70,733
31,731
41,633
145,657
151,603
70,616
31,576
176,479
105,572
95,598
174,452
53,587
132,724
98,623
127,727
31,708
124,711
176,674
141,651
176,600
139,713
88,565
148,702
71,701
151,634
153,684
82,654
120,669
141,630
92,680
93,543
121,510
93,492
124,594
124,561
130,721
83,546
25,641
140,258
130,535
181,460
66,688
124,642
77,692
25,433
124,517
10,521
124,440
109,485
149,482
25,624
106,325
37,564
122,529
97,620
77,530
127,575
122,26
138,671
95,658
21,321
25,656
114,628
164,524
124,538
20,478
124,126
25,380
39,198
42,218
36,367
139,430
140,416
25,409
160,539
146,498
108,652
115,368
114,515
63,648
85,501
64,406
12,109
72,509
82,673
81,668
25,593
41,698
7,690
42,542
73,608
129,488
168,646
105,581
31,606
157,679
176,722
103,247
42,96
133,360
136,534
31,338
65,580
116,643
166,619
112,551
102,459
37,601
99,613
121,442
80,516
19,456
165,46
102,591
76,188
144,508
124,649
133,103
122,424
34,322
150,553
147,566
5,635
11,585
44,502
24,717
116,597
80,489
54,659
25,514
59,560
144,499
8,567
69,497
86,388
87,494
90,145
44,398
18,473
25,435
111,413
41,486
126,454
156,531
45,662
160,389
48,339
113,528
78,470
106,120
93,309
146,429
118,436
179,420
158,396
143,350
6,507
114,372
80,294
25,184
41,242
176,385
125,300
1,487
90,618
42,523
22,316
42,370
39,466
128,450
124,65
33,395
100,519
182,513
118,36
15,58
159,45
120,563
39,160
32,677
39,644
100,544
46,490
24,547
152,341
115,353
31,462
153,60
25,74
124,245
124,153
142,586
45,506
126,449
105,314
140,477
132,238
88,329
119,511
25,392
25,549
143,432
70,362
124,504
122,292
155,505
8,394
2,277
153,354
29,554
170,230
14,471
13,422
116,483
180,268
39,343
134,11
73,330
30,9
105,423
41,129
3,481
90,178
167,290
120,225
163,439
168,119
118,31
51,166
85,111
25,170
22,324
120,550
32,315
25,124
24,375
9,303
158,61
38,146
85,384
152,319
24,200
172,219
177,279
41,311
89,467
183,469
124,444
91,453
114,127
25,334
104,455
41,274
161,227
16,239
32,474
19,237
31,37
110,297
51,148
41,226
121,157
25,224
25,128
118,520
19,661
25,345
25,7
114,23
94,203
32,251
28,241
116,196
114,183
124,234
39,426
107,313
118,271
118,141
25,270
25,182
124,105
31,191
47,265
29,295
116,215
43,181
102,147
144,197
17,348
176,573
26,552
151,605
150,415
31,537
30,443
144,512
25,386
89,557
175,412
52,390
25,522
118,187
32,363
59,189
105,558
105,12
92,70
25,451
25,427
124,441
31,491
101,468
24,205
124,342
25,556
41,318
104,287
119,359
124,28
87,138
25,403
102,140
118,100
116,161
41,13
24,6
55,4
74,33
25,16
25,192
54,59
168,64
32,261
153,82
30,52
31,276
27,149
128,142
25,43
176,387
118,102
25,114
156,173
63,5
124,266
124,222
25,280
84,32
124,465
25,582
176,437
156,425
56,336
25,233
152,211
57,361
25,286
176,495
120,636
135,382
27,400
124,607
33,480
35,484
25,323
118,337
15,185
62,331
169,272
25,344
25,383
107,162
32,17
25,136
176,244
25,418
27,615
118,463
176,283
21,545
25,496
49,86
25,291
57,236
40,41
105,320
105,90
162,168
114,257
32,377
31,1
61,112
25,29
40,263
25,116
39,177
25,47
111,475
124,121
25,327
25,216
154,55
31,448
120,308
125,332
118,137
31,206
41,10
50,592
41,457
25,199
33,317
127,107
25,164
39,369
114,249
124,404
32,106
25,248
25,306
118,378
34,373
25,737
33,685
118,405
25,125
25,458
31,421
25,626
25,22
31,262
49,408
25,93
25,340
25,123
118,476
120,518
25,333
25,75
25,92
127,175
25,683
25,229
156,25
32,104
32,40
32,24
26,718
25,51
25,101
25,464
32,569
58,666
31,610
25,574
25,639
25,675
25,625
124,632
31,221
43,73
25,730
54,726
31,676
25,115
180,682
178,691
176,472
25,736
25,596
25,583
25,577
168,500
176,611
25,612
25,252
25,201
57,30
25,21
25,19
25,89
25,91
25,209
25,366
31,88
120,281
25,223
31,195
176,307
32,118
19,68
25,35
57,328
25,38
33,379
25,50
51,194
55,256
60,80
176,288
25,139
25,298
176,193
31,304
25,357
25,85
25,44
25,143
25,27
125,95
25,407
25,278
25,445
57,584
125,364
25,365
25,253
127,67
176,446
25,152
25,208
25,110
118,335
127,431
105,376
25,310
32,42
25,346
25,172
25,165
181,381
25,156
111,240
25,231
25,371
174,135
127,72
25,113
25,167
25,217
25,18
25,15
25,186
25,169
25,144
57,48
25,34
118,207
25,2
178,84
125,267
126,246
126,393
25,243
173,299
120,414
25,8
25,83
31,3
25,351
25,63
25,179
25,352
25,57
25,81
125,108
124,202
25,503
25,411
25,402
25,154
25,264
125,461
25,204
25,133
25,312
118,447
25,49
25,296
125,213
179,235
25,122
25,284
25,355
31,174
171,190
25,347
25,39
25,260
25,214
25,62
25,210
25,134
180,87
25,77
25,250
25,79
25,130
25,20
25,117
25,97
43,254
25,131
182,180
25,159
25,419
125,54
25,94
25,98
25,53
25,255
25,71
25,158
25,176
25,275
125,397
127,228
31,150
177,723
25,548
25,76
180,527
127,706
124,438
25,562
124,732
25,66
175,78
25,725
176,578
25,703
127,410
25,434
25,707
176,694
25,349
25,705
25,533
25,719
25,417
25,689
25,220
25,399
176,729
25,559
176,155
176,678
176,302
25,687
25,358
25,609
25,526
25,273
25,681
25,653
25,525
25,212
25,640
124,595
176,69
25,590
25,99
25,14
176,663
25,232
176,305
127,614
25,301
25,151
176,391
127,285
25,532
176,428
25,645
25,269
25,163
127,171
124,282
