67,135
39,167
3,130
15,219
12,278
109,276
66,223
161,192
52,162
38,325
164,201
155,287
125,343
77,265
51,299
24,319
6,235
27,382
41,341
29,141
13,123
27,182
14,381
6,304
23,395
60,418
13,378
41,448
36,222
6,298
14,349
66,449
154,396
45,87
118,406
127,76
154,455
24,405
12,364
14,397
29,311
77,458
27,463
79,473
154,467
60,13
79,36
27,215
154,153
13,344
154,432
109,438
31,371
109,322
6,279
52,216
154,194
59,307
79,294
160,121
159,208
21,470
117,421
56,474
52,54
154,6
60,52
79,303
12,138
86,224
154,380
154,433
60,63
56,110
154,331
146,379
86,315
56,35
159,353
13,246
86,321
154,360
79,317
86,392
79,146
154,372
145,269
26,180
159,460
77,387
31,206
86,189
13,273
50,383
79,231
79,357
159,242
42,476
87,258
43,237
154,184
154,106
159,103
79,115
43,114
159,156
86,295
79,89
154,462
117,339
154,61
11,176
154,79
159,97
159,197
26,165
28,318
54,227
59,290
54,270
101,388
12,301
142,400
154,284
43,232
77,267
154,347
21,257
86,183
140,332
11,209
11,255
28,291
59,217
140,327
79,384
79,158
108,456
59,239
77,316
142,359
88,305
6,8
88,342
77,60
111,401
154,336
77,323
88,187
77,233
77,252
59,157
128,101
77,124
77,296
159,171
154,72
159,49
12,179
165,127
78,109
140,57
9,113
88,37
159,166
154,147
140,86
154,45
59,111
77,82
154,186
154,102
11,33
88,168
77,71
159,51
43,320
60,66
154,75
113,172
59,408
142,12
159,454
159,361
86,466
154,338
154,414
25,160
92,459
17,354
13,461
140,434
88,11
101,425
52,377
77,398
159,435
21,285
11,328
77,90
140,196
77,281
77,253
43,211
77,203
95,272
79,329
102,247
159,429
77,345
77,245
42,236
79,370
79,373
126,148
101,261
159,251
43,250
140,404
56,170
77,243
135,326
140,140
106,205
15,260
28,221
159,126
79,154
86,155
52,14
96,293
159,375
154,202
42,42
139,297
77,367
159,175
59,362
158,145
12,210
43,150
98,151
77,200
42,161
77,83
114,96
77,207
59,213
42,137
77,214
77,330
154,104
77,108
59,59
159,313
11,85
159,47
159,95
88,136
77,228
77,68
89,44
14,300
43,366
140,363
62,457
159,465
11,444
113,346
159,259
55,283
77,144
91,142
43,174
68,314
140,193
54,149
140,164
101,262
66,356
77,185
43,81
88,92
159,107
77,229
54,129
140,70
11,84
11,352
159,77
159,99
42,351
77,306
101,58
159,139
154,248
77,119
134,152
140,238
80,181
159,374
59,254
108,302
143,134
161,310
84,169
101,451
42,427
35,73
59,67
129,26
17,46
79,178
88,391
118,266
158,440
110,424
159,422
140,348
154,416
115,7
119,478
154,32
42,280
140,1
77,376
159,275
77,439
77,389
79,446
117,407
159,472
20,218
11,204
11,241
157,264
42,274
151,105
159,100
33,177
141,282
160,125
140,368
121,442
77,34
76,369
159,420
65,355
148,244
32,98
85,234
86,249
114,337
166,324
42,308
90,402
99,212
11,292
158,413
116,65
153,56
77,195
83,230
133,9
11,415
81,94
77,394
43,15
47,277
77,286
119,118
112,120
77,436
59,417
77,64
68,78
167,74
136,220
117,426
106,477
144,271
139,410
97,365
159,334
7,335
40,412
93,288
159,112
73,132
22,464
61,256
110,431
1,358
49,173
138,268
149,131
129,447
77,468
18,199
159,289
157,471
42,445
34,163
77,430
131,27
145,21
71,80
155,423
37,93
11,191
16,50
11,69
48,240
150,122
52,39
66,159
53,5
137,31
8,40
46,23
103,263
64,4
13,225
63,411
168,312
57,469
58,190
29,399
77,333
10,437
11,62
120,128
107,198
162,390
77,25
53,30
19,24
122,17
69,55
63,143
2,450
44,385
4,419
74,41
9,20
72,428
11,133
136,117
147,226
6,453
58,91
5,53
30,43
156,48
132,22
159,18
82,88
130,116
165,16
94,38
163,188
159,309
123,403
11,29
75,340
152,350
124,441
11,393
17,3
104,452
9,443
70,19
123,28
105,386
37,2
100,409
55,475
66,10
