1,374
2,735
2,664
1,665
1,710
1,704
1,660
2,326
1,699
1,672
1,650
1,602
1,356
3,540
1,667
1,599
1,617
1,638
1,716
2,695
1,655
1,693
1,555
1,627
1,697
1,696
1,621
1,588
1,604
1,589
1,132
1,570
1,259
1,289
1,401
1,571
1,56
1,622
2,568
1,493
1,728
1,647
1,709
1,734
1,670
1,629
1,714
1,715
2,700
1,686
1,720
1,712
2,579
2,536
1,631
1,541
2,293
1,637
1,733
1,731
1,633
2,657
2,603
1,616
1,576
3,479
1,572
1,598
3,452
1,587
2,724
1,623
1,727
1,708
1,711
3,674
2,651
3,600
2,713
1,565
2,702
1,701
2,634
2,684
1,654
1,669
2,630
1,680
1,543
1,510
1,492
1,594
1,561
2,721
1,546
1,641
2,258
2,535
3,460
1,688
1,642
1,692
1,433
1,517
1,521
1,440
1,485
2,482
1,624
1,325
1,564
1,529
1,620
1,530
1,575
1,26
2,671
1,658
1,321
1,656
1,628
2,524
1,538
1,478
1,126
1,380
1,198
1,218
1,367
2,430
2,416
1,409
2,539
2,498
1,652
1,368
1,515
1,648
1,501
1,406
1,109
1,509
1,673
1,668
1,593
1,698
1,690
1,542
1,608
2,488
3,646
1,581
1,606
2,679
3,722
1,247
1,96
2,360
2,534
1,338
1,580
1,643
3,619
1,551
1,459
1,601
1,613
1,442
1,516
1,456
3,46
1,591
1,188
2,508
1,649
2,103
1,424
1,322
2,553
2,566
1,635
1,585
1,502
1,717
1,597
1,489
1,659
1,514
1,560
2,499
1,567
1,497
1,388
1,494
1,145
1,398
1,473
1,435
1,413
1,486
1,454
2,531
1,662
2,389
1,339
1,528
1,470
1,120
1,309
2,429
1,436
3,420
2,396
2,350
1,507
1,372
1,294
1,184
1,242
3,385
1,300
1,487
1,618
1,523
1,316
1,370
1,466
2,450
1,65
1,395
1,519
3,513
1,36
1,58
2,45
1,563
1,160
1,677
1,644
1,544
1,490
1,547
2,341
1,353
1,462
2,60
1,74
1,245
1,153
2,586
1,506
1,449
1,314
2,477
2,238
1,329
1,511
1,392
1,549
2,432
1,362
1,504
1,292
2,505
1,394
1,277
2,354
1,554
3,230
1,471
1,422
1,483
3,268
1,343
2,11
1,330
1,9
1,423
1,129
1,481
1,178
3,290
1,225
2,439
3,119
1,31
1,166
1,111
1,170
1,324
1,550
1,315
1,124
1,375
1,303
2,61
1,146
1,384
2,319
1,200
3,219
3,279
1,311
1,467
3,469
1,444
1,453
1,127
1,334
1,455
1,274
2,227
1,239
1,474
1,237
1,37
1,297
1,148
1,226
1,157
1,224
1,128
1,520
1,661
1,345
1,7
1,23
1,203
1,251
1,241
1,196
1,183
1,234
1,426
1,313
1,271
1,141
1,270
1,182
1,105
1,191
1,265
1,295
1,215
1,181
1,147
2,197
1,348
3,573
1,552
2,605
2,415
1,537
1,443
2,512
1,386
1,557
3,412
1,390
1,522
1,187
1,363
1,189
1,558
1,12
1,70
1,451
1,427
1,441
1,491
1,468
1,205
1,342
1,556
1,318
1,287
1,359
1,28
1,138
1,403
1,140
1,100
1,161
1,13
1,6
1,4
1,33
1,16
1,192
1,59
3,64
1,261
2,82
1,52
1,276
1,149
2,142
1,43
3,387
1,102
1,114
2,173
1,5
1,266
1,222
1,280
1,32
1,465
1,582
3,437
2,425
1,336
1,233
2,211
1,361
1,286
3,495
1,636
2,382
1,400
1,607
1,480
1,484
1,323
1,337
1,185
1,331
3,272
1,344
1,383
1,162
1,17
1,136
3,244
1,418
1,615
1,463
3,283
1,545
1,496
1,86
1,291
1,236
1,41
1,320
1,90
2,168
1,257
1,377
1,1
1,112
1,29
1,263
1,116
1,177
1,47
1,475
1,121
1,327
1,216
2,55
1,448
1,308
1,332
1,137
1,206
1,10
1,592
1,457
1,199
1,317
1,107
1,164
1,369
1,249
1,404
1,106
1,248
1,306
1,378
1,373
1,737
1,685
1,405
1,125
1,458
1,421
1,626
1,22
1,262
1,408
1,93
1,340
1,123
1,476
1,518
1,333
1,75
1,92
1,175
1,683
1,229
2,25
1,104
1,40
1,24
1,718
1,51
1,101
1,464
1,569
1,666
1,610
1,574
1,639
1,675
1,625
1,632
1,221
1,73
1,730
1,726
1,676
1,115
3,682
3,691
3,472
1,736
1,596
1,583
1,577
3,500
3,611
1,612
1,252
1,201
1,30
1,21
1,19
1,89
1,91
1,209
1,366
1,88
1,281
1,223
1,195
3,307
1,118
1,68
1,35
1,328
1,38
1,379
1,50
1,194
1,256
1,80
3,288
1,139
1,298
3,193
1,304
1,357
1,85
1,44
1,143
1,27
1,95
1,407
1,278
1,445
1,584
1,364
1,365
1,253
1,67
3,446
1,152
1,208
1,110
1,335
1,431
1,376
1,310
1,42
1,346
1,172
1,165
3,381
1,156
1,240
1,231
1,371
3,135
1,72
1,113
1,167
1,217
1,18
1,15
1,186
1,169
1,144
1,48
1,34
1,207
1,2
3,84
1,267
1,246
1,393
1,243
3,299
1,414
1,8
1,83
1,3
1,351
1,63
1,179
1,352
1,57
1,81
1,108
1,202
1,503
1,411
1,402
1,154
1,264
1,461
1,204
1,133
1,312
1,447
1,49
1,296
1,213
3,235
1,122
1,284
1,355
1,174
3,190
1,347
1,39
1,260
1,214
1,62
1,210
1,134
3,87
1,77
1,250
1,79
1,130
1,20
1,117
1,97
1,254
1,131
3,180
1,159
1,419
1,54
1,94
1,98
1,53
1,255
1,71
1,158
1,176
1,275
1,397
1,228
1,150
3,723
1,548
1,76
3,527
1,706
1,438
1,562
1,732
1,66
3,78
1,725
3,578
1,703
1,410
1,434
1,707
3,694
1,349
1,705
1,533
1,719
1,417
1,689
1,220
1,399
3,729
1,559
3,155
3,678
3,302
1,687
1,358
1,609
1,526
1,273
1,681
1,653
1,525
1,212
1,640
1,595
3,69
1,590
1,99
1,14
3,663
1,232
3,305
1,614
1,301
1,151
3,391
1,285
1,532
3,428
1,645
1,269
1,163
1,171
1,282
