41,1288
26,1285
26,1229
35,1254
10,1294
35,1290
26,1302
36,1153
26,1242
26,1262
26,1292
26,1102
26,282
26,1185
41,1240
40,998
28,1197
26,1238
39,1300
41,1168
26,1174
26,1187
26,1303
39,1299
26,1210
26,1272
35,1280
10,645
26,1247
10,1271
26,1054
26,1037
26,238
26,613
38,670
38,1156
26,823
26,1189
35,1255
26,757
26,1276
35,1230
42,1307
10,1172
26,946
29,621
26,434
10,913
38,1219
26,685
10,860
26,1209
26,365
26,682
26,1148
26,956
38,1281
41,995
10,509
10,1109
26,636
26,1047
26,540
26,563
26,958
26,438
35,1184
39,405
38,651
26,1231
26,825
38,1139
26,528
26,1146
26,1186
26,1118
38,1092
26,845
26,925
10,1235
29,1130
35,1308
33,1261
26,1068
10,1074
26,700
28,1016
26,619
26,1266
41,921
26,982
35,1232
10,399
26,1076
26,417
10,1282
22,1151
10,1226
26,1287
26,853
38,1142
36,1049
38,379
39,288
32,1056
26,859
14,826
40,794
26,809
27,1190
26,1245
26,915
10,1160
26,1183
39,1202
26,666
37,591
35,1066
26,1220
10,353
38,467
39,616
10,635
26,862
12,833
39,800
26,485
26,1297
39,1257
29,1286
22,1234
10,1104
35,1162
10,1128
35,1216
10,691
10,751
38,448
26,964
26,708
10,866
10,1127
26,1144
18,1256
10,492
10,950
26,1199
26,1289
10,1295
10,1233
26,1277
10,1030
10,469
27,916
10,1205
10,941
10,1243
26,1225
10,345
29,1133
10,999
26,1081
26,1175
26,1293
14,1129
10,626
33,428
31,1201
10,1196
10,1070
10,1181
10,1284
35,1112
10,1131
26,502
26,1006
7,721
10,1000
31,1071
10,819
10,716
10,1055
26,962
34,1249
10,1052
26,1171
10,817
14,1214
26,1163
10,1032
10,326
2,1244
10,1122
10,799
26,523
10,877
10,697
26,1221
26,991
10,840
26,1173
26,1008
3,987
10,850
26,609
10,1278
10,1304
10,1157
38,949
10,801
10,1027
10,1119
10,1192
4,1105
10,1134
24,954
26,740
10,1028
38,977
10,679
10,899
10,208
10,297
31,906
10,805
10,765
10,934
10,1298
10,1296
26,1283
10,1301
10,1218
10,1228
10,544
10,161
10,1269
10,404
10,1018
26,886
35,611
10,443
10,959
10,1085
10,253
10,667
10,473
10,450
31,695
10,402
20,287
8,378
10,994
10,856
10,764
10,1087
10,1200
31,974
10,1147
10,930
10,631
10,1136
10,503
10,989
4,1023
10,815
10,1079
10,565
10,696
10,1152
38,975
10,1115
38,615
10,213
10,923
10,1050
10,395
10,1126
10,846
10,649
10,795
10,888
10,488
10,658
4,955
10,1239
10,1159
10,430
10,790
10,785
10,908
10,1241
10,383
10,1179
39,1188
10,1265
10,1258
10,984
10,1259
26,966
10,1203
10,706
26,1215
10,358
10,420
10,269
10,1043
10,919
10,1260
10,842
10,1044
10,654
1,407
10,1161
10,1072
10,331
10,185
10,477
10,394
26,910
10,603
31,396
10,624
10,577
10,735
10,699
10,980
10,914
10,607
10,971
10,324
10,836
10,944
10,802
10,755
10,928
10,715
26,1264
10,907
10,876
10,376
10,347
10,789
10,644
10,262
10,855
10,1154
10,705
10,1208
10,496
29,804
10,546
10,837
10,472
10,986
10,922
10,191
10,527
10,869
10,1073
10,236
10,254
10,759
10,973
10,320
10,357
10,549
10,798
10,863
10,676
10,532
14,316
10,444
10,895
26,838
16,688
10,243
6,662
10,366
10,988
10,215
10,1213
10,196
10,743
10,811
10,929
10,1123
10,1251
10,1270
10,604
10,981
10,722
10,963
10,1064
10,589
10,612
10,260
10,879
10,766
10,709
10,848
10,871
10,359
26,704
10,1167
10,1275
10,285
10,873
10,717
10,841
10,887
10,844
10,750
10,573
10,1077
10,538
10,812
10,931
10,594
10,1042
10,961
10,1057
10,336
10,632
10,249
10,574
10,1108
10,672
10,690
10,281
10,517
10,1021
10,1113
10,1191
10,1031
10,227
10,657
10,470
10,880
10,550
10,1083
10,1060
10,1194
10,1029
10,481
10,633
10,306
10,322
10,211
10,200
10,233
10,997
10,720
10,882
10,872
10,454
10,1124
39,663
10,1125
10,386
10,1279
10,978
10,1088
10,1141
10,453
10,1069
10,1250
10,380
10,1114
10,990
10,421
10,835
10,414
10,768
10,425
10,1246
10,1204
10,828
10,427
10,409
10,293
10,1001
10,460
10,356
10,1022
10,1003
31,993
38,1039
10,489
10,1010
10,520
10,796
10,329
26,1035
10,936
10,1099
10,767
10,983
10,318
10,729
10,397
10,752
10,687
10,1166
13,596
10,665
10,1121
10,1143
10,1075
10,1004
10,948
10,511
10,683
10,255
10,436
10,373
10,889
10,1135
10,480
10,821
10,622
41,728
10,416
10,967
10,1007
10,553
10,385
10,985
10,992
10,661
10,308
10,924
10,1116
10,797
10,733
10,564
10,774
10,1101
10,1176
10,419
10,222
10,300
10,363
10,898
10,338
10,829
10,507
10,1094
26,1137
10,933
10,599
31,937
10,656
10,461
10,225
10,491
10,277
10,1082
10,1045
10,874
10,1117
10,839
10,583
10,598
10,263
10,458
10,452
10,852
10,832
21,465
10,1053
10,957
10,1089
10,1149
10,335
10,951
26,769
10,431
10,814
26,782
10,349
10,433
10,628
10,266
26,398
10,142
10,157
10,680
10,593
10,432
10,555
10,343
10,578
10,568
10,515
10,572
10,466
10,439
10,793
10,206
10,543
10,271
10,435
10,370
10,242
10,235
11,352
10,602
10,518
10,557
10,146
10,938
10,451
10,884
26,508
10,495
10,777
10,423
10,671
10,120
10,145
10,762
10,745
10,711
10,702
10,810
10,1120
14,1046
10,1274
26,585
17,442
10,625
10,710
10,181
10,367
10,1180
10,787
10,1267
10,707
10,426
10,854
10,1019
10,415
10,581
10,535
10,344
10,1236
10,446
14,664
10,668
21,960
10,818
10,311
10,784
10,1038
10,1017
10,917
10,1111
10,1103
10,1252
10,552
10,542
10,1065
10,834
10,1150
10,1106
10,736
10,1014
10,703
10,808
10,422
10,355
10,806
10,424
10,1158
10,1237
10,516
10,279
10,510
10,659
10,410
10,412
10,501
10,223
10,372
10,524
10,459
10,342
10,730
10,878
10,497
10,827
10,1012
10,561
10,1227
10,234
10,533
10,483
10,783
10,776
10,1090
10,1178
10,775
10,259
10,870
10,830
10,570
10,713
10,327
10,1061
10,996
10,1140
10,885
10,881
10,362
10,559
10,674
10,820
10,911
10,935
10,901
10,1212
10,970
10,280
26,1051
10,525
10,1211
10,1005
10,296
10,354
10,478
10,246
10,900
10,113
10,560
10,303
10,732
10,307
10,231
10,455
10,731
10,861
39,726
10,1020
10,788
10,1198
10,298
10,779
10,610
10,953
10,851
10,1011
10,479
10,1132
10,725
10,675
26,447
10,741
10,896
10,1086
10,150
10,237
10,401
10,531
10,512
10,694
10,268
10,361
10,244
10,494
10,382
10,325
10,608
10,1033
10,539
10,332
10,758
10,292
10,218
10,229
10,152
10,718
10,575
10,723
10,673
10,772
10,341
10,681
10,927
10,778
10,754
10,1067
10,1138
10,1059
10,647
10,413
10,567
10,232
10,822
10,920
10,791
10,1080
10,351
10,639
10,744
10,623
10,945
10,640
10,1025
10,875
10,334
10,617
10,348
10,712
10,317
10,556
10,1096
10,1110
10,1155
10,698
10,943
10,952
10,1002
10,387
10,883
10,1036
10,865
10,734
10,1164
10,748
10,1058
10,212
10,660
10,1224
10,475
10,456
10,346
10,701
10,780
10,390
10,267
10,595
10,505
10,641
10,605
10,600
10,597
10,286
10,646
10,500
10,620
10,965
10,193
10,289
10,388
10,562
10,643
10,807
10,771
10,739
10,669
10,763
10,571
10,693
29,918
10,530
10,304
10,381
10,498
10,278
10,137
10,868
10,727
10,677
10,369
10,590
10,947
10,197
10,159
10,642
10,537
10,847
10,686
10,894
10,592
10,714
10,513
10,514
10,295
10,174
19,1024
10,1026
10,968
10,719
10,283
10,265
10,339
14,761
10,309
10,749
10,738
10,153
10,411
36,313
10,892
10,566
10,134
10,781
10,301
10,258
10,226
10,241
10,652
10,857
10,123
10,1009
10,178
10,59
10,476
10,1040
10,391
10,93
10,190
10,330
10,1177
10,891
10,471
10,172
10,1182
10,792
10,221
10,692
10,1195
10,1034
10,291
10,770
10,678
10,1098
10,773
38,1015
10,909
10,554
30,547
10,1100
10,449
10,932
10,586
10,526
10,482
10,429
10,1165
10,207
10,315
10,418
10,979
10,580
10,558
10,653
10,905
10,601
10,490
10,210
10,545
10,276
10,1091
10,393
10,171
10,831
10,522
10,333
10,816
10,893
23,541
10,389
10,618
10,536
17,684
10,824
10,484
10,637
10,867
10,519
10,323
10,360
10,474
10,1248
10,228
10,310
10,182
10,529
10,849
10,813
10,588
10,926
10,499
10,305
10,843
10,1169
10,441
10,368
10,194
10,655
10,437
10,1084
10,290
10,753
10,340
10,912
10,141
10,256
10,1253
10,1305
10,1291
35,1306
10,274
10,400
10,204
10,273
10,468
10,638
10,445
10,904
10,786
10,384
10,803
10,314
10,689
10,737
10,760
10,408
10,364
10,534
10,187
10,902
10,747
10,1041
10,587
10,275
10,1063
10,634
10,746
10,464
10,1273
10,440
10,247
10,462
10,406
10,582
25,169
10,858
10,1097
10,245
10,1268
10,1223
10,1062
10,252
10,220
10,132
10,940
10,149
10,463
10,969
10,506
10,1217
10,261
10,96
10,156
10,328
10,155
10,60
10,30
10,5
10,51
10,80
10,180
10,98
10,166
10,44
15,28
10,85
10,48
10,392
10,170
10,136
10,606
10,1312
10,1309
10,1310
10,1316
10,1314
10,1315
10,1313
10,1319
41,1318
10,125
29,504
10,371
10,648
10,627
10,165
10,897
10,107
10,188
10,1078
10,375
10,264
10,284
26,214
10,1193
10,1206
10,1263
10,312
10,192
10,203
10,177
10,377
10,251
10,976
10,630
10,144
10,250
10,890
10,650
10,569
10,199
10,202
10,201
10,164
10,50
10,205
10,95
10,576
10,579
10,1207
10,124
10,614
10,175
10,139
10,374
10,52
10,23
10,13
10,65
10,756
10,61
31,84
10,109
10,162
10,54
10,14
10,7
10,1325
10,25
10,47
10,76
10,34
10,319
10,1170
10,186
10,128
10,148
10,493
10,112
10,32
10,403
10,195
10,33
10,127
10,1330
10,22
26,45
10,1321
10,3
10,29
10,119
10,176
10,299
10,147
10,63
10,548
10,183
10,217
10,198
10,111
10,37
10,55
10,75
10,73
10,41
10,38
10,1335
10,1320
10,189
5,66
10,1329
10,86
10,143
10,2
10,12
10,26
10,163
10,79
10,91
10,106
10,31
10,18
5,62
26,40
10,230
10,78
10,151
10,64
10,89
10,74
10,629
10,584
10,1327
10,1328
10,100
10,116
10,53
10,140
35,71
10,158
10,1107
10,239
10,56
10,88
10,724
10,302
10,94
10,337
10,11
10,1334
10,1324
10,99
10,114
10,10
10,9
10,21
10,1331
10,70
10,154
10,110
10,87
10,17
10,224
10,168
10,486
10,321
10,551
10,1145
10,179
10,248
10,257
10,81
10,1095
10,160
10,864
10,350
10,130
10,46
10,942
1,131
10,97
10,972
10,1048
10,216
10,105
10,939
10,272
10,209
10,487
10,270
10,103
10,138
10,36
10,49
10,1311
10,69
10,57
10,101
10,219
10,77
10,72
10,121
10,35
10,122
10,19
10,457
10,294
10,24
10,115
10,104
10,126
10,68
10,742
10,129
10,20
10,15
10,1333
10,90
10,1323
10,58
10,1326
10,1336
10,1
10,1093
10,521
9,16
9,108
38,43
9,42
9,173
9,133
9,4
9,240
36,135
9,118
9,82
26,92
26,1332
36,1222
41,1013
26,39
26,67
41,6
26,27
26,1317
26,903
26,1322
26,102
35,8
41,117
26,167
26,83
41,184
