7,135
5,167
1,130
3,219
3,278
10,276
7,223
14,192
6,162
5,325
15,201
14,287
11,343
7,265
6,299
4,319
3,235
4,382
5,341
4,141
3,123
4,182
3,381
3,304
3,395
7,418
3,378
5,448
4,222
3,298
3,349
7,449
14,396
6,87
10,406
11,76
14,455
4,405
3,364
3,397
4,311
7,458
4,463
7,473
14,467
7,13
7,36
4,215
14,153
3,344
14,432
10,438
4,371
10,322
3,279
6,216
14,194
7,307
7,294
14,121
14,208
3,470
10,421
6,474
6,54
14,6
7,52
7,303
3,138
7,224
14,380
14,433
7,63
6,110
14,331
13,379
7,315
6,35
14,353
3,246
7,321
14,360
7,317
7,392
7,146
14,372
13,269
4,180
14,460
7,387
4,206
7,189
3,273
6,383
7,231
7,357
14,242
6,476
7,258
6,237
14,184
14,106
14,103
7,115
6,114
14,156
7,295
7,89
14,462
10,339
14,61
3,176
14,79
14,97
14,197
4,165
4,318
6,227
7,290
6,270
10,388
3,301
13,400
14,284
6,232
7,267
14,347
3,257
7,183
13,332
3,209
3,255
4,291
7,217
13,327
7,384
7,158
10,456
7,239
7,316
13,359
7,305
3,8
7,342
7,60
10,401
14,336
7,323
7,187
7,233
7,252
7,157
11,101
7,124
7,296
14,171
14,72
14,49
3,179
15,127
7,109
13,57
3,113
7,37
14,166
14,147
13,86
14,45
7,111
7,82
14,186
14,102
3,33
7,168
7,71
14,51
6,320
7,66
14,75
10,172
7,408
13,12
14,454
14,361
7,466
14,338
14,414
4,160
8,459
3,354
3,461
13,434
7,11
10,425
6,377
7,398
14,435
3,285
3,328
7,90
13,196
7,281
7,253
6,211
7,203
8,272
7,329
10,247
14,429
7,345
7,245
6,236
7,370
7,373
11,148
10,261
14,251
6,250
13,404
6,170
7,243
13,326
13,140
10,205
3,260
4,221
14,126
7,154
7,155
6,14
8,293
14,375
14,202
6,42
13,297
7,367
14,175
7,362
14,145
3,210
6,150
9,151
7,200
6,161
7,83
10,96
7,207
7,213
6,137
7,214
7,330
14,104
7,108
7,59
14,313
3,85
14,47
14,95
7,136
7,228
7,68
7,44
3,300
6,366
13,363
7,457
14,465
3,444
10,346
14,259
6,283
7,144
8,142
6,174
7,314
13,193
6,149
13,164
10,262
7,356
7,185
6,81
7,92
14,107
7,229
6,129
13,70
3,84
3,352
14,77
14,99
6,351
7,306
10,58
14,139
14,248
7,119
13,152
13,238
7,181
14,374
7,254
10,302
13,134
14,310
7,169
10,451
6,427
4,73
7,67
12,26
3,46
7,178
7,391
10,266
14,440
10,424
14,422
13,348
14,416
10,7
11,478
14,32
6,280
13,1
7,376
14,275
7,439
7,389
7,446
10,407
14,472
3,218
3,204
3,241
14,264
6,274
14,105
14,100
4,177
13,282
14,125
13,368
11,442
7,34
7,369
14,420
7,355
13,244
4,98
7,234
7,249
10,337
15,324
6,308
7,402
9,212
3,292
14,413
10,65
14,56
7,195
7,230
12,9
3,415
7,94
7,394
6,15
6,277
7,286
11,118
10,120
7,436
7,417
7,64
7,78
15,74
13,220
10,426
10,477
13,271
13,410
8,365
14,334
3,335
5,412
8,288
14,112
7,132
3,464
7,256
10,431
1,358
6,173
13,268
13,131
12,447
7,468
3,199
14,289
14,471
6,445
4,163
7,430
12,27
13,21
7,80
14,423
5,93
3,191
3,50
3,69
6,240
14,122
6,39
7,159
6,5
13,31
3,40
6,23
10,263
7,4
3,225
7,411
15,312
6,469
7,190
4,399
7,333
3,437
3,62
11,128
10,198
15,390
7,25
6,30
3,24
11,17
7,55
7,143
1,450
6,385
2,419
7,41
3,20
7,428
3,133
13,117
13,226
3,453
7,91
2,53
4,43
14,48
12,22
14,18
7,88
12,116
15,16
8,38
15,188
14,309
11,403
3,29
7,340
14,350
11,441
3,393
3,3
10,452
3,443
7,19
11,28
10,386
5,2
9,409
6,475
7,10
