1,26
5,16
4,29
1,15
1,33
1,22
5,12
1,13
1,21
1,31
1,4
1,6
1,32
6,38
1,40
1,24
1,36
1,42
1,20
1,10
1,1
1,39
1,18
1,8
1,5
1,9
1,17
1,19
1,27
7,28
1,34
1,35
1,51
1,25
1,41
1,11
2,23
1,66
1,67
1,94
1,48
1,61
2,113
5,54
2,57
6,53
2,49
2,112
2,110
2,47
1,59
5,55
2,65
2,50
2,107
2,43
2,58
2,64
2,63
2,69
2,60
2,68
2,62
2,45
2,37
2,56
2,92
2,101
2,76
6,70
4,90
3,74
6,86
6,84
6,97
6,105
6,77
6,80
6,91
6,88
6,81
6,102
6,87
6,73
6,14
6,82
6,93
6,83
6,89
6,96
6,46
6,75
6,78
2,103
6,85
6,79
6,95
3,30
4,7
3,2
6,52
6,44
6,114
3,99
6,3
3,71
2,111
3,98
3,104
2,72
3,109
2,106
2,108
4,100
