1,825
33,1225
47,1247
50,1178
1,1182
33,1177
34,1222
1,996
1,1236
34,1239
47,1061
47,546
33,1097
33,1246
1,1112
1,856
1,1055
33,1185
34,1244
33,1046
33,1167
34,446
1,971
34,1229
1,1232
33,1224
1,987
1,1206
47,1184
34,520
1,1253
1,1179
1,968
34,1252
1,1077
34,1238
1,932
47,1191
47,1176
1,1085
34,619
33,988
34,913
47,1139
1,1140
34,1205
47,568
34,1223
1,1022
47,1148
47,414
1,776
33,670
47,1218
34,1168
49,1133
34,1195
49,667
50,804
1,623
47,964
34,1128
43,1159
1,632
1,865
1,783
47,586
34,843
47,1157
1,976
36,979
1,1033
32,1111
34,949
1,947
36,871
34,755
34,1132
50,516
1,502
36,322
1,1102
15,1180
33,901
34,937
36,848
34,1221
34,391
47,889
34,1203
43,1153
36,1169
34,535
34,1090
34,739
1,874
49,867
1,982
1,744
50,759
34,1149
1,407
34,1110
34,1109
1,1240
49,955
1,462
1,1227
1,727
34,558
7,1065
47,1219
36,1213
1,1135
33,1151
34,1241
1,615
36,1141
1,607
34,1173
1,270
35,752
46,765
35,1114
11,1188
1,767
1,894
45,594
1,1198
1,842
34,296
34,832
1,970
5,823
36,641
1,1142
34,785
36,773
36,725
35,1129
33,421
9,1117
1,1175
36,1234
1,1200
36,1230
1,1040
36,1212
48,1174
1,521
34,926
36,669
47,868
34,251
36,1171
36,1158
2,1120
36,466
33,927
1,675
1,552
13,940
47,792
1,1093
1,1044
1,455
1,571
34,981
36,953
20,510
10,1197
1,1030
36,1025
36,1026
1,1087
35,935
1,345
1,1215
16,529
36,1056
36,898
36,777
1,365
36,1201
12,1242
1,1235
1,951
47,756
36,797
33,610
33,1143
36,341
34,748
36,651
1,816
36,980
35,808
37,719
36,423
1,908
36,1125
36,1154
36,896
36,966
37,303
17,880
36,628
1,318
36,1181
1,1095
1,1138
36,872
36,1013
36,1192
36,1237
47,499
34,914
36,1243
34,794
36,1051
36,1103
1,1052
47,531
36,828
36,1163
36,1152
30,604
7,1228
6,385
4,1122
36,509
36,1194
49,1189
36,1116
18,1131
26,663
1,668
36,775
25,681
36,1001
39,995
36,1210
36,830
34,1127
36,1170
3,905
36,1130
36,1211
29,1078
36,409
36,1084
27,977
31,271
38,638
47,873
36,393
36,1193
36,1119
9,1092
36,672
34,699
36,403
11,892
36,1164
36,1049
7,1012
21,1249
36,1006
36,938
36,761
36,969
36,847
36,350
36,354
24,430
36,406
36,899
22,637
34,1126
36,993
36,1183
36,974
47,386
36,674
1,1144
36,1081
1,989
36,973
36,355
36,572
36,608
36,442
36,213
36,189
36,1220
36,286
1,272
40,513
7,309
34,850
36,508
36,852
36,737
36,944
36,1094
36,434
36,844
36,401
36,357
36,684
36,923
36,612
36,1079
36,702
47,616
36,720
36,500
36,860
36,321
36,791
36,904
36,811
36,717
36,232
36,734
36,1024
36,707
36,424
36,1075
36,729
36,269
36,747
36,602
36,790
1,419
36,538
36,240
36,360
36,362
35,489
36,273
37,329
36,1072
36,460
36,382
36,465
36,812
36,353
36,344
36,786
36,802
36,593
36,855
36,829
36,566
36,963
36,473
36,264
36,1156
36,965
36,554
36,1108
37,1136
36,939
36,408
36,343
36,585
36,447
36,262
36,916
36,936
34,858
36,550
36,439
36,461
7,247
36,644
1,945
36,718
36,486
36,338
36,551
36,664
36,478
36,528
36,577
36,656
36,870
14,1104
8,960
36,284
39,849
36,443
36,1004
36,781
36,250
36,879
36,691
36,763
36,706
36,1039
36,925
36,517
36,714
36,787
36,771
36,1050
36,220
36,890
36,692
36,503
36,1002
36,768
36,622
36,613
36,1123
36,475
36,324
36,745
36,1106
36,437
36,749
36,950
36,1187
36,754
1,713
36,1038
36,545
35,626
36,911
36,328
32,295
36,780
36,640
36,1034
36,203
36,201
27,444
36,441
36,560
36,840
36,857
36,959
36,582
37,736
36,906
36,900
10,511
36,798
36,770
36,1209
36,793
36,313
36,690
36,245
36,339
9,361
19,1003
36,796
36,620
36,415
36,716
36,351
36,288
36,396
36,305
36,789
36,479
36,603
36,530
36,834
36,310
36,555
36,693
36,268
36,910
36,526
36,817
36,1009
36,678
36,864
36,590
47,595
36,564
36,753
36,494
36,553
36,377
36,534
36,533
36,156
36,519
1,962
36,459
36,405
36,598
36,882
36,346
36,1019
36,398
36,512
36,1216
36,676
36,1186
36,639
36,501
36,922
36,1214
36,467
36,1035
36,1199
36,665
36,609
34,575
36,1029
36,983
36,601
1,381
36,199
36,645
36,492
36,930
36,687
36,998
36,347
36,282
36,741
36,1059
36,348
36,801
36,333
36,371
36,686
36,751
36,482
36,778
37,304
36,758
36,624
36,1060
36,184
36,174
36,204
36,562
36,1076
36,1172
36,760
36,319
1,234
36,853
36,942
36,1071
36,231
36,541
36,683
36,374
36,248
36,450
37,671
36,1010
1,573
36,182
36,148
36,1070
36,420
36,611
36,642
36,866
36,1018
36,722
36,402
36,144
36,81
37,158
36,180
36,312
36,334
36,135
36,958
36,515
36,428
36,155
36,113
36,146
36,118
36,139
36,173
36,196
36,138
36,218
36,862
36,1053
36,818
36,655
36,703
36,788
36,440
36,631
36,918
36,588
36,657
36,967
36,694
36,557
51,648
36,1047
36,934
36,306
36,367
36,876
36,505
36,289
36,316
36,984
36,618
36,1005
36,1100
36,454
36,1099
36,723
36,539
36,779
36,715
36,652
37,221
36,277
36,1020
36,799
36,731
36,1226
36,412
36,543
36,281
36,477
36,764
36,1000
36,659
36,294
36,456
36,504
36,822
36,358
36,733
36,851
36,827
36,1115
36,433
36,567
36,302
36,1107
36,366
36,359
36,1037
36,861
36,757
36,1165
36,885
36,774
36,909
36,952
36,330
36,845
36,488
36,1101
36,480
36,730
36,1063
36,709
36,394
36,831
36,742
36,743
36,810
36,915
36,1086
36,1150
36,666
36,524
36,833
36,795
36,819
36,649
36,917
36,507
36,411
36,311
36,416
36,314
36,495
36,474
36,746
36,425
36,1091
36,1096
37,721
36,1098
9,807
7,581
36,1008
36,634
27,711
36,308
36,336
36,895
1,836
36,1088
36,673
36,565
36,1146
36,1067
36,1137
36,946
36,1105
36,1204
36,370
36,451
36,929
36,536
36,893
36,331
36,498
36,547
36,696
36,436
36,682
36,954
36,1054
37,978
36,888
36,704
36,265
36,469
36,679
36,735
36,379
36,726
36,540
9,712
36,375
36,387
36,225
36,293
36,238
36,1048
36,592
36,578
36,903
36,1202
36,661
39,1166
36,383
36,1021
36,496
36,576
36,1155
36,869
36,803
36,327
36,907
36,589
36,1023
36,1162
36,897
36,636
36,491
36,453
36,548
36,468
36,838
36,485
36,732
34,878
36,1124
36,487
36,471
36,1118
36,1042
36,766
36,591
36,580
36,629
36,584
36,991
36,650
36,762
36,826
36,1069
36,912
36,369
36,997
36,606
36,373
36,242
36,332
36,452
36,404
36,902
36,556
36,212
36,859
36,532
36,633
36,990
36,689
36,323
36,214
36,563
36,839
47,256
36,1036
36,1073
36,449
7,1082
1,1031
36,614
36,708
36,527
36,384
36,941
36,400
37,349
36,685
36,846
36,325
36,887
36,627
36,597
36,948
36,646
36,260
36,368
36,291
36,472
36,975
1,740
36,986
28,388
36,630
36,587
36,418
7,884
36,933
36,579
36,806
36,992
36,464
36,92
36,215
36,417
36,202
36,654
36,257
36,399
36,643
36,1217
36,985
36,1017
36,463
36,600
36,1134
36,207
36,972
36,596
36,292
36,635
36,280
36,660
36,337
36,863
36,1043
36,647
36,583
36,1007
36,542
36,700
36,1064
1,490
36,800
36,710
36,1014
36,677
36,569
36,919
36,999
36,470
36,522
36,724
36,617
36,1058
36,784
36,301
36,181
36,924
36,431
36,931
36,883
36,782
36,920
36,680
36,886
36,599
36,653
36,1190
36,422
36,805
36,621
36,1028
36,192
36,881
36,380
36,352
36,891
36,1041
36,525
36,769
36,243
36,875
36,957
36,484
36,658
37,1068
36,326
36,820
36,435
36,1032
36,317
36,276
34,427
36,943
36,290
36,570
36,476
36,320
36,497
36,662
36,410
36,523
36,815
36,824
36,364
36,506
36,274
36,413
36,226
36,395
36,854
36,481
36,169
36,224
36,397
36,209
36,307
36,152
36,71
36,76
23,1290
36,86
36,194
36,688
36,356
5,258
36,544
36,124
36,1062
36,122
36,176
36,429
36,340
36,1207
36,197
36,140
36,537
36,1045
36,1147
36,1089
36,1066
36,342
36,445
36,1080
36,198
36,205
36,363
36,625
36,1208
36,559
36,728
36,574
36,821
36,921
36,1113
36,695
36,254
36,103
1,85
36,219
36,90
36,101
36,168
36,95
36,772
36,78
36,46
36,120
36,137
36,300
36,94
36,372
36,928
36,93
36,151
1,261
36,77
36,55
36,514
39,279
1,131
36,154
36,244
36,217
36,104
36,30
36,10
36,74
36,110
36,88
36,68
1,132
36,57
36,87
36,36
36,116
36,193
36,43
36,1273
36,62
36,1276
36,22
36,1284
36,1277
36,24
36,1279
36,19
36,41
36,7
37,34
36,1298
36,1289
36,48
36,18
36,115
36,21
36,141
36,1283
36,6
36,1278
36,2
44,14
36,159
36,191
36,53
36,84
35,1272
36,190
36,20
36,1297
37,1282
36,1291
36,42
36,1145
36,26
36,13
36,1015
36,392
9,750
36,241
36,298
36,73
36,432
36,1260
37,1255
36,1254
36,1258
9,1259
36,1264
36,1257
36,1261
36,1256
36,1263
37,1262
36,701
36,252
36,438
36,837
36,249
36,227
36,253
36,206
36,179
36,235
36,170
36,458
36,267
36,239
36,275
36,956
36,278
36,236
36,89
36,51
36,61
36,44
36,216
37,283
36,483
36,255
36,47
36,50
36,39
36,153
36,3
1,38
36,69
36,12
36,315
36,11
36,1270
36,54
36,163
36,188
36,223
36,112
36,809
36,67
36,29
36,149
36,58
36,1275
36,106
36,56
36,233
36,97
36,1285
36,1271
36,1286
33,79
36,4
37,59
36,100
36,1299
36,1057
36,1161
36,1268
36,91
36,63
36,1245
36,128
36,123
36,605
36,83
1,389
44,147
36,814
36,178
36,25
36,177
36,70
36,160
36,493
36,164
36,426
36,167
36,33
36,31
36,1274
36,1281
36,166
36,35
36,1266
36,1294
36,60
36,105
36,15
36,107
36,102
36,80
36,1265
36,72
36,8
36,17
36,5
36,23
36,186
36,65
36,1292
36,45
7,1
36,16
36,1295
36,52
36,37
36,1280
36,1296
36,1293
36,1288
36,1267
36,165
35,9
37,1269
36,285
36,195
36,1287
36,187
36,108
36,136
36,49
36,121
36,64
36,161
36,222
36,175
36,1233
36,877
36,994
36,549
36,126
36,183
36,561
36,130
36,119
36,96
10,109
36,28
1,66
36,117
36,27
36,82
36,127
36,75
36,40
36,150
36,208
36,98
36,145
36,143
43,1160
36,211
36,297
10,99
36,1011
10,172
10,32
36,1300
36,378
41,1121
41,287
41,237
41,133
41,200
41,335
41,114
41,518
42,1027
41,705
41,1016
1,210
1,835
1,129
44,157
1,246
47,230
50,1074
33,738
34,1083
1,457
49,259
34,697
34,142
33,1231
34,1250
1,171
1,448
33,1248
33,1251
34,698
50,813
50,1196
1,266
1,841
34,228
36,299
33,111
1,376
1,134
1,961
1,229
1,390
33,125
34,263
50,185
1,162
