43,135
27,167
3,130
13,219
12,278
69,276
43,223
103,192
35,162
26,325
106,201
100,287
80,343
48,265
34,299
18,319
6,235
19,382
28,341
20,141
12,123
19,182
13,381
6,304
17,395
40,418
12,378
28,448
24,222
6,298
13,349
43,449
99,396
31,87
74,406
81,76
99,455
18,405
12,364
13,397
20,311
48,458
19,463
50,473
99,467
40,13
50,36
19,215
99,153
12,344
99,432
69,438
21,371
69,322
6,279
35,216
99,194
39,307
50,294
103,121
102,208
16,470
74,421
38,474
35,54
99,6
40,52
50,303
12,138
54,224
99,380
99,433
40,63
38,110
99,331
94,379
54,315
38,35
102,353
12,246
54,321
99,360
50,317
54,392
50,146
99,372
94,269
19,180
102,460
48,387
21,206
54,189
12,273
34,383
50,231
50,357
102,242
29,476
54,258
30,237
99,184
99,106
102,103
50,115
30,114
102,156
54,295
50,89
99,462
74,339
99,61
11,176
99,79
102,97
102,197
19,165
20,318
36,227
39,290
36,270
64,388
12,301
91,400
99,284
30,232
48,267
99,347
16,257
54,183
90,332
11,209
11,255
20,291
39,217
90,327
50,384
50,158
69,456
39,239
48,316
91,359
55,305
6,8
55,342
48,60
70,401
99,336
48,323
55,187
48,233
48,252
39,157
81,101
48,124
48,296
102,171
99,72
102,49
12,179
107,127
49,109
90,57
9,113
55,37
102,166
99,147
90,86
99,45
39,111
48,82
99,186
99,102
11,33
55,168
48,71
102,51
30,320
40,66
99,75
72,172
39,408
91,12
102,454
102,361
54,466
99,338
99,414
18,160
57,459
13,354
12,461
90,434
55,11
64,425
35,377
48,398
102,435
16,285
11,328
48,90
90,196
48,281
48,253
30,211
48,203
58,272
50,329
64,247
102,429
48,345
48,245
29,236
50,370
50,373
81,148
64,261
102,251
30,250
90,404
38,170
48,243
87,326
90,140
67,205
13,260
20,221
102,126
50,154
54,155
35,14
59,293
102,375
99,202
29,42
90,297
48,367
102,175
39,362
102,145
12,210
30,150
61,151
48,200
29,161
48,83
73,96
48,207
39,213
29,137
48,214
48,330
99,104
48,108
39,59
102,313
11,85
102,47
102,95
55,136
48,228
48,68
55,44
13,300
30,366
90,363
40,457
102,465
11,444
72,346
102,259
37,283
48,144
56,142
30,174
44,314
90,193
36,149
90,164
64,262
43,356
48,185
30,81
55,92
102,107
48,229
36,129
90,70
11,84
11,352
102,77
102,99
29,351
48,306
64,58
102,139
99,248
48,119
87,152
90,238
50,181
102,374
39,254
69,302
92,134
103,310
53,169
64,451
29,427
23,73
39,67
82,26
13,46
50,178
55,391
74,266
102,440
70,424
102,422
90,348
99,416
73,7
75,478
99,32
29,280
90,1
48,376
102,275
48,439
48,389
50,446
74,407
102,472
15,218
11,204
11,241
101,264
29,274
97,105
102,100
22,177
90,282
103,125
90,368
76,442
48,34
47,369
102,420
42,355
95,244
22,98
53,234
54,249
73,337
107,324
29,308
55,402
62,212
11,292
102,413
73,65
98,56
48,195
52,230
86,9
11,415
51,94
48,394
30,15
32,277
48,286
75,118
71,120
48,436
39,417
48,64
44,78
108,74
88,220
74,426
67,477
93,271
90,410
60,365
102,334
7,335
27,412
58,288
102,112
45,132
16,464
40,256
70,431
1,358
34,173
89,268
96,131
82,447
48,468
14,199
102,289
101,471
29,445
23,163
48,430
84,27
94,21
45,80
100,423
25,93
11,191
13,50
11,69
33,240
97,122
35,39
43,159
36,5
89,31
8,40
32,23
65,263
41,4
12,225
41,411
109,312
38,469
39,190
20,399
48,333
10,437
11,62
76,128
68,198
104,390
48,25
36,30
15,24
77,17
44,55
41,143
2,450
30,385
4,419
46,41
9,20
45,428
11,133
88,117
95,226
6,453
39,91
5,53
20,43
100,48
85,22
102,18
52,88
83,116
107,16
58,38
105,188
102,309
78,403
11,29
46,340
98,350
79,441
11,393
13,3
65,452
9,443
45,19
78,28
66,386
25,2
63,409
37,475
43,10
