1,825
26,1225
34,1247
35,1178
1,1182
26,1177
26,1222
1,996
1,1236
26,1239
34,1061
34,546
26,1097
26,1246
1,1112
1,856
1,1055
26,1185
26,1244
26,1046
26,1167
26,446
1,971
26,1229
1,1232
26,1224
1,987
1,1206
34,1184
26,520
1,1253
1,1179
1,968
26,1252
1,1077
26,1238
1,932
34,1191
34,1176
1,1085
26,619
26,988
26,913
34,1139
1,1140
26,1205
34,568
26,1223
1,1022
34,1148
34,414
1,776
26,670
34,1218
26,1168
34,1133
26,1195
34,667
35,804
1,623
34,964
26,1128
31,1159
1,632
1,865
1,783
34,586
26,843
34,1157
1,976
27,979
1,1033
25,1111
26,949
1,947
27,871
26,755
26,1132
35,516
1,502
27,322
1,1102
12,1180
26,901
26,937
27,848
26,1221
26,391
34,889
26,1203
31,1153
27,1169
26,535
26,1090
26,739
1,874
34,867
1,982
1,744
35,759
26,1149
1,407
26,1110
26,1109
1,1240
34,955
1,462
1,1227
1,727
26,558
5,1065
34,1219
27,1213
1,1135
26,1151
26,1241
1,615
27,1141
1,607
26,1173
1,270
27,752
33,765
27,1114
8,1188
1,767
1,894
32,594
1,1198
1,842
26,296
26,832
1,970
5,823
27,641
1,1142
26,785
27,773
27,725
27,1129
26,421
7,1117
1,1175
27,1234
1,1200
27,1230
1,1040
27,1212
34,1174
1,521
26,926
27,669
34,868
26,251
27,1171
27,1158
2,1120
27,466
26,927
1,675
1,552
10,940
34,792
1,1093
1,1044
1,455
1,571
26,981
27,953
16,510
7,1197
1,1030
27,1025
27,1026
1,1087
27,935
1,345
1,1215
13,529
27,1056
27,898
27,777
1,365
27,1201
9,1242
1,1235
1,951
34,756
27,797
26,610
26,1143
27,341
26,748
27,651
1,816
27,980
27,808
27,719
27,423
1,908
27,1125
27,1154
27,896
27,966
27,303
13,880
27,628
1,318
27,1181
1,1095
1,1138
27,872
27,1013
27,1192
27,1237
34,499
26,914
27,1243
26,794
27,1051
27,1103
1,1052
34,531
27,828
27,1163
27,1152
23,604
5,1228
5,385
4,1122
27,509
27,1194
34,1189
27,1116
14,1131
20,663
1,668
27,775
19,681
27,1001
28,995
27,1210
27,830
26,1127
27,1170
3,905
27,1130
27,1211
22,1078
27,409
27,1084
21,977
24,271
27,638
34,873
27,393
27,1193
27,1119
7,1092
27,672
26,699
27,403
8,892
27,1164
27,1049
5,1012
17,1249
27,1006
27,938
27,761
27,969
27,847
27,350
27,354
19,430
27,406
27,899
18,637
26,1126
27,993
27,1183
27,974
34,386
27,674
1,1144
27,1081
1,989
27,973
27,355
27,572
27,608
27,442
27,213
27,189
27,1220
27,286
1,272
28,513
5,309
26,850
27,508
27,852
27,737
27,944
27,1094
27,434
27,844
27,401
27,357
27,684
27,923
27,612
27,1079
27,702
34,616
27,720
27,500
27,860
27,321
27,791
27,904
27,811
27,717
27,232
27,734
27,1024
27,707
27,424
27,1075
27,729
27,269
27,747
27,602
27,790
1,419
27,538
27,240
27,360
27,362
27,489
27,273
27,329
27,1072
27,460
27,382
27,465
27,812
27,353
27,344
27,786
27,802
27,593
27,855
27,829
27,566
27,963
27,473
27,264
27,1156
27,965
27,554
27,1108
27,1136
27,939
27,408
27,343
27,585
27,447
27,262
27,916
27,936
26,858
27,550
27,439
27,461
5,247
27,644
1,945
27,718
27,486
27,338
27,551
27,664
27,478
27,528
27,577
27,656
27,870
11,1104
6,960
27,284
28,849
27,443
27,1004
27,781
27,250
27,879
27,691
27,763
27,706
27,1039
27,925
27,517
27,714
27,787
27,771
27,1050
27,220
27,890
27,692
27,503
27,1002
27,768
27,622
27,613
27,1123
27,475
27,324
27,745
27,1106
27,437
27,749
27,950
27,1187
27,754
1,713
27,1038
27,545
27,626
27,911
27,328
25,295
27,780
27,640
27,1034
27,203
27,201
21,444
27,441
27,560
27,840
27,857
27,959
27,582
27,736
27,906
27,900
7,511
27,798
27,770
27,1209
27,793
27,313
27,690
27,245
27,339
7,361
15,1003
27,796
27,620
27,415
27,716
27,351
27,288
27,396
27,305
27,789
27,479
27,603
27,530
27,834
27,310
27,555
27,693
27,268
27,910
27,526
27,817
27,1009
27,678
27,864
27,590
34,595
27,564
27,753
27,494
27,553
27,377
27,534
27,533
27,156
27,519
1,962
27,459
27,405
27,598
27,882
27,346
27,1019
27,398
27,512
27,1216
27,676
27,1186
27,639
27,501
27,922
27,1214
27,467
27,1035
27,1199
27,665
27,609
26,575
27,1029
27,983
27,601
1,381
27,199
27,645
27,492
27,930
27,687
27,998
27,347
27,282
27,741
27,1059
27,348
27,801
27,333
27,371
27,686
27,751
27,482
27,778
27,304
27,758
27,624
27,1060
27,184
27,174
27,204
27,562
27,1076
27,1172
27,760
27,319
1,234
27,853
27,942
27,1071
27,231
27,541
27,683
27,374
27,248
27,450
27,671
27,1010
1,573
27,182
27,148
27,1070
27,420
27,611
27,642
27,866
27,1018
27,722
27,402
27,144
27,81
27,158
27,180
27,312
27,334
27,135
27,958
27,515
27,428
27,155
27,113
27,146
27,118
27,139
27,173
27,196
27,138
27,218
27,862
27,1053
27,818
27,655
27,703
27,788
27,440
27,631
27,918
27,588
27,657
27,967
27,694
27,557
36,648
27,1047
27,934
27,306
27,367
27,876
27,505
27,289
27,316
27,984
27,618
27,1005
27,1100
27,454
27,1099
27,723
27,539
27,779
27,715
27,652
27,221
27,277
27,1020
27,799
27,731
27,1226
27,412
27,543
27,281
27,477
27,764
27,1000
27,659
27,294
27,456
27,504
27,822
27,358
27,733
27,851
27,827
27,1115
27,433
27,567
27,302
27,1107
27,366
27,359
27,1037
27,861
27,757
27,1165
27,885
27,774
27,909
27,952
27,330
27,845
27,488
27,1101
27,480
27,730
27,1063
27,709
27,394
27,831
27,742
27,743
27,810
27,915
27,1086
27,1150
27,666
27,524
27,833
27,795
27,819
27,649
27,917
27,507
27,411
27,311
27,416
27,314
27,495
27,474
27,746
27,425
27,1091
27,1096
27,721
27,1098
7,807
5,581
27,1008
27,634
21,711
27,308
27,336
27,895
1,836
27,1088
27,673
27,565
27,1146
27,1067
27,1137
27,946
27,1105
27,1204
27,370
27,451
27,929
27,536
27,893
27,331
27,498
27,547
27,696
27,436
27,682
27,954
27,1054
27,978
27,888
27,704
27,265
27,469
27,679
27,735
27,379
27,726
27,540
7,712
27,375
27,387
27,225
27,293
27,238
27,1048
27,592
27,578
27,903
27,1202
27,661
28,1166
27,383
27,1021
27,496
27,576
27,1155
27,869
27,803
27,327
27,907
27,589
27,1023
27,1162
27,897
27,636
27,491
27,453
27,548
27,468
27,838
27,485
27,732
26,878
27,1124
27,487
27,471
27,1118
27,1042
27,766
27,591
27,580
27,629
27,584
27,991
27,650
27,762
27,826
27,1069
27,912
27,369
27,997
27,606
27,373
27,242
27,332
27,452
27,404
27,902
27,556
27,212
27,859
27,532
27,633
27,990
27,689
27,323
27,214
27,563
27,839
34,256
27,1036
27,1073
27,449
5,1082
1,1031
27,614
27,708
27,527
27,384
27,941
27,400
27,349
27,685
27,846
27,325
27,887
27,627
27,597
27,948
27,646
27,260
27,368
27,291
27,472
27,975
1,740
27,986
21,388
27,630
27,587
27,418
5,884
27,933
27,579
27,806
27,992
27,464
27,92
27,215
27,417
27,202
27,654
27,257
27,399
27,643
27,1217
27,985
27,1017
27,463
27,600
27,1134
27,207
27,972
27,596
27,292
27,635
27,280
27,660
27,337
27,863
27,1043
27,647
27,583
27,1007
27,542
27,700
27,1064
1,490
27,800
27,710
27,1014
27,677
27,569
27,919
27,999
27,470
27,522
27,724
27,617
27,1058
27,784
27,301
27,181
27,924
27,431
27,931
27,883
27,782
27,920
27,680
27,886
27,599
27,653
27,1190
27,422
27,805
27,621
27,1028
27,192
27,881
27,380
27,352
27,891
27,1041
27,525
27,769
27,243
27,875
27,957
27,484
27,658
27,1068
27,326
27,820
27,435
27,1032
27,317
27,276
26,427
27,943
27,290
27,570
27,476
27,320
27,497
27,662
27,410
27,523
27,815
27,824
27,364
27,506
27,274
27,413
27,226
27,395
27,854
27,481
27,169
27,224
27,397
27,209
27,307
27,152
27,71
27,76
18,1290
27,86
27,194
27,688
27,356
5,258
27,544
27,124
27,1062
27,122
27,176
27,429
27,340
27,1207
27,197
27,140
27,537
27,1045
27,1147
27,1089
27,1066
27,342
27,445
27,1080
27,198
27,205
27,363
27,625
27,1208
27,559
27,728
27,574
27,821
27,921
27,1113
27,695
27,254
27,103
1,85
27,219
27,90
27,101
27,168
27,95
27,772
27,78
27,46
27,120
27,137
27,300
27,94
27,372
27,928
27,93
27,151
1,261
27,77
27,55
27,514
28,279
1,131
27,154
27,244
27,217
27,104
27,30
27,10
27,74
27,110
27,88
27,68
1,132
27,57
27,87
27,36
27,116
27,193
27,43
27,1273
27,62
27,1276
27,22
27,1284
27,1277
27,24
27,1279
27,19
27,41
27,7
27,34
27,1298
27,1289
27,48
27,18
27,115
27,21
27,141
27,1283
27,6
27,1278
27,2
31,14
27,159
27,191
27,53
27,84
27,1272
27,190
27,20
27,1297
27,1282
27,1291
27,42
27,1145
27,26
27,13
27,1015
27,392
7,750
27,241
27,298
27,73
27,432
27,1260
27,1255
27,1254
27,1258
7,1259
27,1264
27,1257
27,1261
27,1256
27,1263
27,1262
27,701
27,252
27,438
27,837
27,249
27,227
27,253
27,206
27,179
27,235
27,170
27,458
27,267
27,239
27,275
27,956
27,278
27,236
27,89
27,51
27,61
27,44
27,216
27,283
27,483
27,255
27,47
27,50
27,39
27,153
27,3
1,38
27,69
27,12
27,315
27,11
27,1270
27,54
27,163
27,188
27,223
27,112
27,809
27,67
27,29
27,149
27,58
27,1275
27,106
27,56
27,233
27,97
27,1285
27,1271
27,1286
26,79
27,4
27,59
27,100
27,1299
27,1057
27,1161
27,1268
27,91
27,63
27,1245
27,128
27,123
27,605
27,83
1,389
31,147
27,814
27,178
27,25
27,177
27,70
27,160
27,493
27,164
27,426
27,167
27,33
27,31
27,1274
27,1281
27,166
27,35
27,1266
27,1294
27,60
27,105
27,15
27,107
27,102
27,80
27,1265
27,72
27,8
27,17
27,5
27,23
27,186
27,65
27,1292
27,45
5,1
27,16
27,1295
27,52
27,37
27,1280
27,1296
27,1293
27,1288
27,1267
27,165
27,9
27,1269
27,285
27,195
27,1287
27,187
27,108
27,136
27,49
27,121
27,64
27,161
27,222
27,175
27,1233
27,877
27,994
27,549
27,126
27,183
27,561
27,130
27,119
27,96
7,109
27,28
1,66
27,117
27,27
27,82
27,127
27,75
27,40
27,150
27,208
27,98
27,145
27,143
31,1160
27,211
27,297
7,99
27,1011
7,172
7,32
27,1300
27,378
29,1121
29,287
29,237
29,133
29,200
29,335
29,114
29,518
30,1027
29,705
29,1016
1,210
1,835
1,129
31,157
1,246
34,230
35,1074
26,738
26,1083
1,457
34,259
26,697
26,142
26,1231
26,1250
1,171
1,448
26,1248
26,1251
26,698
35,813
35,1196
1,266
1,841
26,228
27,299
26,111
1,376
1,134
1,961
1,229
1,390
26,125
26,263
35,185
1,162
