16,89
18,112
20,33
6,49
21,80
3,113
32,41
3,120
5,65
32,81
38,168
2,67
17,76
7,29
25,189
3,104
37,122
9,75
25,23
25,87
37,121
25,96
25,82
2,28
25,140
25,92
25,117
25,272
25,50
37,102
25,148
37,107
25,68
25,162
25,85
37,56
37,98
9,97
3,60
25,146
25,161
25,22
23,235
29,84
25,20
25,95
25,201
37,42
25,79
25,101
37,70
29,69
37,105
37,58
25,78
25,200
25,55
25,115
25,40
25,88
25,209
25,57
25,114
37,34
25,156
25,77
25,47
25,27
25,91
25,93
26,190
6,63
17,45
21,240
25,138
25,66
25,171
25,26
25,46
25,61
25,31
25,90
37,35
25,15
25,59
17,25
25,232
25,271
25,62
25,19
25,71
25,268
25,244
19,247
25,175
25,264
25,133
25,109
1,43
37,127
25,248
25,249
37,254
25,198
25,221
24,218
25,181
37,158
23,233
24,74
37,5
25,106
25,110
25,126
25,267
1,257
25,3
18,94
19,170
25,119
25,183
25,216
36,178
37,202
37,179
24,172
23,2
5,212
37,224
37,118
37,180
29,13
23,73
37,86
13,261
34,30
37,225
25,160
37,154
25,103
13,228
6,37
37,217
34,124
8,153
25,111
37,182
25,83
34,108
6,166
37,32
37,197
37,184
37,164
14,125
25,53
37,36
22,208
30,152
37,236
25,177
25,203
32,219
37,130
13,129
37,187
34,196
25,48
29,173
19,193
25,100
19,17
37,137
13,252
23,147
34,139
37,195
19,151
19,64
18,207
22,188
37,222
19,215
37,234
34,205
8,143
37,211
37,21
25,51
25,54
8,157
6,131
37,255
29,256
37,223
37,134
37,144
22,231
34,199
25,176
25,220
19,270
37,149
29,185
37,210
4,136
37,260
37,167
25,259
34,123
37,262
18,194
8,52
29,214
37,241
19,132
37,204
22,237
37,44
34,169
22,229
37,159
37,10
18,163
37,7
2,239
33,243
37,269
29,266
11,227
34,186
25,145
22,238
37,213
25,191
37,245
29,18
8,38
32,258
25,250
29,230
11,242
31,251
27,246
8,141
12,135
27,165
23,174
23,253
11,265
12,155
37,273
13,1
22,150
37,142
37,192
20,72
10,4
35,9
34,128
17,263
36,206
4,14
23,24
14,226
33,12
28,99
26,116
31,39
34,16
25,8
25,6
15,11
