13,753
12,746
13,76
9,762
10,775
13,512
12,668
15,486
10,706
12,696
15,758
15,699
3,780
9,260
3,711
11,691
6,499
9,796
15,45
15,130
3,206
9,89
7,669
19,632
15,735
12,703
15,724
15,790
9,756
15,782
6,754
9,169
2,777
3,716
15,759
15,761
8,123
2,755
10,774
9,663
12,661
13,788
15,583
11,511
15,739
7,694
6,577
9,690
18,606
2,752
9,767
12,747
21,685
9,383
15,766
7,63
9,713
2,468
10,127
15,679
13,741
6,750
15,672
6,619
15,727
21,742
8,693
6,722
15,717
21,714
13,528
6,504
15,608
7,660
7,510
15,605
15,698
6,728
12,634
13,635
15,526
1,574
13,502
3,417
15,372
16,537
18,473
13,432
15,544
6,282
12,589
12,337
6,557
15,224
15,710
6,721
9,626
15,385
15,529
15,405
15,395
13,426
15,617
10,595
15,671
4,552
14,515
15,666
2,667
21,551
2,615
15,603
12,683
11,522
3,569
7,680
21,505
6,627
9,516
6,723
13,686
15,466
15,719
2,725
15,689
13,637
15,564
13,568
12,286
15,306
9,464
9,453
18,436
15,313
9,28
12,329
12,77
12,218
15,268
15,494
15,440
15,514
15,449
13,769
12,378
12,65
12,783
15,598
3,700
12,625
15,720
15,654
14,662
13,452
15,597
7,256
12,438
14,105
5,240
22,673
7,590
15,612
13,638
15,533
2,622
21,565
15,563
15,664
15,506
2,670
12,692
12,675
15,348
15,541
15,381
15,459
6,584
13,618
9,548
3,546
19,650
2,384
15,408
12,358
12,312
6,779
3,27
17,642
15,718
12,441
15,740
15,592
15,300
15,518
15,227
15,211
15,628
15,213
1,99
5,443
15,639
2,677
2,35
21,155
15,392
15,195
15,98
15,174
5,30
9,462
15,237
15,393
15,422
15,226
15,542
7,298
3,376
15,294
15,305
10,580
17,198
10,331
10,336
15,134
15,192
15,315
15,196
17,682
14,540
15,591
10,148
13,391
10,271
15,547
17,567
3,653
15,704
15,418
15,280
15,630
15,415
12,463
2,687
11,594
15,357
15,360
19,434
15,550
6,629
6,536
3,490
12,368
10,140
12,520
8,125
15,302
12,458
21,11
13,100
15,517
9,141
3,343
10,480
10,308
12,325
13,461
6,245
15,623
18,531
6,364
15,497
13,521
6,534
15,684
9,460
2,601
11,620
5,543
15,715
15,139
15,420
15,212
9,142
10,610
9,651
15,586
2,151
13,425
9,423
3,508
20,73
15,401
14,347
15,539
15,498
13,399
15,561
15,538
15,640
15,621
15,487
15,475
12,649
12,562
15,575
15,571
15,611
15,316
12,648
6,633
21,712
15,442
15,613
12,407
15,350
15,409
15,554
6,410
5,489
2,122
3,176
2,448
15,607
13,501
15,695
7,614
21,532
15,446
15,560
15,301
15,194
15,205
9,207
7,162
15,582
15,335
15,168
2,143
13,208
2,369
15,103
15,588
15,573
15,397
21,281
19,555
15,248
15,307
9,344
15,108
2,25
2,332
6,279
2,362
2,230
15,55
15,12
15,363
15,530
15,323
6,81
15,373
15,513
15,545
14,328
13,527
11,173
15,375
15,152
15,394
6,219
15,359
15,604
11,479
15,341
15,587
14,299
15,330
5,241
14,234
15,370
12,471
15,600
15,503
15,412
2,636
2,467
2,658
2,674
2,193
15,470
15,36
15,8
15,201
15,20
14,246
15,214
10,69
15,435
2,292
15,437
9,295
2,225
6,197
15,317
2,238
15,356
15,112
15,94
15,297
15,60
15,95
21,183
12,342
15,43
2,85
15,191
15,274
9,215
15,189
23,164
15,175
15,101
21,19
15,167
15,411
3,239
2,760
21,652
6,86
2,396
15,365
2,380
15,107
15,229
15,153
15,377
15,158
13,456
15,293
15,483
15,137
15,172
2,252
3,52
15,190
17,304
15,303
15,257
2,314
10,146
15,171
15,92
3,91
9,382
14,79
2,414
15,185
15,145
15,147
15,265
15,113
15,150
15,7
2,129
15,242
15,26
15,138
21,309
15,477
15,157
21,184
15,41
2,10
15,136
2,254
12,2
5,126
15,154
15,61
9,266
2,3
14,144
21,71
2,128
15,272
15,439
4,178
15,121
15,102
2,643
2,339
3,324
15,83
13,80
2,88
15,296
15,288
15,259
21,6
15,42
15,495
15,232
15,163
15,1
15,366
2,4
15,261
5,29
15,119
15,519
15,289
15,419
15,51
15,48
15,402
15,22
15,54
9,40
15,97
15,333
15,32
6,578
3,602
2,131
15,135
15,57
15,132
15,18
15,14
15,179
15,275
15,349
15,283
3,455
15,481
15,285
15,210
15,59
15,104
15,9
15,263
15,39
15,284
15,220
15,5
15,233
15,264
2,223
15,222
15,398
15,576
2,451
15,231
15,253
11,374
15,16
2,556
2,277
15,367
15,244
15,44
15,114
15,353
15,318
3,90
15,120
15,186
15,523
2,249
15,118
21,68
15,93
15,64
15,404
10,267
15,250
9,310
2,361
15,430
2,177
15,72
15,371
15,78
3,270
15,273
15,31
15,47
15,62
15,17
15,96
15,161
21,74
15,334
15,46
2,156
15,116
15,23
2,75
15,56
15,216
9,326
15,255
15,67
15,37
15,478
15,278
15,159
2,209
15,379
15,200
15,509
15,319
15,235
15,447
21,221
15,228
15,188
15,702
15,49
15,269
15,133
15,87
2,428
15,688
15,581
15,596
15,389
15,655
15,553
21,599
15,549
15,641
15,570
15,124
15,646
15,579
15,388
15,676
15,624
2,678
15,705
13,287
21,482
21,387
2,525
21,491
15,492
15,485
15,558
15,400
16,406
15,416
15,390
2,465
3,665
3,450
15,165
3,322
15,496
15,320
15,170
15,354
15,352
2,431
15,58
15,243
15,340
15,559
15,444
15,609
15,457
15,403
15,507
15,276
2,476
15,38
2,202
15,351
15,355
21,433
15,111
15,109
15,338
15,50
15,182
15,203
2,33
15,386
15,474
15,795
15,701
15,781
15,262
15,792
15,794
3,793
15,770
15,290
15,115
3,524
17,34
15,13
15,21
2,15
15,708
21,797
3,737
3,736
15,180
15,786
15,773
15,745
15,771
15,734
15,709
15,731
15,772
15,251
15,743
15,236
15,748
15,749
15,798
15,787
21,445
15,187
15,217
21,732
21,493
3,566
3,657
21,656
3,454
15,427
3,585
3,535
21,659
15,697
15,149
15,84
15,789
3,321
3,744
3,488
15,106
15,199
3,82
3,751
15,429
21,616
15,785
15,593
15,778
15,469
15,765
21,484
15,738
15,204
16,311
15,733
15,726
21,327
21,729
21,345
15,258
15,730
21,707
15,631
3,768
3,500
3,644
3,791
15,110
15,681
21,166
15,764
21,424
15,757
15,413
3,647
15,784
15,472
21,763
21,776
3,572
3,66
15,53
3,117
15,645
21,70
3,247
3,346
3,181
3,24
15,291
3,421
3,160
