1,712
1,728
1,737
1,724
1,701
1,600
3,618
1,508
1,646
1,654
1,656
1,505
1,719
1,739
1,643
1,669
1,664
1,504
3,686
1,616
1,729
1,677
3,596
1,633
3,734
3,718
1,715
1,723
1,702
3,545
1,685
1,671
1,722
1,571
1,406
1,720
1,512
1,756
1,735
3,727
1,370
1,546
1,364
1,427
1,621
3,564
1,351
1,521
1,632
1,732
3,687
1,659
1,526
1,604
1,731
1,705
1,615
1,601
1,506
1,672
1,714
1,611
1,644
3,708
3,479
1,648
1,559
1,588
1,547
3,710
1,667
1,581
1,469
1,553
1,647
3,636
1,638
1,562
1,688
1,585
3,520
1,262
1,630
1,560
1,613
1,419
1,699
1,476
1,590
1,456
1,529
1,570
1,623
1,662
1,272
1,401
1,524
3,403
1,609
3,321
1,346
1,649
1,645
1,386
1,368
1,661
1,652
1,706
1,461
3,284
1,625
3,550
1,586
3,670
1,634
1,610
1,703
1,543
1,683
3,352
1,721
3,568
3,363
1,208
1,535
3,541
1,379
3,497
1,418
1,528
1,444
3,640
1,695
1,607
1,655
1,591
3,680
1,573
1,673
2,696
2,593
3,400
1,709
1,658
1,657
1,540
1,446
1,393
3,319
3,453
1,660
3,438
1,462
3,507
2,744
1,675
1,287
1,264
1,192
1,484
1,679
3,347
1,460
1,605
1,390
3,382
1,405
1,236
1,454
1,578
1,247
3,488
3,378
1,522
3,407
3,425
3,502
1,330
3,373
3,276
3,483
3,285
1,274
3,435
3,491
1,249
1,415
3,515
3,441
1,514
3,374
3,486
3,327
3,381
3,377
3,487
3,429
3,574
3,542
3,463
3,525
3,450
3,455
1,493
1,220
3,238
3,320
3,243
3,413
1,387
3,316
3,354
3,443
3,492
2,397
1,189
1,412
3,150
3,404
3,248
3,537
1,241
3,385
3,299
3,211
1,408
3,232
3,306
3,430
3,464
3,577
3,494
1,567
1,258
3,384
3,255
3,627
3,235
3,270
3,181
3,177
3,532
3,594
3,608
1,421
1,296
3,383
3,694
3,414
1,503
3,411
3,556
3,442
3,513
3,361
3,642
3,209
3,329
3,348
3,325
3,475
3,227
3,449
3,283
3,436
3,307
3,239
3,162
3,266
3,434
3,212
3,297
3,196
3,184
3,301
3,223
3,345
3,259
3,500
3,197
2,490
3,579
3,554
3,392
3,641
3,576
3,480
3,228
3,290
3,288
3,253
3,372
3,440
3,350
3,225
3,375
3,252
3,278
3,176
3,598
3,575
3,395
2,626
3,472
3,416
3,231
3,206
3,595
3,240
3,628
3,561
3,268
3,582
1,277
3,275
3,154
3,201
3,603
3,185
3,750
3,747
3,755
3,745
3,758
3,653
3,760
3,757
3,753
3,742
3,748
3,752
3,746
3,749
3,751
3,743
3,761
1,523
3,552
1,527
3,467
3,332
3,549
3,451
3,530
3,353
3,366
3,221
3,359
3,256
3,322
3,555
3,254
3,280
3,202
3,485
1,291
3,237
3,355
3,300
3,424
3,340
3,519
3,580
3,459
3,389
3,614
3,282
3,544
3,265
3,433
1,380
3,289
3,589
3,305
3,439
3,651
3,311
3,309
3,637
3,639
3,445
3,224
3,668
3,344
3,597
3,587
3,251
3,207
3,315
3,230
3,631
3,195
3,312
3,295
3,698
1,516
3,388
3,313
3,612
3,399
3,509
3,563
3,367
3,583
3,557
3,409
3,716
3,398
3,394
3,622
3,432
3,437
3,465
3,635
3,458
3,410
3,293
3,468
3,539
1,267
3,334
3,349
3,343
3,362
3,428
3,606
3,338
3,302
3,260
3,242
3,357
3,308
3,342
3,518
3,717
3,331
3,182
3,175
3,279
3,261
3,365
3,689
3,510
3,551
3,423
3,304
3,326
3,318
3,726
3,697
3,269
3,681
3,707
3,317
3,617
3,693
1,692
3,629
3,725
3,730
3,676
3,496
3,323
3,666
3,736
3,691
3,733
3,569
3,682
3,665
3,489
3,538
3,548
1,402
3,599
3,481
3,263
3,452
3,572
3,482
3,584
3,558
3,498
3,213
3,501
3,200
3,391
3,376
3,624
3,704
3,324
3,678
3,273
3,360
1,180
3,470
3,690
3,198
3,333
3,740
3,466
3,471
3,328
3,294
3,188
3,286
3,448
3,203
3,193
3,244
1,592
3,684
3,565
3,663
3,536
3,298
1,137
3,336
3,341
3,166
3,229
3,310
3,271
3,199
3,763
3,764
3,754
3,149
3,191
3,257
1,194
3,499
3,110
1,292
3,426
3,369
3,477
3,602
3,219
3,422
3,478
3,358
3,142
3,711
3,533
3,126
3,431
3,417
3,64
3,112
3,172
3,65
3,114
3,25
3,218
3,81
3,741
3,122
3,23
3,46
3,152
3,566
3,30
3,70
3,123
3,179
3,76
3,100
3,7
3,214
3,128
3,473
3,447
3,335
3,650
3,19
3,51
3,770
3,40
3,98
3,26
3,173
3,132
3,120
3,700
3,738
3,303
3,215
3,155
3,713
3,281
3,141
3,140
3,5
3,79
3,15
3,115
3,337
3,420
3,54
3,127
3,102
3,31
3,69
3,517
3,67
3,216
3,8
3,33
3,74
3,29
3,55
3,14
3,89
3,32
3,84
3,28
3,72
1,1
1,47
3,3
3,41
3,97
3,90
3,6
3,39
3,133
3,82
3,762
3,11
3,27
3,21
3,125
3,765
3,44
3,769
3,43
3,768
3,135
3,183
3,190
3,68
3,161
3,159
3,124
3,92
3,234
3,168
3,246
3,147
3,531
3,134
3,66
3,153
3,106
3,60
3,77
3,20
3,22
3,2
3,10
3,93
3,45
3,109
3,101
3,78
3,131
3,58
3,157
3,144
3,24
3,103
3,35
1,146
3,62
3,48
3,18
3,767
3,13
3,87
3,36
3,17
3,37
3,63
3,83
3,9
3,16
3,42
3,136
3,766
3,339
3,205
3,71
3,396
3,178
3,52
3,222
3,356
3,116
2,107
3,474
3,96
3,511
3,534
3,314
3,204
3,138
3,91
3,151
3,50
3,139
3,148
2,88
3,38
3,111
3,80
3,86
3,210
3,61
3,12
3,117
3,73
3,186
3,75
3,620
3,105
3,165
3,85
3,104
3,187
3,163
3,121
3,95
3,169
3,108
3,56
3,143
2,164
3,113
3,129
3,233
3,226
3,759
3,619
3,94
3,59
3,49
3,119
3,34
3,4
3,160
3,250
3,495
3,158
3,245
3,457
3,171
3,217
1,170
3,57
3,99
1,53
3,674
3,371
1,145
1,118
1,167
1,174
1,156
3,130
