16,135
11,167
2,130
6,219
5,278
24,276
16,223
33,192
14,162
10,325
34,201
33,287
27,343
18,265
14,299
7,319
4,235
7,382
11,341
7,141
5,123
7,182
6,381
4,304
6,395
16,418
5,378
11,448
9,222
4,298
6,349
16,449
33,396
12,87
25,406
27,76
33,455
7,405
5,364
6,397
7,311
18,458
7,463
18,473
33,467
16,13
18,36
7,215
33,153
5,344
33,432
24,438
7,371
24,322
4,279
14,216
33,194
16,307
18,294
33,121
33,208
6,470
25,421
15,474
14,54
33,6
16,52
18,303
5,138
19,224
33,380
33,433
16,63
15,110
33,331
31,379
19,315
15,35
33,353
5,246
19,321
33,360
18,317
19,392
18,146
33,372
31,269
7,180
33,460
18,387
7,206
19,189
5,273
14,383
18,231
18,357
33,242
12,476
19,258
12,237
33,184
33,106
33,103
18,115
12,114
33,156
19,295
18,89
33,462
25,339
33,61
5,176
33,79
33,97
33,197
7,165
7,318
14,227
16,290
14,270
23,388
5,301
30,400
33,284
12,232
18,267
33,347
6,257
19,183
30,332
5,209
5,255
7,291
16,217
30,327
18,384
18,158
24,456
16,239
18,316
30,359
19,305
4,8
19,342
18,60
25,401
33,336
18,323
19,187
18,233
18,252
16,157
27,101
18,124
18,296
33,171
33,72
33,49
5,179
34,127
18,109
30,57
5,113
19,37
33,166
33,147
30,86
33,45
16,111
18,82
33,186
33,102
5,33
19,168
18,71
33,51
12,320
16,66
33,75
25,172
16,408
30,12
33,454
33,361
19,466
33,338
33,414
7,160
20,459
6,354
5,461
30,434
19,11
23,425
14,377
18,398
33,435
6,285
5,328
18,90
30,196
18,281
18,253
12,211
18,203
20,272
18,329
23,247
33,429
18,345
18,245
12,236
18,370
18,373
27,148
23,261
33,251
12,250
30,404
15,170
18,243
29,326
30,140
24,205
6,260
7,221
33,126
18,154
19,155
14,14
21,293
33,375
33,202
12,42
30,297
18,367
33,175
16,362
33,145
5,210
12,150
22,151
18,200
12,161
18,83
25,96
18,207
16,213
12,137
18,214
18,330
33,104
18,108
16,59
33,313
5,85
33,47
33,95
19,136
18,228
18,68
19,44
6,300
12,366
30,363
16,457
33,465
5,444
25,346
33,259
15,283
18,144
20,142
12,174
16,314
30,193
14,149
30,164
23,262
16,356
18,185
12,81
19,92
33,107
18,229
14,129
30,70
5,84
5,352
33,77
33,99
12,351
18,306
23,58
33,139
33,248
18,119
29,152
30,238
18,181
33,374
16,254
24,302
30,134
33,310
19,169
23,451
12,427
9,73
16,67
28,26
6,46
18,178
19,391
25,266
33,440
25,424
33,422
30,348
33,416
25,7
26,478
33,32
12,280
30,1
18,376
33,275
18,439
18,389
18,446
25,407
33,472
6,218
5,204
5,241
33,264
12,274
32,105
33,100
8,177
30,282
33,125
30,368
26,442
18,34
17,369
33,420
16,355
31,244
8,98
19,234
19,249
25,337
34,324
12,308
19,402
22,212
5,292
33,413
25,65
32,56
18,195
18,230
28,9
5,415
18,94
18,394
12,15
12,277
18,286
26,118
25,120
18,436
16,417
18,64
16,78
35,74
29,220
25,426
24,477
30,271
30,410
21,365
33,334
4,335
11,412
20,288
33,112
16,132
6,464
16,256
25,431
1,358
14,173
29,268
31,131
28,447
18,468
6,199
33,289
33,471
12,445
9,163
18,430
28,27
31,21
16,80
33,423
10,93
5,191
6,50
5,69
13,240
32,122
14,39
16,159
14,5
29,31
4,40
12,23
23,263
16,4
5,225
16,411
35,312
15,469
16,190
7,399
18,333
5,437
5,62
26,128
24,198
34,390
18,25
14,30
6,24
26,17
16,55
16,143
1,450
12,385
3,419
17,41
5,20
16,428
5,133
29,117
31,226
4,453
16,91
3,53
7,43
33,48
28,22
33,18
18,88
28,116
34,16
20,38
34,188
33,309
27,403
5,29
17,340
32,350
27,441
5,393
6,3
23,452
5,443
16,19
27,28
23,386
10,2
22,409
15,475
16,10
