1,825
18,1225
22,1247
22,1178
1,1182
18,1177
18,1222
1,996
1,1236
18,1239
22,1061
22,546
18,1097
18,1246
1,1112
1,856
1,1055
18,1185
18,1244
18,1046
18,1167
18,446
1,971
18,1229
1,1232
18,1224
1,987
1,1206
22,1184
18,520
1,1253
1,1179
1,968
18,1252
1,1077
18,1238
1,932
22,1191
22,1176
1,1085
18,619
18,988
18,913
22,1139
1,1140
18,1205
22,568
18,1223
1,1022
22,1148
22,414
1,776
18,670
22,1218
18,1168
22,1133
18,1195
22,667
22,804
1,623
22,964
18,1128
21,1159
1,632
1,865
1,783
22,586
18,843
22,1157
1,976
18,979
1,1033
17,1111
18,949
1,947
18,871
18,755
18,1132
22,516
1,502
18,322
1,1102
8,1180
18,901
18,937
18,848
18,1221
18,391
22,889
18,1203
21,1153
18,1169
18,535
18,1090
18,739
1,874
22,867
1,982
1,744
22,759
18,1149
1,407
18,1110
18,1109
1,1240
22,955
1,462
1,1227
1,727
18,558
3,1065
22,1219
18,1213
1,1135
18,1151
18,1241
1,615
18,1141
1,607
18,1173
1,270
18,752
21,765
18,1114
5,1188
1,767
1,894
21,594
1,1198
1,842
18,296
18,832
1,970
3,823
18,641
1,1142
18,785
18,773
18,725
18,1129
18,421
4,1117
1,1175
18,1234
1,1200
18,1230
1,1040
18,1212
22,1174
1,521
18,926
18,669
22,868
18,251
18,1171
18,1158
1,1120
18,466
18,927
1,675
1,552
6,940
22,792
1,1093
1,1044
1,455
1,571
18,981
18,953
11,510
4,1197
1,1030
18,1025
18,1026
1,1087
18,935
1,345
1,1215
9,529
18,1056
18,898
18,777
1,365
18,1201
5,1242
1,1235
1,951
22,756
18,797
18,610
18,1143
18,341
18,748
18,651
1,816
18,980
18,808
18,719
18,423
1,908
18,1125
18,1154
18,896
18,966
18,303
9,880
18,628
1,318
18,1181
1,1095
1,1138
18,872
18,1013
18,1192
18,1237
22,499
18,914
18,1243
18,794
18,1051
18,1103
1,1052
22,531
18,828
18,1163
18,1152
15,604
3,1228
3,385
2,1122
18,509
18,1194
22,1189
18,1116
10,1131
14,663
1,668
18,775
13,681
18,1001
19,995
18,1210
18,830
18,1127
18,1170
1,905
18,1130
18,1211
15,1078
18,409
18,1084
15,977
16,271
18,638
22,873
18,393
18,1193
18,1119
4,1092
18,672
18,699
18,403
5,892
18,1164
18,1049
3,1012
12,1249
18,1006
18,938
18,761
18,969
18,847
18,350
18,354
13,430
18,406
18,899
13,637
18,1126
18,993
18,1183
18,974
22,386
18,674
1,1144
18,1081
1,989
18,973
18,355
18,572
18,608
18,442
18,213
18,189
18,1220
18,286
1,272
19,513
3,309
18,850
18,508
18,852
18,737
18,944
18,1094
18,434
18,844
18,401
18,357
18,684
18,923
18,612
18,1079
18,702
22,616
18,720
18,500
18,860
18,321
18,791
18,904
18,811
18,717
18,232
18,734
18,1024
18,707
18,424
18,1075
18,729
18,269
18,747
18,602
18,790
1,419
18,538
18,240
18,360
18,362
18,489
18,273
18,329
18,1072
18,460
18,382
18,465
18,812
18,353
18,344
18,786
18,802
18,593
18,855
18,829
18,566
18,963
18,473
18,264
18,1156
18,965
18,554
18,1108
18,1136
18,939
18,408
18,343
18,585
18,447
18,262
18,916
18,936
18,858
18,550
18,439
18,461
3,247
18,644
1,945
18,718
18,486
18,338
18,551
18,664
18,478
18,528
18,577
18,656
18,870
7,1104
3,960
18,284
19,849
18,443
18,1004
18,781
18,250
18,879
18,691
18,763
18,706
18,1039
18,925
18,517
18,714
18,787
18,771
18,1050
18,220
18,890
18,692
18,503
18,1002
18,768
18,622
18,613
18,1123
18,475
18,324
18,745
18,1106
18,437
18,749
18,950
18,1187
18,754
1,713
18,1038
18,545
18,626
18,911
18,328
17,295
18,780
18,640
18,1034
18,203
18,201
15,444
18,441
18,560
18,840
18,857
18,959
18,582
18,736
18,906
18,900
4,511
18,798
18,770
18,1209
18,793
18,313
18,690
18,245
18,339
4,361
11,1003
18,796
18,620
18,415
18,716
18,351
18,288
18,396
18,305
18,789
18,479
18,603
18,530
18,834
18,310
18,555
18,693
18,268
18,910
18,526
18,817
18,1009
18,678
18,864
18,590
22,595
18,564
18,753
18,494
18,553
18,377
18,534
18,533
18,156
18,519
1,962
18,459
18,405
18,598
18,882
18,346
18,1019
18,398
18,512
18,1216
18,676
18,1186
18,639
18,501
18,922
18,1214
18,467
18,1035
18,1199
18,665
18,609
18,575
18,1029
18,983
18,601
1,381
18,199
18,645
18,492
18,930
18,687
18,998
18,347
18,282
18,741
18,1059
18,348
18,801
18,333
18,371
18,686
18,751
18,482
18,778
18,304
18,758
18,624
18,1060
18,184
18,174
18,204
18,562
18,1076
18,1172
18,760
18,319
1,234
18,853
18,942
18,1071
18,231
18,541
18,683
18,374
18,248
18,450
18,671
18,1010
1,573
18,182
18,148
18,1070
18,420
18,611
18,642
18,866
18,1018
18,722
18,402
18,144
18,81
18,158
18,180
18,312
18,334
18,135
18,958
18,515
18,428
18,155
18,113
18,146
18,118
18,139
18,173
18,196
18,138
18,218
18,862
18,1053
18,818
18,655
18,703
18,788
18,440
18,631
18,918
18,588
18,657
18,967
18,694
18,557
23,648
18,1047
18,934
18,306
18,367
18,876
18,505
18,289
18,316
18,984
18,618
18,1005
18,1100
18,454
18,1099
18,723
18,539
18,779
18,715
18,652
18,221
18,277
18,1020
18,799
18,731
18,1226
18,412
18,543
18,281
18,477
18,764
18,1000
18,659
18,294
18,456
18,504
18,822
18,358
18,733
18,851
18,827
18,1115
18,433
18,567
18,302
18,1107
18,366
18,359
18,1037
18,861
18,757
18,1165
18,885
18,774
18,909
18,952
18,330
18,845
18,488
18,1101
18,480
18,730
18,1063
18,709
18,394
18,831
18,742
18,743
18,810
18,915
18,1086
18,1150
18,666
18,524
18,833
18,795
18,819
18,649
18,917
18,507
18,411
18,311
18,416
18,314
18,495
18,474
18,746
18,425
18,1091
18,1096
18,721
18,1098
4,807
3,581
18,1008
18,634
15,711
18,308
18,336
18,895
1,836
18,1088
18,673
18,565
18,1146
18,1067
18,1137
18,946
18,1105
18,1204
18,370
18,451
18,929
18,536
18,893
18,331
18,498
18,547
18,696
18,436
18,682
18,954
18,1054
18,978
18,888
18,704
18,265
18,469
18,679
18,735
18,379
18,726
18,540
4,712
18,375
18,387
18,225
18,293
18,238
18,1048
18,592
18,578
18,903
18,1202
18,661
19,1166
18,383
18,1021
18,496
18,576
18,1155
18,869
18,803
18,327
18,907
18,589
18,1023
18,1162
18,897
18,636
18,491
18,453
18,548
18,468
18,838
18,485
18,732
18,878
18,1124
18,487
18,471
18,1118
18,1042
18,766
18,591
18,580
18,629
18,584
18,991
18,650
18,762
18,826
18,1069
18,912
18,369
18,997
18,606
18,373
18,242
18,332
18,452
18,404
18,902
18,556
18,212
18,859
18,532
18,633
18,990
18,689
18,323
18,214
18,563
18,839
22,256
18,1036
18,1073
18,449
3,1082
1,1031
18,614
18,708
18,527
18,384
18,941
18,400
18,349
18,685
18,846
18,325
18,887
18,627
18,597
18,948
18,646
18,260
18,368
18,291
18,472
18,975
1,740
18,986
15,388
18,630
18,587
18,418
3,884
18,933
18,579
18,806
18,992
18,464
18,92
18,215
18,417
18,202
18,654
18,257
18,399
18,643
18,1217
18,985
18,1017
18,463
18,600
18,1134
18,207
18,972
18,596
18,292
18,635
18,280
18,660
18,337
18,863
18,1043
18,647
18,583
18,1007
18,542
18,700
18,1064
1,490
18,800
18,710
18,1014
18,677
18,569
18,919
18,999
18,470
18,522
18,724
18,617
18,1058
18,784
18,301
18,181
18,924
18,431
18,931
18,883
18,782
18,920
18,680
18,886
18,599
18,653
18,1190
18,422
18,805
18,621
18,1028
18,192
18,881
18,380
18,352
18,891
18,1041
18,525
18,769
18,243
18,875
18,957
18,484
18,658
18,1068
18,326
18,820
18,435
18,1032
18,317
18,276
18,427
18,943
18,290
18,570
18,476
18,320
18,497
18,662
18,410
18,523
18,815
18,824
18,364
18,506
18,274
18,413
18,226
18,395
18,854
18,481
18,169
18,224
18,397
18,209
18,307
18,152
18,71
18,76
13,1290
18,86
18,194
18,688
18,356
3,258
18,544
18,124
18,1062
18,122
18,176
18,429
18,340
18,1207
18,197
18,140
18,537
18,1045
18,1147
18,1089
18,1066
18,342
18,445
18,1080
18,198
18,205
18,363
18,625
18,1208
18,559
18,728
18,574
18,821
18,921
18,1113
18,695
18,254
18,103
1,85
18,219
18,90
18,101
18,168
18,95
18,772
18,78
18,46
18,120
18,137
18,300
18,94
18,372
18,928
18,93
18,151
1,261
18,77
18,55
18,514
19,279
1,131
18,154
18,244
18,217
18,104
18,30
18,10
18,74
18,110
18,88
18,68
1,132
18,57
18,87
18,36
18,116
18,193
18,43
18,1273
18,62
18,1276
18,22
18,1284
18,1277
18,24
18,1279
18,19
18,41
18,7
18,34
18,1298
18,1289
18,48
18,18
18,115
18,21
18,141
18,1283
18,6
18,1278
18,2
21,14
18,159
18,191
18,53
18,84
18,1272
18,190
18,20
18,1297
18,1282
18,1291
18,42
18,1145
18,26
18,13
18,1015
18,392
4,750
18,241
18,298
18,73
18,432
18,1260
18,1255
18,1254
18,1258
4,1259
18,1264
18,1257
18,1261
18,1256
18,1263
18,1262
18,701
18,252
18,438
18,837
18,249
18,227
18,253
18,206
18,179
18,235
18,170
18,458
18,267
18,239
18,275
18,956
18,278
18,236
18,89
18,51
18,61
18,44
18,216
18,283
18,483
18,255
18,47
18,50
18,39
18,153
18,3
1,38
18,69
18,12
18,315
18,11
18,1270
18,54
18,163
18,188
18,223
18,112
18,809
18,67
18,29
18,149
18,58
18,1275
18,106
18,56
18,233
18,97
18,1285
18,1271
18,1286
18,79
18,4
18,59
18,100
18,1299
18,1057
18,1161
18,1268
18,91
18,63
18,1245
18,128
18,123
18,605
18,83
1,389
21,147
18,814
18,178
18,25
18,177
18,70
18,160
18,493
18,164
18,426
18,167
18,33
18,31
18,1274
18,1281
18,166
18,35
18,1266
18,1294
18,60
18,105
18,15
18,107
18,102
18,80
18,1265
18,72
18,8
18,17
18,5
18,23
18,186
18,65
18,1292
18,45
3,1
18,16
18,1295
18,52
18,37
18,1280
18,1296
18,1293
18,1288
18,1267
18,165
18,9
18,1269
18,285
18,195
18,1287
18,187
18,108
18,136
18,49
18,121
18,64
18,161
18,222
18,175
18,1233
18,877
18,994
18,549
18,126
18,183
18,561
18,130
18,119
18,96
4,109
18,28
1,66
18,117
18,27
18,82
18,127
18,75
18,40
18,150
18,208
18,98
18,145
18,143
21,1160
18,211
18,297
4,99
18,1011
4,172
4,32
18,1300
18,378
20,1121
20,287
20,237
20,133
20,200
20,335
20,114
20,518
20,1027
20,705
20,1016
1,210
1,835
1,129
21,157
1,246
22,230
22,1074
18,738
18,1083
1,457
22,259
18,697
18,142
18,1231
18,1250
1,171
1,448
18,1248
18,1251
18,698
22,813
22,1196
1,266
1,841
18,228
18,299
18,111
1,376
1,134
1,961
1,229
1,390
18,125
18,263
22,185
1,162
