2,825
45,1225
74,1247
79,1178
2,1182
45,1177
49,1222
2,996
2,1236
48,1239
74,1061
74,546
47,1097
45,1246
2,1112
2,856
2,1055
45,1185
49,1244
45,1046
45,1167
49,446
2,971
49,1229
2,1232
46,1224
2,987
2,1206
75,1184
48,520
2,1253
4,1179
2,968
49,1252
2,1077
49,1238
2,932
74,1191
74,1176
1,1085
49,619
45,988
49,913
74,1139
2,1140
48,1205
74,568
49,1223
2,1022
74,1148
74,414
2,776
45,670
74,1218
48,1168
77,1133
49,1195
77,667
79,804
2,623
74,964
49,1128
69,1159
2,632
2,865
2,783
73,586
48,843
74,1157
2,976
57,979
2,1033
44,1111
48,949
3,947
57,871
48,755
48,1132
79,516
2,502
53,322
2,1102
25,1180
45,901
48,937
57,848
49,1221
48,391
74,889
48,1203
69,1153
53,1169
48,535
48,1090
48,739
2,874
78,867
4,982
4,744
79,759
48,1149
2,407
48,1110
48,1109
2,1240
77,955
2,462
2,1227
2,727
48,558
14,1065
74,1219
53,1213
5,1135
45,1151
49,1241
2,615
53,1141
2,607
48,1173
2,270
50,752
72,765
50,1114
21,1188
2,767
2,894
71,594
6,1198
2,842
48,296
49,832
5,970
10,823
53,641
2,1142
48,785
53,773
53,725
51,1129
45,421
16,1117
4,1175
53,1234
4,1200
53,1230
2,1040
53,1212
76,1174
1,521
48,926
57,669
74,868
48,251
53,1171
53,1158
7,1120
53,466
45,927
2,675
2,552
23,940
74,792
2,1093
2,1044
2,455
2,571
48,981
56,953
30,510
19,1197
4,1030
53,1025
53,1026
2,1087
50,935
2,345
2,1215
26,529
53,1056
53,898
53,777
2,365
53,1201
22,1242
2,1235
2,951
74,756
53,797
45,610
45,1143
53,341
49,748
57,651
2,816
53,980
51,808
62,719
53,423
5,908
53,1125
53,1154
53,896
53,966
62,303
27,880
53,628
4,318
57,1181
6,1095
4,1138
53,872
53,1013
53,1192
53,1237
74,499
48,914
53,1243
48,794
53,1051
53,1103
2,1052
74,531
57,828
53,1163
54,1152
41,604
14,1228
11,385
9,1122
53,509
53,1194
78,1189
53,1116
28,1131
36,663
5,668
53,775
35,681
53,1001
65,995
53,1210
53,830
48,1127
53,1170
8,905
53,1130
53,1211
40,1078
53,409
53,1084
37,977
42,271
63,638
74,873
53,393
53,1193
58,1119
16,1092
53,672
48,699
53,403
20,892
53,1164
53,1049
13,1012
31,1249
53,1006
53,938
53,761
53,969
53,847
53,350
54,354
34,430
53,406
53,899
32,637
48,1126
53,993
53,1183
53,974
74,386
53,674
2,1144
53,1081
5,989
53,973
53,355
52,572
53,608
53,442
53,213
53,189
53,1220
53,286
4,272
66,513
14,309
48,850
53,508
53,852
53,737
53,944
53,1094
53,434
57,844
53,401
53,357
53,684
53,923
53,612
53,1079
53,702
74,616
53,720
53,500
53,860
53,321
52,791
53,904
53,811
53,717
53,232
53,734
53,1024
53,707
53,424
53,1075
53,729
53,269
53,747
53,602
53,790
5,419
53,538
53,240
53,360
53,362
50,489
53,273
62,329
53,1072
53,460
53,382
53,465
53,812
53,353
53,344
53,786
53,802
53,593
53,855
53,829
53,566
58,963
53,473
53,264
53,1156
53,965
53,554
53,1108
62,1136
54,939
53,408
53,343
53,585
53,447
53,262
53,916
53,936
48,858
53,550
53,439
53,461
14,247
53,644
5,945
53,718
53,486
53,338
53,551
53,664
53,478
53,528
53,577
53,656
53,870
24,1104
15,960
53,284
64,849
53,443
53,1004
54,781
53,250
57,879
53,691
53,763
53,706
53,1039
53,925
53,517
53,714
53,787
53,771
53,1050
53,220
53,890
52,692
53,503
53,1002
54,768
53,622
53,613
53,1123
53,475
53,324
53,745
53,1106
53,437
53,749
53,950
53,1187
53,754
2,713
53,1038
53,545
50,626
53,911
53,328
43,295
53,780
53,640
53,1034
53,203
53,201
38,444
53,441
53,560
53,840
53,857
53,959
53,582
62,736
53,906
53,900
19,511
53,798
53,770
53,1209
53,793
53,313
53,690
53,245
53,339
18,361
29,1003
53,796
53,620
53,415
53,716
53,351
53,288
53,396
53,305
53,789
53,479
53,603
53,530
53,834
53,310
53,555
53,693
53,268
52,910
53,526
53,817
53,1009
53,678
56,864
53,590
74,595
53,564
53,753
53,494
53,553
53,377
53,534
53,533
53,156
53,519
2,962
53,459
53,405
53,598
52,882
53,346
53,1019
53,398
53,512
53,1216
53,676
53,1186
53,639
54,501
53,922
53,1214
53,467
53,1035
53,1199
53,665
53,609
48,575
53,1029
53,983
53,601
6,381
53,199
53,645
53,492
53,930
54,687
53,998
53,347
53,282
53,741
53,1059
53,348
53,801
53,333
53,371
53,686
53,751
53,482
53,778
62,304
53,758
53,624
53,1060
53,184
53,174
53,204
58,562
53,1076
53,1172
53,760
53,319
2,234
53,853
53,942
53,1071
53,231
53,541
53,683
53,374
53,248
53,450
59,671
53,1010
2,573
53,182
53,148
53,1070
53,420
53,611
53,642
53,866
53,1018
52,722
53,402
53,144
53,81
59,158
53,180
53,312
53,334
53,135
53,958
53,515
53,428
53,155
53,113
53,146
53,118
53,139
53,173
53,196
53,138
53,218
53,862
53,1053
53,818
53,655
53,703
53,788
53,440
53,631
53,918
53,588
53,657
53,967
53,694
53,557
80,648
53,1047
53,934
53,306
53,367
53,876
53,505
53,289
53,316
53,984
53,618
53,1005
53,1100
53,454
53,1099
53,723
53,539
53,779
53,715
53,652
62,221
53,277
53,1020
53,799
53,731
53,1226
53,412
53,543
53,281
53,477
53,764
53,1000
53,659
53,294
53,456
53,504
53,822
53,358
53,733
53,851
53,827
53,1115
53,433
53,567
53,302
53,1107
53,366
53,359
53,1037
53,861
53,757
53,1165
53,885
53,774
53,909
53,952
53,330
52,845
53,488
53,1101
53,480
53,730
53,1063
53,709
53,394
53,831
53,742
53,743
53,810
53,915
53,1086
53,1150
53,666
53,524
53,833
53,795
53,819
53,649
53,917
53,507
53,411
53,311
53,416
58,314
53,495
53,474
53,746
53,425
53,1091
53,1096
61,721
53,1098
16,807
12,581
53,1008
53,634
37,711
53,308
53,336
53,895
6,836
53,1088
53,673
53,565
53,1146
53,1067
53,1137
53,946
53,1105
53,1204
53,370
53,451
53,929
53,536
53,893
53,331
53,498
53,547
53,696
53,436
53,682
53,954
53,1054
59,978
53,888
53,704
53,265
53,469
53,679
53,735
53,379
53,726
53,540
17,712
53,375
53,387
53,225
53,293
53,238
53,1048
53,592
53,578
53,903
53,1202
53,661
64,1166
53,383
53,1021
53,496
53,576
53,1155
53,869
53,803
53,327
53,907
53,589
53,1023
53,1162
53,897
53,636
53,491
53,453
53,548
53,468
53,838
53,485
53,732
48,878
53,1124
53,487
53,471
53,1118
53,1042
53,766
53,591
53,580
53,629
53,584
53,991
53,650
53,762
53,826
53,1069
53,912
53,369
53,997
53,606
53,373
53,242
53,332
53,452
53,404
53,902
53,556
53,212
53,859
53,532
53,633
53,990
53,689
53,323
53,214
53,563
53,839
73,256
53,1036
53,1073
53,449
12,1082
2,1031
54,614
53,708
53,527
53,384
53,941
53,400
59,349
53,685
53,846
54,325
53,887
53,627
53,597
53,948
53,646
53,260
53,368
53,291
53,472
53,975
6,740
53,986
39,388
53,630
53,587
53,418
13,884
53,933
53,579
53,806
53,992
53,464
53,92
53,215
53,417
53,202
53,654
53,257
53,399
55,643
53,1217
53,985
53,1017
53,463
53,600
53,1134
53,207
53,972
53,596
53,292
53,635
53,280
53,660
53,337
53,863
53,1043
53,647
53,583
53,1007
53,542
53,700
53,1064
2,490
53,800
53,710
53,1014
53,677
53,569
53,919
53,999
53,470
53,522
53,724
53,617
53,1058
53,784
53,301
53,181
53,924
53,431
53,931
53,883
53,782
53,920
53,680
53,886
53,599
53,653
53,1190
53,422
53,805
53,621
53,1028
53,192
53,881
53,380
53,352
53,891
53,1041
53,525
53,769
53,243
53,875
53,957
53,484
53,658
59,1068
53,326
53,820
53,435
53,1032
53,317
53,276
48,427
53,943
53,290
53,570
53,476
53,320
53,497
53,662
53,410
53,523
53,815
53,824
53,364
53,506
53,274
53,413
53,226
53,395
53,854
53,481
53,169
53,224
53,397
53,209
53,307
53,152
53,71
53,76
33,1290
53,86
53,194
53,688
53,356
10,258
53,544
53,124
53,1062
53,122
53,176
53,429
53,340
53,1207
53,197
53,140
53,537
53,1045
53,1147
53,1089
53,1066
53,342
53,445
53,1080
53,198
53,205
53,363
53,625
53,1208
53,559
53,728
53,574
53,821
53,921
53,1113
53,695
53,254
53,103
2,85
53,219
53,90
53,101
53,168
53,95
53,772
53,78
53,46
53,120
53,137
53,300
53,94
53,372
53,928
53,93
53,151
4,261
53,77
53,55
53,514
64,279
6,131
53,154
53,244
53,217
53,104
53,30
53,10
53,74
53,110
53,88
53,68
6,132
53,57
53,87
53,36
53,116
53,193
53,43
53,1273
53,62
53,1276
53,22
53,1284
53,1277
53,24
53,1279
53,19
53,41
53,7
62,34
53,1298
53,1289
53,48
53,18
53,115
53,21
53,141
53,1283
53,6
53,1278
53,2
70,14
53,159
53,191
53,53
53,84
50,1272
53,190
53,20
53,1297
62,1282
53,1291
53,42
53,1145
53,26
53,13
53,1015
53,392
17,750
53,241
53,298
53,73
53,432
53,1260
62,1255
53,1254
53,1258
17,1259
53,1264
53,1257
53,1261
53,1256
53,1263
62,1262
53,701
53,252
53,438
53,837
53,249
53,227
53,253
53,206
53,179
53,235
53,170
53,458
53,267
53,239
53,275
53,956
53,278
53,236
53,89
53,51
53,61
53,44
53,216
60,283
53,483
53,255
53,47
53,50
53,39
53,153
53,3
5,38
53,69
53,12
53,315
53,11
53,1270
53,54
53,163
53,188
53,223
53,112
53,809
53,67
53,29
53,149
53,58
53,1275
53,106
53,56
53,233
53,97
53,1285
53,1271
53,1286
46,79
53,4
62,59
53,100
53,1299
53,1057
53,1161
53,1268
53,91
53,63
53,1245
53,128
53,123
53,605
53,83
4,389
70,147
53,814
53,178
53,25
53,177
53,70
53,160
53,493
53,164
53,426
53,167
53,33
53,31
53,1274
53,1281
53,166
53,35
53,1266
53,1294
53,60
53,105
53,15
53,107
53,102
53,80
53,1265
53,72
53,8
53,17
53,5
53,23
53,186
53,65
53,1292
53,45
12,1
53,16
53,1295
53,52
53,37
53,1280
53,1296
53,1293
53,1288
53,1267
53,165
51,9
59,1269
53,285
53,195
53,1287
53,187
53,108
53,136
53,49
53,121
53,64
53,161
53,222
53,175
53,1233
53,877
53,994
53,549
53,126
53,183
53,561
53,130
53,119
53,96
19,109
53,28
2,66
53,117
53,27
53,82
53,127
53,75
53,40
53,150
53,208
53,98
53,145
53,143
69,1160
53,211
53,297
19,99
53,1011
19,172
19,32
53,1300
53,378
67,1121
67,287
67,237
67,133
67,200
67,335
67,114
67,518
68,1027
67,705
67,1016
2,210
2,835
2,129
70,157
2,246
74,230
79,1074
45,738
49,1083
2,457
77,259
49,697
49,142
45,1231
49,1250
2,171
2,448
45,1248
45,1251
49,698
79,813
79,1196
2,266
2,841
49,228
57,299
45,111
2,376
2,134
2,961
2,229
2,390
45,125
49,263
79,185
4,162
