2,825
40,1225
60,1247
65,1178
2,1182
40,1177
42,1222
2,996
2,1236
42,1239
60,1061
60,546
41,1097
40,1246
2,1112
2,856
2,1055
40,1185
42,1244
40,1046
40,1167
42,446
2,971
42,1229
2,1232
41,1224
2,987
2,1206
61,1184
42,520
2,1253
3,1179
2,968
42,1252
2,1077
42,1238
2,932
60,1191
60,1176
1,1085
42,619
40,988
42,913
60,1139
2,1140
42,1205
60,568
42,1223
2,1022
60,1148
60,414
2,776
40,670
60,1218
42,1168
63,1133
42,1195
63,667
65,804
2,623
60,964
42,1128
55,1159
2,632
2,865
2,783
59,586
42,843
60,1157
2,976
45,979
2,1033
39,1111
42,949
2,947
45,871
42,755
42,1132
65,516
2,502
44,322
2,1102
21,1180
40,901
42,937
45,848
42,1221
42,391
60,889
42,1203
55,1153
44,1169
42,535
42,1090
42,739
2,874
64,867
3,982
3,744
65,759
42,1149
2,407
42,1110
42,1109
2,1240
63,955
2,462
2,1227
2,727
42,558
11,1065
60,1219
44,1213
3,1135
40,1151
42,1241
2,615
44,1141
2,607
42,1173
2,270
43,752
58,765
43,1114
17,1188
2,767
2,894
57,594
4,1198
2,842
42,296
42,832
3,970
8,823
44,641
2,1142
42,785
44,773
44,725
43,1129
40,421
13,1117
3,1175
44,1234
3,1200
44,1230
2,1040
44,1212
62,1174
1,521
42,926
45,669
60,868
42,251
44,1171
44,1158
5,1120
44,466
40,927
2,675
2,552
19,940
60,792
2,1093
2,1044
2,455
2,571
42,981
44,953
26,510
15,1197
3,1030
44,1025
44,1026
2,1087
43,935
2,345
2,1215
22,529
44,1056
44,898
44,777
2,365
44,1201
18,1242
2,1235
2,951
60,756
44,797
40,610
40,1143
44,341
42,748
45,651
2,816
44,980
43,808
48,719
44,423
3,908
44,1125
44,1154
44,896
44,966
48,303
23,880
44,628
3,318
45,1181
4,1095
3,1138
44,872
44,1013
44,1192
44,1237
60,499
42,914
44,1243
42,794
44,1051
44,1103
2,1052
60,531
45,828
44,1163
44,1152
36,604
11,1228
9,385
7,1122
44,509
44,1194
64,1189
44,1116
24,1131
32,663
3,668
44,775
31,681
44,1001
51,995
44,1210
44,830
42,1127
44,1170
6,905
44,1130
44,1211
35,1078
44,409
44,1084
33,977
37,271
49,638
60,873
44,393
44,1193
45,1119
13,1092
44,672
42,699
44,403
16,892
44,1164
44,1049
10,1012
27,1249
44,1006
44,938
44,761
44,969
44,847
44,350
44,354
30,430
44,406
44,899
28,637
42,1126
44,993
44,1183
44,974
60,386
44,674
2,1144
44,1081
3,989
44,973
44,355
44,572
44,608
44,442
44,213
44,189
44,1220
44,286
3,272
52,513
11,309
42,850
44,508
44,852
44,737
44,944
44,1094
44,434
45,844
44,401
44,357
44,684
44,923
44,612
44,1079
44,702
60,616
44,720
44,500
44,860
44,321
44,791
44,904
44,811
44,717
44,232
44,734
44,1024
44,707
44,424
44,1075
44,729
44,269
44,747
44,602
44,790
3,419
44,538
44,240
44,360
44,362
43,489
44,273
48,329
44,1072
44,460
44,382
44,465
44,812
44,353
44,344
44,786
44,802
44,593
44,855
44,829
44,566
45,963
44,473
44,264
44,1156
44,965
44,554
44,1108
48,1136
44,939
44,408
44,343
44,585
44,447
44,262
44,916
44,936
42,858
44,550
44,439
44,461
11,247
44,644
3,945
44,718
44,486
44,338
44,551
44,664
44,478
44,528
44,577
44,656
44,870
20,1104
12,960
44,284
50,849
44,443
44,1004
44,781
44,250
45,879
44,691
44,763
44,706
44,1039
44,925
44,517
44,714
44,787
44,771
44,1050
44,220
44,890
44,692
44,503
44,1002
44,768
44,622
44,613
44,1123
44,475
44,324
44,745
44,1106
44,437
44,749
44,950
44,1187
44,754
2,713
44,1038
44,545
43,626
44,911
44,328
38,295
44,780
44,640
44,1034
44,203
44,201
33,444
44,441
44,560
44,840
44,857
44,959
44,582
48,736
44,906
44,900
15,511
44,798
44,770
44,1209
44,793
44,313
44,690
44,245
44,339
14,361
25,1003
44,796
44,620
44,415
44,716
44,351
44,288
44,396
44,305
44,789
44,479
44,603
44,530
44,834
44,310
44,555
44,693
44,268
44,910
44,526
44,817
44,1009
44,678
44,864
44,590
60,595
44,564
44,753
44,494
44,553
44,377
44,534
44,533
44,156
44,519
2,962
44,459
44,405
44,598
44,882
44,346
44,1019
44,398
44,512
44,1216
44,676
44,1186
44,639
44,501
44,922
44,1214
44,467
44,1035
44,1199
44,665
44,609
42,575
44,1029
44,983
44,601
4,381
44,199
44,645
44,492
44,930
44,687
44,998
44,347
44,282
44,741
44,1059
44,348
44,801
44,333
44,371
44,686
44,751
44,482
44,778
48,304
44,758
44,624
44,1060
44,184
44,174
44,204
45,562
44,1076
44,1172
44,760
44,319
2,234
44,853
44,942
44,1071
44,231
44,541
44,683
44,374
44,248
44,450
46,671
44,1010
2,573
44,182
44,148
44,1070
44,420
44,611
44,642
44,866
44,1018
44,722
44,402
44,144
44,81
46,158
44,180
44,312
44,334
44,135
44,958
44,515
44,428
44,155
44,113
44,146
44,118
44,139
44,173
44,196
44,138
44,218
44,862
44,1053
44,818
44,655
44,703
44,788
44,440
44,631
44,918
44,588
44,657
44,967
44,694
44,557
66,648
44,1047
44,934
44,306
44,367
44,876
44,505
44,289
44,316
44,984
44,618
44,1005
44,1100
44,454
44,1099
44,723
44,539
44,779
44,715
44,652
48,221
44,277
44,1020
44,799
44,731
44,1226
44,412
44,543
44,281
44,477
44,764
44,1000
44,659
44,294
44,456
44,504
44,822
44,358
44,733
44,851
44,827
44,1115
44,433
44,567
44,302
44,1107
44,366
44,359
44,1037
44,861
44,757
44,1165
44,885
44,774
44,909
44,952
44,330
44,845
44,488
44,1101
44,480
44,730
44,1063
44,709
44,394
44,831
44,742
44,743
44,810
44,915
44,1086
44,1150
44,666
44,524
44,833
44,795
44,819
44,649
44,917
44,507
44,411
44,311
44,416
45,314
44,495
44,474
44,746
44,425
44,1091
44,1096
47,721
44,1098
13,807
10,581
44,1008
44,634
33,711
44,308
44,336
44,895
4,836
44,1088
44,673
44,565
44,1146
44,1067
44,1137
44,946
44,1105
44,1204
44,370
44,451
44,929
44,536
44,893
44,331
44,498
44,547
44,696
44,436
44,682
44,954
44,1054
46,978
44,888
44,704
44,265
44,469
44,679
44,735
44,379
44,726
44,540
14,712
44,375
44,387
44,225
44,293
44,238
44,1048
44,592
44,578
44,903
44,1202
44,661
50,1166
44,383
44,1021
44,496
44,576
44,1155
44,869
44,803
44,327
44,907
44,589
44,1023
44,1162
44,897
44,636
44,491
44,453
44,548
44,468
44,838
44,485
44,732
42,878
44,1124
44,487
44,471
44,1118
44,1042
44,766
44,591
44,580
44,629
44,584
44,991
44,650
44,762
44,826
44,1069
44,912
44,369
44,997
44,606
44,373
44,242
44,332
44,452
44,404
44,902
44,556
44,212
44,859
44,532
44,633
44,990
44,689
44,323
44,214
44,563
44,839
59,256
44,1036
44,1073
44,449
10,1082
2,1031
44,614
44,708
44,527
44,384
44,941
44,400
46,349
44,685
44,846
44,325
44,887
44,627
44,597
44,948
44,646
44,260
44,368
44,291
44,472
44,975
4,740
44,986
34,388
44,630
44,587
44,418
10,884
44,933
44,579
44,806
44,992
44,464
44,92
44,215
44,417
44,202
44,654
44,257
44,399
44,643
44,1217
44,985
44,1017
44,463
44,600
44,1134
44,207
44,972
44,596
44,292
44,635
44,280
44,660
44,337
44,863
44,1043
44,647
44,583
44,1007
44,542
44,700
44,1064
2,490
44,800
44,710
44,1014
44,677
44,569
44,919
44,999
44,470
44,522
44,724
44,617
44,1058
44,784
44,301
44,181
44,924
44,431
44,931
44,883
44,782
44,920
44,680
44,886
44,599
44,653
44,1190
44,422
44,805
44,621
44,1028
44,192
44,881
44,380
44,352
44,891
44,1041
44,525
44,769
44,243
44,875
44,957
44,484
44,658
46,1068
44,326
44,820
44,435
44,1032
44,317
44,276
42,427
44,943
44,290
44,570
44,476
44,320
44,497
44,662
44,410
44,523
44,815
44,824
44,364
44,506
44,274
44,413
44,226
44,395
44,854
44,481
44,169
44,224
44,397
44,209
44,307
44,152
44,71
44,76
29,1290
44,86
44,194
44,688
44,356
8,258
44,544
44,124
44,1062
44,122
44,176
44,429
44,340
44,1207
44,197
44,140
44,537
44,1045
44,1147
44,1089
44,1066
44,342
44,445
44,1080
44,198
44,205
44,363
44,625
44,1208
44,559
44,728
44,574
44,821
44,921
44,1113
44,695
44,254
44,103
2,85
44,219
44,90
44,101
44,168
44,95
44,772
44,78
44,46
44,120
44,137
44,300
44,94
44,372
44,928
44,93
44,151
3,261
44,77
44,55
44,514
50,279
4,131
44,154
44,244
44,217
44,104
44,30
44,10
44,74
44,110
44,88
44,68
4,132
44,57
44,87
44,36
44,116
44,193
44,43
44,1273
44,62
44,1276
44,22
44,1284
44,1277
44,24
44,1279
44,19
44,41
44,7
48,34
44,1298
44,1289
44,48
44,18
44,115
44,21
44,141
44,1283
44,6
44,1278
44,2
56,14
44,159
44,191
44,53
44,84
43,1272
44,190
44,20
44,1297
48,1282
44,1291
44,42
44,1145
44,26
44,13
44,1015
44,392
14,750
44,241
44,298
44,73
44,432
44,1260
48,1255
44,1254
44,1258
14,1259
44,1264
44,1257
44,1261
44,1256
44,1263
48,1262
44,701
44,252
44,438
44,837
44,249
44,227
44,253
44,206
44,179
44,235
44,170
44,458
44,267
44,239
44,275
44,956
44,278
44,236
44,89
44,51
44,61
44,44
44,216
46,283
44,483
44,255
44,47
44,50
44,39
44,153
44,3
3,38
44,69
44,12
44,315
44,11
44,1270
44,54
44,163
44,188
44,223
44,112
44,809
44,67
44,29
44,149
44,58
44,1275
44,106
44,56
44,233
44,97
44,1285
44,1271
44,1286
41,79
44,4
48,59
44,100
44,1299
44,1057
44,1161
44,1268
44,91
44,63
44,1245
44,128
44,123
44,605
44,83
3,389
56,147
44,814
44,178
44,25
44,177
44,70
44,160
44,493
44,164
44,426
44,167
44,33
44,31
44,1274
44,1281
44,166
44,35
44,1266
44,1294
44,60
44,105
44,15
44,107
44,102
44,80
44,1265
44,72
44,8
44,17
44,5
44,23
44,186
44,65
44,1292
44,45
10,1
44,16
44,1295
44,52
44,37
44,1280
44,1296
44,1293
44,1288
44,1267
44,165
43,9
46,1269
44,285
44,195
44,1287
44,187
44,108
44,136
44,49
44,121
44,64
44,161
44,222
44,175
44,1233
44,877
44,994
44,549
44,126
44,183
44,561
44,130
44,119
44,96
15,109
44,28
2,66
44,117
44,27
44,82
44,127
44,75
44,40
44,150
44,208
44,98
44,145
44,143
55,1160
44,211
44,297
15,99
44,1011
15,172
15,32
44,1300
44,378
53,1121
53,287
53,237
53,133
53,200
53,335
53,114
53,518
54,1027
53,705
53,1016
2,210
2,835
2,129
56,157
2,246
60,230
65,1074
40,738
42,1083
2,457
63,259
42,697
42,142
40,1231
42,1250
2,171
2,448
40,1248
40,1251
42,698
65,813
65,1196
2,266
2,841
42,228
45,299
40,111
2,376
2,134
2,961
2,229
2,390
40,125
42,263
65,185
3,162
