6,89
7,112
8,33
2,49
9,80
1,113
10,41
1,120
2,65
10,81
11,168
1,67
7,76
2,29
9,189
1,104
10,122
3,75
9,23
9,87
10,121
9,96
9,82
1,28
9,140
9,92
9,117
9,272
9,50
10,102
9,148
10,107
9,68
9,162
9,85
10,56
10,98
3,97
1,60
9,146
9,161
9,22
9,235
10,84
9,20
9,95
9,201
10,42
9,79
9,101
10,70
10,69
10,105
10,58
9,78
9,200
9,55
9,115
9,40
9,88
9,209
9,57
9,114
10,34
9,156
9,77
9,47
9,27
9,91
9,93
9,190
2,63
7,45
9,240
9,138
9,66
9,171
9,26
9,46
9,61
9,31
9,90
10,35
9,15
9,59
7,25
9,232
9,271
9,62
9,19
9,71
9,268
9,244
7,247
9,175
9,264
9,133
9,109
1,43
10,127
9,248
9,249
10,254
9,198
9,221
9,218
9,181
10,158
9,233
9,74
10,5
9,106
9,110
9,126
9,267
1,257
9,3
7,94
7,170
9,119
9,183
9,216
10,178
10,202
10,179
9,172
9,2
2,212
10,224
10,118
10,180
10,13
9,73
10,86
4,261
10,30
10,225
9,160
10,154
9,103
4,228
2,37
10,217
10,124
3,153
9,111
10,182
9,83
10,108
2,166
10,32
10,197
10,184
10,164
4,125
9,53
10,36
9,208
10,152
10,236
9,177
9,203
10,219
10,130
4,129
10,187
10,196
9,48
10,173
7,193
9,100
7,17
10,137
4,252
9,147
10,139
10,195
7,151
7,64
7,207
9,188
10,222
7,215
10,234
10,205
3,143
10,211
10,21
9,51
9,54
3,157
2,131
10,255
10,256
10,223
10,134
10,144
9,231
10,199
9,176
9,220
7,270
10,149
10,185
10,210
2,136
10,260
10,167
9,259
10,123
10,262
7,194
3,52
10,214
10,241
7,132
10,204
9,237
10,44
10,169
9,229
10,159
10,10
7,163
10,7
1,239
10,243
10,269
10,266
3,227
10,186
9,145
9,238
10,213
9,191
10,245
10,18
3,38
10,258
9,250
10,230
3,242
10,251
9,246
3,141
3,135
9,165
9,174
9,253
3,265
3,155
10,273
4,1
9,150
10,142
10,192
8,72
3,4
10,9
10,128
7,263
10,206
2,14
9,24
4,226
10,12
9,99
9,116
10,39
10,16
9,8
9,6
5,11
