10,833
10,565
20,831
10,845
14,640
21,769
19,767
10,682
10,739
7,713
7,797
10,832
20,732
11,762
14,691
9,642
10,756
21,795
10,367
18,711
2,776
14,810
10,671
10,607
21,747
16,822
9,318
14,494
22,669
7,853
9,847
10,818
10,751
16,114
21,687
13,793
22,731
21,608
4,559
4,645
10,707
10,353
10,839
13,771
21,543
14,750
13,723
10,322
10,689
19,763
10,817
20,714
10,709
13,802
10,676
10,746
16,653
21,598
10,573
17,184
13,748
21,179
4,782
13,638
9,675
10,571
10,761
10,579
22,595
14,485
20,304
16,646
16,719
21,778
21,619
20,672
16,615
20,734
10,555
21,764
10,774
10,848
14,668
14,677
21,216
10,212
4,695
11,685
21,305
10,820
15,605
10,686
10,826
10,787
20,841
20,789
14,825
13,819
14,840
6,704
13,416
20,792
21,850
13,829
10,575
11,790
17,712
14,814
10,737
10,740
10,532
10,170
21,568
10,588
21,48
10,550
10,566
10,754
17,547
14,843
10,718
10,725
13,816
20,849
14,806
10,661
10,842
10,437
21,824
9,429
10,652
10,462
10,259
10,518
20,94
10,524
13,19
10,109
16,479
13,478
10,567
10,9
21,326
10,246
21,604
4,618
10,692
21,226
9,422
14,558
21,766
14,267
20,639
15,445
21,800
20,17
14,378
20,727
9,418
10,770
10,328
22,706
13,384
22,374
10,253
14,643
10,234
13,345
10,854
10,670
10,830
8,59
10,131
19,681
4,745
16,852
21,696
14,834
10,779
10,773
14,637
4,708
20,610
10,683
10,512
3,557
10,520
10,654
10,625
10,611
16,626
14,499
10,563
16,393
13,634
20,587
14,589
22,651
10,535
18,562
14,678
20,743
10,585
20,757
21,622
13,788
8,693
10,530
10,118
16,442
11,702
10,703
10,721
10,541
10,656
10,755
4,684
10,781
8,516
13,627
10,644
10,722
21,453
20,522
9,255
10,556
10,423
10,657
10,796
13,837
10,309
13,443
10,600
10,552
15,803
10,738
10,597
13,663
20,617
10,574
13,635
10,591
21,649
12,716
20,705
10,623
13,780
14,641
10,760
13,694
4,580
13,724
10,630
21,458
10,799
10,648
10,759
20,658
10,667
10,477
21,504
4,551
10,592
10,741
10,513
10,472
10,544
10,596
21,459
10,469
10,167
9,444
14,515
21,377
13,338
10,2
14,8
13,435
10,295
10,528
16,401
20,386
10,380
20,534
13,385
14,249
15,55
4,381
9,427
10,483
10,362
1,388
10,390
22,475
10,317
10,144
10,468
13,237
5,187
13,484
13,315
10,449
10,564
10,726
10,465
10,481
13,599
10,700
10,578
15,620
10,323
13,749
10,583
14,116
10,577
13,594
10,768
10,394
10,343
20,169
2,433
10,329
10,344
10,199
4,744
10,283
10,398
10,265
10,506
10,222
10,519
8,655
10,81
13,440
10,375
14,349
13,330
10,526
20,498
13,662
10,650
4,493
10,432
10,266
10,365
10,276
10,12
10,136
10,229
20,68
4,368
10,90
10,133
10,476
10,364
13,537
10,279
13,402
10,209
21,132
7,141
10,348
4,400
10,570
10,614
10,680
10,542
10,452
4,51
21,32
13,193
19,715
13,511
10,593
10,752
20,473
10,569
10,601
17,492
10,502
10,501
20,404
20,327
10,730
10,728
10,697
10,572
10,447
7,391
10,436
10,497
10,742
10,508
10,673
20,772
14,699
20,688
10,733
10,586
10,431
10,603
10,500
10,523
10,214
21,263
10,576
14,293
21,42
20,306
4,439
20,221
14,126
10,122
21,41
10,134
10,233
20,92
10,121
14,270
10,357
4,185
10,56
10,448
4,303
21,514
20,308
10,406
13,335
10,49
10,257
10,609
10,415
10,236
21,584
10,67
10,366
10,482
20,66
10,142
10,710
10,173
10,110
10,190
10,161
10,413
21,127
10,180
10,271
10,313
14,138
21,546
10,290
10,147
20,231
20,23
10,631
20,616
10,488
10,346
21,208
10,521
10,268
10,387
4,33
10,1
10,302
10,311
10,347
10,213
23,93
21,392
10,399
10,296
20,549
10,128
10,188
10,529
10,242
10,53
10,79
10,165
10,43
10,403
10,621
10,430
4,582
21,495
10,227
20,505
21,291
14,525
10,503
10,679
10,456
10,215
21,218
10,461
10,171
10,319
10,203
10,517
10,420
10,510
10,355
10,333
10,331
14,467
10,86
20,735
10,82
10,480
10,613
10,647
10,354
10,466
10,441
10,228
10,111
10,352
10,341
10,359
10,463
10,105
10,260
10,24
10,256
21,280
10,324
10,264
10,117
14,112
10,297
20,4
10,240
10,189
14,160
10,106
20,14
14,211
21,88
10,27
10,130
10,289
10,159
20,225
10,31
10,272
13,16
10,65
10,149
10,332
10,207
14,172
20,219
10,244
10,561
10,312
10,241
10,252
4,247
13,278
10,371
10,250
10,548
10,428
10,195
10,275
10,64
10,232
10,300
10,168
10,298
10,337
10,307
10,358
10,238
10,104
10,340
10,101
10,36
21,301
10,316
10,334
10,137
10,123
10,356
10,61
10,163
10,54
4,140
10,98
10,44
10,220
10,47
10,285
10,373
10,230
10,206
10,784
10,855
10,539
20,861
10,28
10,808
10,720
4,450
10,46
10,851
10,785
10,99
10,181
14,152
10,108
10,97
10,277
10,192
10,813
10,70
10,5
10,22
10,659
10,857
10,660
14,15
10,859
10,166
10,314
5,178
4,828
10,83
10,407
14,248
20,197
10,273
10,201
20,531
10,860
10,157
10,396
10,120
10,821
10,701
10,286
10,805
10,777
10,823
10,632
10,612
10,84
10,419
10,674
10,624
10,815
10,336
10,125
10,858
10,507
10,801
14,835
14,536
10,758
10,698
10,150
21,553
14,491
21,412
10,665
10,287
10,154
10,235
10,310
10,91
10,451
14,269
10,540
10,666
10,85
10,405
10,370
10,460
10,581
10,471
10,414
10,408
10,274
10,446
10,496
10,261
10,434
20,35
10,25
10,360
10,89
10,45
10,487
10,177
10,74
14,425
10,664
10,155
14,143
10,129
10,527
10,58
10,243
10,145
10,6
10,490
10,113
10,75
10,103
10,38
10,62
10,80
10,205
10,18
4,254
10,115
10,148
14,223
10,151
10,37
10,294
10,29
10,69
10,198
10,162
10,164
3,489
10,636
10,383
10,282
10,438
10,602
10,633
4,95
10,417
10,409
10,204
10,538
10,509
10,71
10,457
10,382
10,426
10,339
10,96
10,350
10,554
10,690
10,76
10,411
4,376
10,196
10,284
10,474
10,454
14,153
10,202
10,13
10,124
10,239
10,245
10,455
4,135
10,52
10,258
10,320
10,397
10,395
10,224
10,156
10,78
10,158
1,102
10,183
14,545
10,533
10,3
10,372
10,174
10,7
4,50
14,379
14,107
4,119
10,60
10,20
10,200
10,470
4,26
10,73
10,139
7,281
10,191
10,194
10,72
5,77
10,34
10,210
14,176
10,57
10,606
4,838
14,836
10,560
4,765
14,351
4,63
10,844
4,629
4,811
14,421
10,464
14,827
10,717
10,175
10,809
10,410
10,590
14,846
10,363
14,804
10,783
10,251
10,39
4,486
14,856
10,40
10,182
10,812
10,369
10,146
10,262
14,342
4,807
10,736
4,217
10,753
10,791
10,288
10,786
10,325
4,87
10,424
4,729
10,186
10,299
10,798
10,628
14,100
10,321
10,21
10,775
14,292
4,10
14,794
14,389
14,30
14,361
14,11
