4,1206
51,1208
52,1210
51,1064
52,1219
7,1236
52,703
54,1232
51,1207
43,1157
22,1199
4,1082
43,1112
50,1212
43,1095
24,889
54,1144
22,1227
43,876
43,1118
54,1005
43,954
43,1089
52,1042
50,561
54,1087
53,591
43,1223
12,1139
43,928
5,1222
4,908
43,784
19,1077
43,891
43,1056
43,912
9,1228
43,1215
43,655
15,946
43,970
43,996
35,532
43,581
4,485
53,722
2,751
24,829
43,1192
54,1194
44,514
43,831
31,1197
44,633
40,967
52,500
43,1030
25,952
1,386
43,1221
24,880
40,1032
40,1166
40,1001
43,697
22,1133
28,659
40,993
51,1163
40,1196
50,1053
43,520
43,978
43,1204
45,1147
14,798
40,981
51,1101
27,850
31,1060
27,1153
24,1079
40,1195
40,1022
40,1010
27,1205
40,1116
40,636
1,701
40,1052
40,927
40,602
40,522
40,1094
6,853
40,351
40,745
40,811
26,1067
25,583
44,772
40,1086
40,863
40,716
13,564
15,385
40,816
40,725
40,580
39,1231
40,1176
15,882
52,411
43,660
20,920
40,913
24,374
12,288
53,631
40,683
55,393
27,518
43,621
43,400
44,577
40,1046
40,667
40,1114
40,554
40,456
52,723
25,720
26,953
16,959
30,1122
40,937
40,1058
40,543
40,982
40,578
14,791
40,511
52,1049
19,740
27,1098
11,692
20,727
35,593
52,427
40,415
31,493
51,430
15,1115
22,841
40,1031
40,919
15,861
25,1217
1,1224
40,1161
1,773
40,823
40,565
40,626
19,1120
33,991
40,979
40,1076
40,1182
40,526
40,1008
40,894
40,830
45,969
40,947
43,999
40,1105
40,704
40,512
39,428
26,612
40,486
40,744
40,1132
40,466
31,842
40,980
40,1063
40,817
24,1029
40,775
40,568
34,681
39,730
17,781
39,851
40,1068
43,762
40,608
66,729
40,690
40,1141
40,944
18,767
40,611
25,930
40,1016
40,549
40,1121
40,609
40,790
40,865
40,825
44,1143
39,1047
35,845
40,984
40,1119
40,888
31,590
40,843
40,708
40,641
40,685
8,574
32,1211
40,1225
40,642
40,1198
40,1202
40,1226
52,698
40,972
22,1051
40,1156
23,1184
40,837
25,684
40,1177
40,713
40,1229
40,1164
22,1126
45,801
40,924
40,917
40,1216
40,1235
40,1218
38,1158
40,872
40,1209
40,1185
40,1136
40,916
40,1017
40,1234
40,1138
52,1036
40,1104
40,1220
21,709
40,1175
40,800
40,1088
40,921
25,584
22,465
40,1146
22,1169
40,918
40,962
40,1142
40,788
40,1055
40,1129
39,765
40,1128
40,802
25,629
40,777
25,1075
44,1018
40,669
40,896
40,824
40,938
40,529
40,388
39,792
40,854
39,535
52,1069
29,878
40,1180
40,810
34,1170
43,1171
40,285
40,915
40,1151
40,1092
34,652
20,1154
40,1168
40,334
40,1173
1,645
40,412
40,657
40,846
40,503
15,995
40,318
40,866
40,1109
40,983
1,910
40,1125
40,809
40,1145
40,625
40,505
29,732
40,1004
40,771
40,968
40,1024
39,855
40,956
34,743
40,1083
40,1045
40,1131
40,640
24,933
40,524
40,1165
40,1000
40,760
39,1174
40,617
40,1187
15,955
40,884
40,904
40,1048
40,752
40,844
40,536
40,632
40,1044
40,1200
30,587
40,1034
40,828
22,1123
7,717
40,813
39,869
40,974
40,1003
42,840
40,1090
40,1135
40,1084
40,769
1,1040
52,964
40,502
40,1021
40,1106
40,754
40,1006
62,1113
14,966
40,832
40,594
40,682
40,691
40,618
43,1137
40,1189
40,1002
40,712
40,1213
40,793
36,961
40,895
40,1230
42,1214
40,677
40,348
40,1178
40,936
26,934
40,932
40,1188
40,395
40,734
20,1152
40,1111
44,997
18,1043
40,758
3,906
40,676
40,903
48,646
40,1148
40,925
40,668
40,1071
40,949
40,1140
40,540
40,875
32,322
29,735
40,747
40,544
40,390
53,1097
40,1183
40,569
40,941
40,702
63,893
40,582
7,647
40,1059
40,1134
40,768
40,960
38,858
40,929
22,990
40,672
46,1130
40,1020
40,864
40,551
40,282
40,601
40,886
44,513
40,449
40,1110
40,623
39,988
40,779
40,736
26,572
40,1124
40,320
42,586
40,275
40,384
40,812
39,592
29,635
40,380
40,1167
40,1062
40,746
39,883
14,1033
27,506
42,958
40,852
40,976
40,494
40,562
40,497
40,898
40,527
36,870
61,731
40,530
26,787
40,987
52,794
40,897
40,573
40,1093
40,733
40,689
40,403
40,501
27,822
40,1054
40,902
40,821
39,627
40,662
40,780
40,671
34,710
40,445
40,839
40,539
40,566
40,1023
40,948
40,1149
40,877
40,686
35,890
40,867
40,911
40,885
40,776
40,973
27,1014
40,1091
40,1072
40,567
40,1028
40,1027
40,1080
40,498
1,695
40,600
40,940
40,488
40,496
40,558
40,556
40,408
40,432
40,439
40,437
40,674
40,795
40,1057
41,1150
40,579
40,576
40,738
40,441
40,422
40,198
40,93
40,95
40,286
40,489
40,257
40,157
40,236
40,311
40,477
40,806
40,696
40,610
40,994
27,724
40,458
40,860
40,596
40,1099
40,785
40,820
40,1009
40,504
40,1107
40,835
40,826
40,805
40,679
40,656
40,763
40,541
40,721
39,1061
40,418
40,650
40,753
40,649
40,766
40,874
40,750
40,922
40,957
40,783
40,926
40,807
40,1085
40,899
40,847
40,943
40,1100
40,986
40,670
47,764
40,654
40,510
40,665
39,818
40,387
40,862
40,588
40,658
40,827
40,310
40,375
40,680
40,394
40,223
40,1038
40,571
40,705
40,473
40,247
40,749
40,620
40,129
40,86
40,232
40,280
40,315
40,484
40,675
40,538
40,545
40,459
40,302
40,172
40,255
26,343
40,434
40,333
40,1015
40,585
40,971
40,546
39,859
40,624
40,507
40,266
40,209
40,349
1,219
40,517
40,443
40,435
40,292
38,104
40,354
40,552
1,542
40,164
40,214
40,188
40,151
40,297
40,347
40,737
40,550
40,416
40,848
40,360
1,371
43,598
40,352
29,267
40,338
40,128
40,433
40,487
40,834
40,296
40,871
40,977
40,799
40,856
40,1041
40,1073
40,475
40,139
40,833
40,401
40,1070
40,350
40,604
40,321
57,471
40,85
40,98
40,312
40,189
40,234
40,242
40,560
40,190
40,367
40,357
40,225
65,206
40,238
40,328
40,180
40,341
40,589
40,362
40,303
40,379
40,460
40,84
40,246
58,261
40,326
40,786
40,638
40,1103
40,256
40,942
24,814
40,399
40,548
40,218
40,173
40,193
40,141
40,143
40,279
40,277
39,78
40,63
40,313
40,363
40,105
40,472
40,220
40,688
40,605
40,323
40,421
40,1162
40,442
40,905
40,426
40,91
40,797
40,452
40,366
40,340
40,892
40,719
40,327
40,1190
40,998
40,228
40,224
40,210
40,254
40,339
40,474
40,715
40,270
40,121
40,213
40,186
40,289
40,202
40,290
40,252
40,378
40,112
40,308
40,156
40,273
40,836
8,1096
40,204
40,230
40,265
40,65
40,881
40,229
40,448
40,163
40,222
40,97
40,171
40,89
40,755
40,69
26,335
40,88
40,678
40,287
40,241
40,179
40,127
40,140
40,276
40,212
40,203
40,492
40,200
40,476
40,92
40,353
40,547
40,165
40,262
36,317
40,570
40,192
40,184
40,531
40,615
40,653
15,346
40,796
40,329
40,324
40,849
40,240
40,300
40,248
40,417
40,306
40,344
40,634
40,185
40,616
40,307
40,707
40,178
40,301
40,628
40,243
40,939
40,907
40,450
40,409
40,414
40,272
40,161
40,446
40,482
40,1159
40,706
40,253
40,264
40,490
40,951
40,603
40,423
40,398
40,413
40,1127
40,613
40,365
59,444
40,463
40,170
40,259
40,274
40,137
40,94
40,174
40,169
40,71
40,64
39,258
40,516
40,382
40,183
40,208
67,480
40,108
40,138
40,838
40,368
40,700
29,176
40,103
40,249
40,109
40,250
40,117
40,742
40,931
40,131
40,373
40,110
40,130
40,56
40,211
40,99
40,464
40,694
40,757
40,1155
40,1026
40,756
36,1025
39,622
40,1035
40,714
40,639
40,356
40,759
40,316
40,396
26,607
40,1181
40,739
40,559
40,533
40,1108
40,508
40,521
40,644
40,761
40,1065
40,619
40,331
40,661
15,606
40,168
40,455
40,614
40,741
40,555
40,406
40,782
40,525
40,519
40,726
40,963
64,231
40,693
40,673
40,804
40,1037
40,914
40,453
40,534
40,381
40,563
40,391
40,372
40,770
40,597
40,803
39,887
40,965
40,748
40,945
40,553
40,336
40,425
40,778
40,528
40,819
40,537
40,1201
40,1012
40,1013
40,950
40,451
40,599
40,278
40,495
40,637
40,728
40,361
40,467
40,901
40,330
39,197
40,975
40,1039
40,1203
40,461
40,868
40,1233
40,342
40,293
40,575
15,1019
40,291
40,181
40,195
43,111
40,216
40,251
29,648
40,436
40,457
40,364
40,470
40,392
40,808
40,478
40,900
40,389
40,1007
40,1172
40,1193
40,36
40,66
36,13
40,74
40,37
40,124
56,35
39,58
39,22
40,177
40,75
40,30
40,45
40,39
39,43
40,53
40,115
40,664
40,125
40,199
40,40
40,73
40,15
40,989
40,61
40,23
40,33
40,383
40,299
40,19
40,20
40,28
40,10
40,50
39,42
40,52
40,55
40,102
40,404
40,284
40,447
40,126
40,215
40,76
40,245
10,175
40,440
40,595
40,410
40,509
40,217
40,44
40,149
40,1066
40,304
40,499
40,332
40,298
40,194
40,227
40,419
35,1186
40,1078
40,167
40,54
40,152
40,187
40,221
40,81
29,1081
40,233
40,114
40,260
32,57
40,483
40,150
49,294
40,370
40,24
40,132
40,3
40,144
40,5
40,7
40,1237
40,9
40,4
40,70
40,2
40,79
40,153
40,14
40,72
40,25
40,8
40,21
40,26
60,51
40,17
40,1238
40,47
40,27
40,424
40,120
40,122
40,134
40,789
40,909
40,397
40,182
40,481
40,630
22,454
40,100
40,101
40,283
40,133
40,207
40,59
40,239
40,268
40,159
40,281
40,62
40,337
40,49
40,718
40,83
40,118
40,191
40,16
40,491
40,146
40,87
40,469
40,123
40,82
40,515
40,80
40,557
40,68
40,295
40,1191
40,879
40,666
40,325
40,992
40,420
40,462
40,1074
40,355
40,136
40,358
40,269
40,67
22,271
40,1117
40,1160
40,438
40,244
40,11
40,18
40,235
40,155
40,237
40,305
40,402
36,116
40,148
40,263
40,34
40,145
40,166
40,205
56,405
40,41
40,985
40,107
40,154
40,923
40,314
32,345
40,113
40,158
40,815
40,142
29,77
40,468
37,377
40,135
40,119
40,29
40,106
40,147
40,1050
40,196
39,1102
40,857
39,479
40,376
40,1179
40,1011
40,687
40,711
40,429
40,699
40,935
40,201
40,873
40,319
40,60
40,162
40,651
40,90
40,369
40,663
40,309
40,643
40,523
40,160
40,48
40,407
40,774
40,226
40,38
40,6
40,359
40,431
39,12
40,32
40,1
40,46
52,31
54,96
