91,1288
54,1285
54,1229
73,1254
15,1294
75,1290
54,1302
77,1153
50,1242
50,1262
50,1292
54,1102
54,282
54,1185
90,1240
88,998
59,1197
54,1238
85,1300
90,1168
50,1174
54,1187
54,1303
85,1299
54,1210
54,1272
75,1280
14,645
54,1247
15,1271
54,1054
54,1037
54,238
54,613
82,670
79,1156
54,823
54,1189
75,1255
54,757
54,1276
73,1230
93,1307
15,1172
54,946
63,621
54,434
14,913
79,1219
54,685
15,860
54,1209
55,365
54,682
54,1148
53,956
79,1281
89,995
22,509
15,1109
54,636
54,1047
54,540
54,563
54,958
54,438
75,1184
83,405
79,651
50,1231
53,825
80,1139
54,528
54,1146
54,1186
54,1118
79,1092
54,845
54,925
15,1235
61,1130
74,1308
70,1261
54,1068
14,1074
54,700
60,1016
52,619
54,1266
90,921
54,982
74,1232
22,399
51,1076
54,417
15,1282
45,1151
15,1226
50,1287
55,853
79,1142
76,1049
79,379
85,288
69,1056
54,859
34,826
88,794
54,809
57,1190
54,1245
54,915
22,1160
50,1183
85,1202
55,666
78,591
74,1066
54,1220
22,353
81,467
85,616
22,635
54,862
30,833
84,800
54,485
54,1297
86,1257
62,1286
46,1234
19,1104
73,1162
22,1128
73,1216
16,691
22,751
79,448
54,964
55,708
22,866
22,1127
54,1144
40,1256
22,492
22,950
54,1199
54,1289
17,1295
22,1233
54,1277
22,1030
22,469
58,916
15,1205
15,941
22,1243
53,1225
22,345
61,1133
22,999
54,1081
54,1175
54,1293
32,1129
15,626
71,428
65,1201
24,1196
14,1070
22,1181
22,1284
73,1112
22,1131
54,502
54,1006
11,721
22,1000
66,1071
15,819
22,716
22,1055
54,962
72,1249
22,1052
54,1171
22,817
35,1214
54,1163
22,1032
22,326
3,1244
22,1122
22,799
54,523
22,877
22,697
54,1221
54,991
22,840
54,1173
54,1008
4,987
22,850
54,609
22,1278
22,1304
22,1157
79,949
22,801
22,1027
22,1119
22,1192
7,1105
22,1134
48,954
54,740
22,1028
79,977
18,679
22,899
22,208
22,297
65,906
22,805
22,765
22,934
22,1298
22,1296
54,1283
22,1301
22,1218
22,1228
22,544
22,161
22,1269
22,404
22,1018
53,886
73,611
22,443
22,959
22,1085
22,253
20,667
22,473
21,450
67,695
22,402
42,287
12,378
18,994
22,856
22,764
22,1087
22,1200
68,974
22,1147
22,930
22,631
27,1136
22,503
22,989
6,1023
22,815
22,1079
22,565
22,696
22,1152
79,975
22,1115
79,615
22,213
22,923
22,1050
22,395
22,1126
22,846
22,649
22,795
22,888
22,488
22,658
5,955
22,1239
22,1159
22,430
22,790
22,785
22,908
22,1241
22,383
22,1179
85,1188
22,1265
22,1258
22,984
22,1259
54,966
22,1203
22,706
51,1215
22,358
22,420
22,269
22,1043
22,919
22,1260
22,842
22,1044
22,654
1,407
22,1161
22,1072
22,331
22,185
22,477
22,394
54,910
22,603
65,396
22,624
22,577
22,735
22,699
22,980
22,914
15,607
22,971
22,324
22,836
22,944
22,802
22,755
22,928
22,715
56,1264
22,907
22,876
22,376
22,347
22,789
22,644
22,262
22,855
22,1154
22,705
22,1208
22,496
61,804
22,546
22,837
22,472
22,986
22,922
22,191
22,527
22,869
22,1073
22,236
22,254
22,759
22,973
22,320
22,357
22,549
22,798
22,863
22,676
22,532
32,316
22,444
22,895
54,838
37,688
22,243
10,662
22,366
22,988
22,215
22,1213
22,196
22,743
22,811
22,929
22,1123
22,1251
22,1270
22,604
22,981
22,722
14,963
22,1064
22,589
22,612
22,260
22,879
22,766
22,709
22,848
22,871
22,359
54,704
22,1167
22,1275
23,285
22,873
22,717
22,841
22,887
22,844
22,750
22,573
22,1077
22,538
22,812
22,931
22,594
22,1042
22,961
22,1057
22,336
22,632
22,249
22,574
22,1108
22,672
22,690
22,281
22,517
22,1021
22,1113
22,1191
22,1031
22,227
22,657
22,470
22,880
22,550
21,1083
22,1060
22,1194
22,1029
22,481
22,633
22,306
22,322
22,211
22,200
22,233
22,997
22,720
22,882
22,872
22,454
22,1124
85,663
22,1125
22,386
22,1279
22,978
21,1088
26,1141
21,453
22,1069
22,1250
22,380
22,1114
22,990
22,421
22,835
22,414
22,768
22,425
22,1246
22,1204
22,828
22,427
22,409
22,293
22,1001
22,460
22,356
22,1022
22,1003
65,993
79,1039
22,489
22,1010
22,520
22,796
22,329
54,1035
22,936
22,1099
22,767
22,983
22,318
22,729
22,397
22,752
22,687
22,1166
31,596
22,665
28,1121
22,1143
22,1075
22,1004
22,948
22,511
22,683
22,255
22,436
22,373
22,889
22,1135
22,480
22,821
22,622
92,728
22,416
22,967
22,1007
22,553
22,385
22,985
22,992
22,661
22,308
22,924
22,1116
22,797
22,733
22,564
22,774
22,1101
22,1176
22,419
22,222
22,300
22,363
22,898
22,338
22,829
22,507
22,1094
54,1137
22,933
22,599
66,937
22,656
22,461
22,225
22,491
22,277
22,1082
22,1045
22,874
22,1117
22,839
22,583
22,598
22,263
22,458
22,452
22,852
22,832
43,465
22,1053
22,957
22,1089
22,1149
22,335
22,951
54,769
22,431
22,814
54,782
22,349
22,433
25,628
22,266
55,398
22,142
22,157
22,680
22,593
22,432
22,555
22,343
22,578
22,568
22,515
22,572
22,466
22,439
22,793
22,206
22,543
22,271
22,435
22,370
22,242
22,235
29,352
22,602
22,518
22,557
22,146
22,938
22,451
22,884
54,508
22,495
22,777
22,423
22,671
22,120
22,145
22,762
22,745
22,711
22,702
22,810
22,1120
32,1046
22,1274
54,585
38,442
22,625
22,710
22,181
21,367
22,1180
22,787
22,1267
22,707
22,426
22,854
22,1019
22,415
22,581
22,535
22,344
22,1236
22,446
32,664
22,668
44,960
22,818
22,311
22,784
22,1038
22,1017
22,917
22,1111
22,1103
22,1252
22,552
22,542
22,1065
22,834
22,1150
22,1106
22,736
22,1014
22,703
22,808
22,422
22,355
22,806
22,424
22,1158
22,1237
22,516
22,279
22,510
22,659
22,410
22,412
22,501
22,223
22,372
22,524
22,459
22,342
22,730
22,878
22,497
22,827
22,1012
22,561
22,1227
22,234
22,533
22,483
22,783
22,776
22,1090
22,1178
22,775
22,259
22,870
22,830
22,570
22,713
22,327
22,1061
22,996
22,1140
22,885
22,881
22,362
22,559
22,674
22,820
22,911
22,935
22,901
22,1212
22,970
22,280
52,1051
22,525
22,1211
22,1005
22,296
22,354
22,478
22,246
22,900
22,113
22,560
22,303
22,732
22,307
22,231
22,455
22,731
22,861
87,726
22,1020
22,788
22,1198
21,298
22,779
22,610
22,953
22,851
22,1011
22,479
22,1132
22,725
22,675
54,447
22,741
22,896
22,1086
22,150
22,237
22,401
22,531
22,512
22,694
22,268
22,361
22,244
22,494
22,382
22,325
22,608
22,1033
22,539
22,332
22,758
22,292
22,218
22,229
22,152
22,718
22,575
22,723
22,673
22,772
22,341
22,681
22,927
22,778
22,754
22,1067
22,1138
22,1059
22,647
22,413
22,567
22,232
22,822
22,920
22,791
22,1080
22,351
22,639
22,744
22,623
22,945
22,640
22,1025
22,875
22,334
22,617
22,348
22,712
22,317
22,556
22,1096
22,1110
22,1155
22,698
22,943
22,952
22,1002
22,387
22,883
22,1036
22,865
22,734
22,1164
22,748
22,1058
22,212
22,660
22,1224
22,475
22,456
22,346
22,701
22,780
22,390
22,267
22,595
22,505
22,641
22,605
22,600
22,597
22,286
22,646
22,500
22,620
22,965
22,193
22,289
22,388
22,562
22,643
22,807
20,771
22,739
22,669
22,763
22,571
22,693
61,918
22,530
22,304
22,381
22,498
22,278
22,137
22,868
22,727
22,677
22,369
22,590
22,947
22,197
22,159
22,642
22,537
22,847
22,686
22,894
22,592
22,714
22,513
22,514
22,295
22,174
41,1024
22,1026
22,968
22,719
22,283
22,265
22,339
33,761
22,309
22,749
22,738
22,153
22,411
76,313
22,892
22,566
22,134
22,781
22,301
22,258
22,226
22,241
22,652
22,857
22,123
22,1009
22,178
22,59
22,476
22,1040
22,391
22,93
22,190
22,330
22,1177
22,891
22,471
22,172
22,1182
22,792
22,221
22,692
22,1195
22,1034
22,291
22,770
22,678
22,1098
22,773
79,1015
17,909
22,554
64,547
22,1100
22,449
22,932
22,586
22,526
22,482
22,429
22,1165
22,207
22,315
22,418
22,979
22,580
22,558
22,653
22,905
22,601
22,490
22,210
22,545
22,276
22,1091
22,393
22,171
22,831
22,522
28,333
22,816
22,893
47,541
22,389
22,618
22,536
39,684
22,824
22,484
22,637
22,867
22,519
22,323
22,360
22,474
22,1248
22,228
22,310
22,182
22,529
22,849
22,813
22,588
22,926
22,499
22,305
22,843
22,1169
22,441
22,368
22,194
22,655
22,437
22,1084
22,290
22,753
22,340
22,912
22,141
22,256
22,1253
22,1305
22,1291
75,1306
22,274
22,400
22,204
22,273
22,468
22,638
22,445
22,904
22,786
22,384
22,803
22,314
22,689
22,737
22,760
22,408
22,364
22,534
22,187
22,902
22,747
22,1041
22,587
22,275
22,1063
22,634
22,746
22,464
22,1273
22,440
22,247
22,462
22,406
22,582
49,169
22,858
22,1097
22,245
22,1268
22,1223
22,1062
22,252
22,220
22,132
22,940
22,149
22,463
22,969
18,506
21,1217
22,261
22,96
22,156
22,328
22,155
22,60
22,30
22,5
22,51
22,80
22,180
22,98
22,166
22,44
36,28
22,85
22,48
22,392
22,170
22,136
22,606
22,1312
22,1309
22,1310
22,1316
22,1314
22,1315
22,1313
22,1319
91,1318
22,125
61,504
22,371
20,648
22,627
22,165
22,897
22,107
22,188
22,1078
22,375
22,264
22,284
53,214
22,1193
22,1206
22,1263
22,312
22,192
22,203
22,177
22,377
22,251
22,976
22,630
22,144
22,250
22,890
22,650
22,569
22,199
22,202
22,201
22,164
22,50
22,205
22,95
22,576
22,579
22,1207
22,124
22,614
22,175
22,139
22,374
22,52
22,23
22,13
22,65
22,756
22,61
66,84
22,109
22,162
22,54
22,14
22,7
22,1325
22,25
22,47
22,76
22,34
22,319
22,1170
22,186
22,128
22,148
22,493
22,112
22,32
22,403
22,195
22,33
22,127
22,1330
22,22
54,45
22,1321
22,3
22,29
22,119
22,176
22,299
22,147
22,63
22,548
22,183
22,217
22,198
22,111
22,37
22,55
22,75
22,73
22,41
22,38
22,1335
22,1320
22,189
9,66
22,1329
22,86
22,143
22,2
22,12
22,26
22,163
22,79
22,91
22,106
22,31
22,18
8,62
54,40
22,230
22,78
22,151
22,64
22,89
22,74
22,629
22,584
22,1327
27,1328
22,100
22,116
22,53
22,140
75,71
20,158
22,1107
22,239
22,56
22,88
22,724
22,302
22,94
22,337
22,11
22,1334
22,1324
22,99
22,114
22,10
22,9
22,21
22,1331
22,70
22,154
22,110
22,87
22,17
22,224
22,168
22,486
22,321
22,551
22,1145
22,179
22,248
22,257
22,81
22,1095
22,160
22,864
22,350
22,130
22,46
22,942
2,131
22,97
22,972
22,1048
22,216
20,105
22,939
22,272
22,209
22,487
21,270
22,103
22,138
22,36
22,49
22,1311
22,69
22,57
22,101
22,219
22,77
22,72
22,121
22,35
22,122
22,19
22,457
22,294
22,24
22,115
22,104
22,126
22,68
22,742
22,129
22,20
22,15
22,1333
22,90
22,1323
22,58
22,1326
22,1336
22,1
22,1093
22,521
13,16
13,108
79,43
13,42
13,173
13,133
13,4
13,240
76,135
13,118
13,82
54,92
54,1332
76,1222
89,1013
50,39
54,67
91,6
55,27
55,1317
54,903
54,1322
50,102
75,8
90,117
50,167
54,83
91,184
