12,667
10,680
5,672
2,649
10,652
12,651
8,634
5,671
7,669
10,660
5,510
8,656
3,631
9,647
10,598
10,594
5,682
6,107
10,515
5,405
7,138
5,474
7,481
2,519
9,507
5,552
9,639
5,646
6,495
5,617
8,553
1,658
10,616
5,527
10,584
12,543
3,535
9,654
9,583
5,558
5,636
6,664
5,608
8,655
5,666
7,653
4,629
5,676
5,599
8,560
1,601
5,358
5,644
5,446
5,678
5,71
9,633
10,588
5,145
5,395
5,234
4,550
12,426
5,485
13,430
5,429
5,374
10,302
12,129
12,308
5,327
5,416
5,82
6,257
5,8
5,52
3,489
11,152
5,143
5,421
8,587
5,612
4,579
5,623
10,565
5,90
8,486
2,600
5,452
5,378
5,534
10,549
3,352
10,195
2,432
12,353
5,454
10,417
5,473
5,546
5,363
5,330
1,216
5,228
5,427
5,491
5,536
10,453
2,410
5,400
8,541
10,334
5,350
8,555
4,595
3,663
5,637
1,650
5,643
5,563
5,657
5,508
6,681
5,662
5,372
9,626
5,404
2,590
5,513
8,465
10,478
5,447
10,246
10,611
5,613
10,554
2,580
5,566
10,529
12,568
5,476
10,597
5,591
5,551
5,521
5,574
6,573
9,562
5,585
4,511
5,537
5,412
10,632
10,592
3,576
3,578
5,610
5,642
5,615
5,487
5,533
5,530
2,497
1,455
4,544
5,556
5,630
5,531
12,456
9,479
4,268
8,517
8,282
5,422
10,444
5,509
7,351
5,218
5,329
10,326
5,420
9,451
4,518
5,461
10,394
10,528
8,437
5,324
5,548
10,213
10,202
4,645
10,624
5,496
5,460
5,226
9,545
5,204
10,356
5,377
12,127
5,270
5,159
5,217
5,73
5,249
5,291
5,449
5,337
5,72
5,40
7,442
5,459
5,64
5,364
5,419
5,101
5,439
3,609
5,577
5,561
5,606
2,684
5,532
5,618
5,538
5,614
5,581
5,525
2,559
5,539
5,540
9,214
5,677
4,635
3,564
5,607
5,596
5,431
5,492
5,665
12,409
10,297
5,406
5,141
5,462
5,340
5,488
5,522
10,418
3,467
10,475
5,307
10,493
5,381
5,296
5,231
5,120
5,285
5,277
5,391
2,56
5,211
5,524
5,122
5,362
10,271
5,498
10,298
5,503
5,247
5,463
5,86
10,441
5,567
5,28
5,283
5,317
5,266
5,506
5,117
5,184
5,433
5,361
5,483
5,336
5,342
5,322
5,345
1,79
5,280
5,241
6,436
5,178
3,259
5,237
5,162
5,132
5,424
10,256
4,411
5,80
9,371
5,97
12,229
12,166
5,390
5,413
12,325
10,526
1,179
4,286
5,457
5,67
5,466
5,490
5,393
5,575
5,369
5,379
12,471
5,176
10,289
5,398
5,253
5,232
5,512
5,621
5,49
5,288
5,240
5,207
10,276
5,320
5,124
5,542
5,458
5,335
10,239
5,469
3,220
5,354
5,105
2,294
5,279
7,375
12,275
5,470
12,435
5,382
5,384
5,401
5,516
5,161
5,263
5,206
5,386
5,316
3,209
10,125
5,258
5,75
5,331
5,370
5,244
4,160
10,198
5,48
5,205
5,248
5,357
5,494
5,200
5,281
5,272
12,168
5,365
5,373
5,151
10,328
5,265
5,119
5,227
5,43
12,60
5,30
2,188
10,110
5,34
5,438
5,287
8,167
5,238
5,434
5,181
9,158
8,41
5,189
8,100
5,299
5,304
5,113
12,389
5,224
5,278
5,501
8,675
5,679
5,619
5,245
5,500
5,480
5,520
12,686
10,640
5,628
5,589
5,502
5,45
5,402
5,104
5,20
5,319
5,53
10,255
5,332
5,355
10,225
5,22
5,292
5,313
5,685
5,368
5,423
5,54
5,84
5,348
5,215
5,586
10,264
5,55
5,338
10,203
5,315
4,482
5,11
5,273
12,174
5,343
12,499
5,66
5,408
5,383
5,468
5,208
5,472
5,146
5,106
5,102
5,314
5,89
5,61
5,221
12,318
5,261
5,210
5,121
5,222
5,144
5,76
5,157
5,149
5,26
5,196
5,59
5,135
4,284
5,260
5,91
5,17
5,194
5,3
5,99
12,235
5,171
5,301
5,445
5,477
5,366
5,47
5,83
5,312
5,115
5,62
5,192
5,183
5,165
5,150
5,37
5,93
5,219
5,13
5,251
10,341
12,236
5,77
5,156
5,155
5,295
5,116
5,359
5,230
5,109
10,163
5,262
5,95
5,128
5,24
5,4
5,223
5,344
5,387
12,137
5,88
5,290
5,118
5,103
5,311
5,51
5,32
5,164
5,68
5,415
5,133
5,175
5,33
5,191
5,254
5,112
5,193
5,243
5,428
5,199
5,269
5,131
5,323
12,440
5,443
5,310
5,58
5,2
5,142
5,514
5,333
5,5
5,339
12,274
5,10
5,360
5,180
5,139
5,16
5,186
5,94
5,108
5,380
5,367
5,153
12,154
12,92
12,190
12,300
5,136
5,35
5,98
5,504
5,267
5,425
5,19
5,185
5,388
12,134
5,250
5,85
5,252
5,15
5,25
5,27
5,14
5,233
5,197
5,38
12,57
5,396
5,126
5,182
5,170
5,39
5,148
5,303
5,78
12,87
12,114
12,130
12,50
5,31
5,44
5,81
5,392
5,638
5,407
5,173
5,399
5,111
5,7
5,172
5,12
5,187
5,397
12,212
5,9
12,23
5,177
5,46
12,346
5,21
12,42
5,147
5,123
5,18
5,293
5,74
5,29
5,140
5,604
5,376
5,622
8,347
5,670
5,523
12,464
5,661
5,321
5,602
5,582
5,96
5,36
12,683
5,69
5,625
5,570
5,448
5,659
5,648
5,414
5,63
5,620
5,385
12,603
5,572
12,593
5,309
5,505
5,484
5,668
5,674
5,547
12,169
5,571
12,242
5,557
5,70
12,641
12,403
5,627
5,349
5,1
5,569
5,201
5,6
5,305
5,673
12,450
5,605
5,306
5,65
