9,89
11,112
12,33
2,49
13,80
1,113
17,41
1,120
2,65
17,81
20,168
1,67
10,76
3,29
14,189
1,104
19,122
4,75
14,23
14,87
19,121
14,96
14,82
1,28
14,140
14,92
14,117
14,272
14,50
19,102
14,148
19,107
14,68
14,162
14,85
19,56
19,98
4,97
1,60
14,146
14,161
14,22
13,235
16,84
14,20
14,95
14,201
19,42
14,79
14,101
19,70
16,69
19,105
19,58
14,78
14,200
14,55
14,115
14,40
14,88
14,209
14,57
14,114
19,34
14,156
14,77
14,47
14,27
14,91
14,93
14,190
2,63
10,45
13,240
14,138
14,66
14,171
14,26
14,46
14,61
14,31
14,90
19,35
14,15
14,59
10,25
14,232
14,271
14,62
14,19
14,71
14,268
14,244
11,247
14,175
14,264
14,133
14,109
1,43
19,127
14,248
14,249
19,254
14,198
14,221
13,218
14,181
19,158
13,233
13,74
19,5
14,106
14,110
14,126
14,267
1,257
14,3
11,94
11,170
14,119
14,183
14,216
19,178
19,202
19,179
13,172
13,2
2,212
19,224
19,118
19,180
16,13
13,73
19,86
7,261
19,30
19,225
14,160
19,154
14,103
7,228
2,37
19,217
19,124
4,153
14,111
19,182
14,83
19,108
2,166
19,32
19,197
19,184
19,164
7,125
14,53
19,36
13,208
16,152
19,236
14,177
14,203
17,219
19,130
7,129
19,187
19,196
14,48
16,173
11,193
14,100
11,17
19,137
7,252
13,147
19,139
19,195
11,151
11,64
11,207
13,188
19,222
11,215
19,234
19,205
4,143
19,211
19,21
14,51
14,54
4,157
2,131
19,255
16,256
19,223
19,134
19,144
13,231
19,199
14,176
14,220
11,270
19,149
16,185
19,210
2,136
19,260
19,167
14,259
19,123
19,262
11,194
4,52
16,214
19,241
11,132
19,204
13,237
19,44
19,169
13,229
19,159
19,10
11,163
19,7
1,239
18,243
19,269
16,266
6,227
19,186
14,145
13,238
19,213
14,191
19,245
16,18
4,38
17,258
14,250
16,230
6,242
17,251
14,246
4,141
6,135
14,165
13,174
13,253
6,265
6,155
19,273
7,1
13,150
19,142
19,192
12,72
5,4
19,9
19,128
10,263
19,206
2,14
13,24
7,226
18,12
15,99
14,116
17,39
19,16
14,8
14,6
8,11
