23,374
30,735
30,664
14,665
15,710
14,704
9,660
30,326
7,699
23,672
7,650
11,602
13,356
36,540
17,667
14,599
23,617
17,638
19,716
28,695
24,655
24,693
9,555
24,627
24,697
7,696
18,621
12,588
23,604
24,589
7,132
2,570
14,259
16,289
19,401
7,571
9,56
19,622
28,568
24,493
23,728
21,647
14,709
18,734
7,670
7,629
23,714
17,715
31,700
19,686
24,720
14,712
26,579
27,536
23,631
7,541
30,293
7,637
14,733
7,731
9,633
28,657
30,603
14,616
7,576
36,479
21,572
19,598
36,452
11,587
26,724
20,623
24,727
7,708
24,711
36,674
28,651
36,600
28,713
19,565
30,702
14,701
30,634
30,684
18,654
23,669
28,630
19,680
19,543
23,510
19,492
24,594
24,561
26,721
18,546
7,641
28,258
26,535
36,460
12,688
24,642
15,692
7,433
24,517
4,521
24,440
23,485
30,482
7,624
21,325
8,564
23,529
20,620
15,530
24,575
23,26
28,671
19,658
7,321
7,656
23,628
32,524
24,538
6,478
24,126
7,380
9,198
9,218
7,367
28,430
28,416
7,409
31,539
28,498
22,652
23,368
23,515
12,648
19,501
12,406
4,109
14,509
18,673
17,668
7,593
9,698
3,690
9,542
14,608
25,488
34,646
21,581
7,606
30,679
36,722
21,247
9,96
26,360
27,534
7,338
12,580
23,643
33,619
23,551
21,459
8,601
20,613
23,442
17,516
6,456
33,46
21,591
15,188
28,508
24,649
26,103
23,424
7,322
30,553
29,566
3,635
4,585
9,502
7,717
23,597
17,489
11,659
7,514
11,560
28,499
3,567
14,497
19,388
19,494
19,145
9,398
5,473
7,435
23,413
9,486
24,454
30,531
9,662
31,389
10,339
23,528
16,470
21,120
19,309
28,429
23,436
36,420
31,396
28,350
3,507
23,372
17,294
7,184
9,242
36,385
24,300
1,487
19,618
9,523
7,316
9,370
9,466
25,450
24,65
7,395
21,519
36,513
23,36
4,58
31,45
23,563
9,160
7,677
9,644
21,544
9,490
7,547
30,341
23,353
7,462
30,60
7,74
24,245
24,153
28,586
9,506
24,449
21,314
28,477
26,238
19,329
23,511
7,392
7,549
28,432
14,362
24,504
23,292
30,505
3,394
1,277
30,354
7,554
34,230
4,471
4,422
23,483
36,268
9,343
26,11
14,330
7,9
21,423
9,129
1,481
19,178
33,290
23,225
32,439
34,119
23,31
10,166
19,111
7,170
7,324
23,550
7,315
7,124
7,375
3,303
31,61
9,146
19,384
30,319
7,200
35,219
36,279
9,311
19,467
37,469
24,444
19,453
23,127
7,334
21,455
9,274
31,227
4,239
7,474
6,237
7,37
23,297
10,148
9,226
23,157
7,224
7,128
23,520
6,661
7,345
7,7
23,23
19,203
7,251
7,241
23,196
23,183
24,234
9,426
21,313
23,271
23,141
7,270
7,182
24,105
7,191
10,265
7,295
23,215
9,181
21,147
28,197
5,348
36,573
7,552
30,605
30,415
7,537
7,443
28,512
7,386
19,557
36,412
10,390
7,522
23,187
7,363
11,189
21,558
21,12
19,70
7,451
7,427
24,441
7,491
21,468
7,205
24,342
7,556
9,318
21,287
23,359
24,28
19,138
7,403
21,140
23,100
23,161
9,13
7,6
11,4
14,33
7,16
7,192
11,59
34,64
7,261
30,82
7,52
7,276
7,149
25,142
7,43
36,387
23,102
7,114
30,173
12,5
24,266
24,222
7,280
18,32
24,465
7,582
36,437
30,425
11,336
7,233
30,211
11,361
7,286
36,495
23,636
27,382
7,400
24,607
7,480
7,484
7,323
23,337
4,185
11,331
34,272
7,344
7,383
21,162
7,17
7,136
36,244
7,418
7,615
23,463
36,283
7,545
7,496
10,86
7,291
11,236
9,41
21,320
21,90
31,168
23,257
7,377
7,1
11,112
7,29
9,263
7,116
9,177
7,47
23,475
24,121
7,327
7,216
30,55
7,448
23,308
24,332
23,137
7,206
9,10
10,592
9,457
7,199
7,317
24,107
7,164
9,369
23,249
24,404
7,106
7,248
7,306
23,378
7,373
7,737
7,685
23,405
7,125
7,458
7,421
7,626
7,22
7,262
10,408
7,93
7,340
7,123
23,476
23,518
7,333
7,75
7,92
24,175
7,683
7,229
30,25
7,104
7,40
7,24
7,718
7,51
7,101
7,464
7,569
11,666
7,610
7,574
7,639
7,675
7,625
24,632
7,221
9,73
7,730
11,726
7,676
7,115
36,682
36,691
36,472
7,736
7,596
7,583
7,577
34,500
36,611
7,612
7,252
7,201
11,30
7,21
7,19
7,89
7,91
7,209
7,366
7,88
23,281
7,223
7,195
36,307
7,118
6,68
7,35
11,328
7,38
7,379
7,50
10,194
11,256
11,80
36,288
7,139
7,298
36,193
7,304
7,357
7,85
7,44
7,143
7,27
24,95
7,407
7,278
7,445
11,584
24,364
7,365
7,253
24,67
36,446
7,152
7,208
7,110
23,335
24,431
21,376
7,310
7,42
7,346
7,172
7,165
36,381
7,156
23,240
7,231
7,371
36,135
24,72
7,113
7,167
7,217
7,18
7,15
7,186
7,169
7,144
11,48
7,34
23,207
7,2
36,84
24,267
24,246
24,393
7,243
35,299
23,414
7,8
7,83
7,3
7,351
7,63
7,179
7,352
7,57
7,81
24,108
24,202
7,503
7,411
7,402
7,154
7,264
24,461
7,204
7,133
7,312
23,447
7,49
7,296
24,213
36,235
7,122
7,284
7,355
7,174
34,190
7,347
7,39
7,260
7,214
7,62
7,210
7,134
36,87
7,77
7,250
7,79
7,130
7,20
7,117
7,97
9,254
7,131
36,180
7,159
7,419
24,54
7,94
7,98
7,53
7,255
7,71
7,158
7,176
7,275
24,397
24,228
7,150
36,723
7,548
7,76
36,527
24,706
24,438
7,562
24,732
7,66
36,78
7,725
36,578
7,703
24,410
7,434
7,707
36,694
7,349
7,705
7,533
7,719
7,417
7,689
7,220
7,399
36,729
7,559
36,155
36,678
36,302
7,687
7,358
7,609
7,526
7,273
7,681
7,653
7,525
7,212
7,640
24,595
36,69
7,590
7,99
7,14
36,663
7,232
36,305
24,614
7,301
7,151
36,391
24,285
7,532
36,428
7,645
7,269
7,163
24,171
24,282
