3,89
4,112
5,33
1,49
5,80
1,113
6,41
1,120
1,65
6,81
7,168
1,67
4,76
1,29
5,189
1,104
6,122
2,75
5,23
5,87
6,121
5,96
5,82
1,28
5,140
5,92
5,117
5,272
5,50
6,102
5,148
6,107
5,68
5,162
5,85
6,56
6,98
2,97
1,60
5,146
5,161
5,22
5,235
6,84
5,20
5,95
5,201
6,42
5,79
5,101
6,70
6,69
6,105
6,58
5,78
5,200
5,55
5,115
5,40
5,88
5,209
5,57
5,114
6,34
5,156
5,77
5,47
5,27
5,91
5,93
5,190
1,63
4,45
5,240
5,138
5,66
5,171
5,26
5,46
5,61
5,31
5,90
6,35
5,15
5,59
4,25
5,232
5,271
5,62
5,19
5,71
5,268
5,244
4,247
5,175
5,264
5,133
5,109
1,43
6,127
5,248
5,249
6,254
5,198
5,221
5,218
5,181
6,158
5,233
5,74
6,5
5,106
5,110
5,126
5,267
1,257
5,3
4,94
4,170
5,119
5,183
5,216
6,178
6,202
6,179
5,172
5,2
1,212
6,224
6,118
6,180
6,13
5,73
6,86
3,261
6,30
6,225
5,160
6,154
5,103
3,228
1,37
6,217
6,124
2,153
5,111
6,182
5,83
6,108
1,166
6,32
6,197
6,184
6,164
3,125
5,53
6,36
5,208
6,152
6,236
5,177
5,203
6,219
6,130
3,129
6,187
6,196
5,48
6,173
4,193
5,100
4,17
6,137
3,252
5,147
6,139
6,195
4,151
4,64
4,207
5,188
6,222
4,215
6,234
6,205
2,143
6,211
6,21
5,51
5,54
2,157
1,131
6,255
6,256
6,223
6,134
6,144
5,231
6,199
5,176
5,220
4,270
6,149
6,185
6,210
1,136
6,260
6,167
5,259
6,123
6,262
4,194
2,52
6,214
6,241
4,132
6,204
5,237
6,44
6,169
5,229
6,159
6,10
4,163
6,7
1,239
6,243
6,269
6,266
2,227
6,186
5,145
5,238
6,213
5,191
6,245
6,18
2,38
6,258
5,250
6,230
2,242
6,251
5,246
2,141
2,135
5,165
5,174
5,253
2,265
2,155
6,273
3,1
5,150
6,142
6,192
5,72
2,4
6,9
6,128
4,263
6,206
1,14
5,24
3,226
6,12
5,99
5,116
6,39
6,16
5,8
5,6
3,11
