4,1288
3,1285
3,1229
4,1254
1,1294
4,1290
3,1302
4,1153
3,1242
3,1262
3,1292
3,1102
3,282
3,1185
4,1240
4,998
3,1197
3,1238
4,1300
4,1168
3,1174
3,1187
3,1303
4,1299
3,1210
3,1272
4,1280
1,645
3,1247
1,1271
3,1054
3,1037
3,238
3,613
4,670
4,1156
3,823
3,1189
4,1255
3,757
3,1276
4,1230
4,1307
1,1172
3,946
3,621
3,434
1,913
4,1219
3,685
1,860
3,1209
3,365
3,682
3,1148
3,956
4,1281
4,995
1,509
1,1109
3,636
3,1047
3,540
3,563
3,958
3,438
4,1184
4,405
4,651
3,1231
3,825
4,1139
3,528
3,1146
3,1186
3,1118
4,1092
3,845
3,925
1,1235
3,1130
4,1308
4,1261
3,1068
1,1074
3,700
3,1016
3,619
3,1266
4,921
3,982
4,1232
1,399
3,1076
3,417
1,1282
3,1151
1,1226
3,1287
3,853
4,1142
4,1049
4,379
4,288
3,1056
3,859
1,826
4,794
3,809
3,1190
3,1245
3,915
1,1160
3,1183
4,1202
3,666
4,591
4,1066
3,1220
1,353
4,467
4,616
1,635
3,862
1,833
4,800
3,485
3,1297
4,1257
3,1286
3,1234
1,1104
4,1162
1,1128
4,1216
1,691
1,751
4,448
3,964
3,708
1,866
1,1127
3,1144
2,1256
1,492
1,950
3,1199
3,1289
1,1295
1,1233
3,1277
1,1030
1,469
3,916
1,1205
1,941
1,1243
3,1225
1,345
3,1133
1,999
3,1081
3,1175
3,1293
1,1129
1,626
4,428
3,1201
1,1196
1,1070
1,1181
1,1284
4,1112
1,1131
3,502
3,1006
1,721
1,1000
3,1071
1,819
1,716
1,1055
3,962
4,1249
1,1052
3,1171
1,817
1,1214
3,1163
1,1032
1,326
1,1244
1,1122
1,799
3,523
1,877
1,697
3,1221
3,991
1,840
3,1173
3,1008
1,987
1,850
3,609
1,1278
1,1304
1,1157
4,949
1,801
1,1027
1,1119
1,1192
1,1105
1,1134
3,954
3,740
1,1028
4,977
1,679
1,899
1,208
1,297
3,906
1,805
1,765
1,934
1,1298
1,1296
3,1283
1,1301
1,1218
1,1228
1,544
1,161
1,1269
1,404
1,1018
3,886
4,611
1,443
1,959
1,1085
1,253
1,667
1,473
1,450
3,695
1,402
2,287
1,378
1,994
1,856
1,764
1,1087
1,1200
3,974
1,1147
1,930
1,631
1,1136
1,503
1,989
1,1023
1,815
1,1079
1,565
1,696
1,1152
4,975
1,1115
4,615
1,213
1,923
1,1050
1,395
1,1126
1,846
1,649
1,795
1,888
1,488
1,658
1,955
1,1239
1,1159
1,430
1,790
1,785
1,908
1,1241
1,383
1,1179
4,1188
1,1265
1,1258
1,984
1,1259
3,966
1,1203
1,706
3,1215
1,358
1,420
1,269
1,1043
1,919
1,1260
1,842
1,1044
1,654
1,407
1,1161
1,1072
1,331
1,185
1,477
1,394
3,910
1,603
3,396
1,624
1,577
1,735
1,699
1,980
1,914
1,607
1,971
1,324
1,836
1,944
1,802
1,755
1,928
1,715
3,1264
1,907
1,876
1,376
1,347
1,789
1,644
1,262
1,855
1,1154
1,705
1,1208
1,496
3,804
1,546
1,837
1,472
1,986
1,922
1,191
1,527
1,869
1,1073
1,236
1,254
1,759
1,973
1,320
1,357
1,549
1,798
1,863
1,676
1,532
1,316
1,444
1,895
3,838
1,688
1,243
1,662
1,366
1,988
1,215
1,1213
1,196
1,743
1,811
1,929
1,1123
1,1251
1,1270
1,604
1,981
1,722
1,963
1,1064
1,589
1,612
1,260
1,879
1,766
1,709
1,848
1,871
1,359
3,704
1,1167
1,1275
1,285
1,873
1,717
1,841
1,887
1,844
1,750
1,573
1,1077
1,538
1,812
1,931
1,594
1,1042
1,961
1,1057
1,336
1,632
1,249
1,574
1,1108
1,672
1,690
1,281
1,517
1,1021
1,1113
1,1191
1,1031
1,227
1,657
1,470
1,880
1,550
1,1083
1,1060
1,1194
1,1029
1,481
1,633
1,306
1,322
1,211
1,200
1,233
1,997
1,720
1,882
1,872
1,454
1,1124
4,663
1,1125
1,386
1,1279
1,978
1,1088
1,1141
1,453
1,1069
1,1250
1,380
1,1114
1,990
1,421
1,835
1,414
1,768
1,425
1,1246
1,1204
1,828
1,427
1,409
1,293
1,1001
1,460
1,356
1,1022
1,1003
3,993
4,1039
1,489
1,1010
1,520
1,796
1,329
3,1035
1,936
1,1099
1,767
1,983
1,318
1,729
1,397
1,752
1,687
1,1166
1,596
1,665
1,1121
1,1143
1,1075
1,1004
1,948
1,511
1,683
1,255
1,436
1,373
1,889
1,1135
1,480
1,821
1,622
4,728
1,416
1,967
1,1007
1,553
1,385
1,985
1,992
1,661
1,308
1,924
1,1116
1,797
1,733
1,564
1,774
1,1101
1,1176
1,419
1,222
1,300
1,363
1,898
1,338
1,829
1,507
1,1094
3,1137
1,933
1,599
3,937
1,656
1,461
1,225
1,491
1,277
1,1082
1,1045
1,874
1,1117
1,839
1,583
1,598
1,263
1,458
1,452
1,852
1,832
2,465
1,1053
1,957
1,1089
1,1149
1,335
1,951
3,769
1,431
1,814
3,782
1,349
1,433
1,628
1,266
3,398
1,142
1,157
1,680
1,593
1,432
1,555
1,343
1,578
1,568
1,515
1,572
1,466
1,439
1,793
1,206
1,543
1,271
1,435
1,370
1,242
1,235
1,352
1,602
1,518
1,557
1,146
1,938
1,451
1,884
3,508
1,495
1,777
1,423
1,671
1,120
1,145
1,762
1,745
1,711
1,702
1,810
1,1120
1,1046
1,1274
3,585
2,442
1,625
1,710
1,181
1,367
1,1180
1,787
1,1267
1,707
1,426
1,854
1,1019
1,415
1,581
1,535
1,344
1,1236
1,446
1,664
1,668
2,960
1,818
1,311
1,784
1,1038
1,1017
1,917
1,1111
1,1103
1,1252
1,552
1,542
1,1065
1,834
1,1150
1,1106
1,736
1,1014
1,703
1,808
1,422
1,355
1,806
1,424
1,1158
1,1237
1,516
1,279
1,510
1,659
1,410
1,412
1,501
1,223
1,372
1,524
1,459
1,342
1,730
1,878
1,497
1,827
1,1012
1,561
1,1227
1,234
1,533
1,483
1,783
1,776
1,1090
1,1178
1,775
1,259
1,870
1,830
1,570
1,713
1,327
1,1061
1,996
1,1140
1,885
1,881
1,362
1,559
1,674
1,820
1,911
1,935
1,901
1,1212
1,970
1,280
3,1051
1,525
1,1211
1,1005
1,296
1,354
1,478
1,246
1,900
1,113
1,560
1,303
1,732
1,307
1,231
1,455
1,731
1,861
4,726
1,1020
1,788
1,1198
1,298
1,779
1,610
1,953
1,851
1,1011
1,479
1,1132
1,725
1,675
3,447
1,741
1,896
1,1086
1,150
1,237
1,401
1,531
1,512
1,694
1,268
1,361
1,244
1,494
1,382
1,325
1,608
1,1033
1,539
1,332
1,758
1,292
1,218
1,229
1,152
1,718
1,575
1,723
1,673
1,772
1,341
1,681
1,927
1,778
1,754
1,1067
1,1138
1,1059
1,647
1,413
1,567
1,232
1,822
1,920
1,791
1,1080
1,351
1,639
1,744
1,623
1,945
1,640
1,1025
1,875
1,334
1,617
1,348
1,712
1,317
1,556
1,1096
1,1110
1,1155
1,698
1,943
1,952
1,1002
1,387
1,883
1,1036
1,865
1,734
1,1164
1,748
1,1058
1,212
1,660
1,1224
1,475
1,456
1,346
1,701
1,780
1,390
1,267
1,595
1,505
1,641
1,605
1,600
1,597
1,286
1,646
1,500
1,620
1,965
1,193
1,289
1,388
1,562
1,643
1,807
1,771
1,739
1,669
1,763
1,571
1,693
3,918
1,530
1,304
1,381
1,498
1,278
1,137
1,868
1,727
1,677
1,369
1,590
1,947
1,197
1,159
1,642
1,537
1,847
1,686
1,894
1,592
1,714
1,513
1,514
1,295
1,174
2,1024
1,1026
1,968
1,719
1,283
1,265
1,339
1,761
1,309
1,749
1,738
1,153
1,411
4,313
1,892
1,566
1,134
1,781
1,301
1,258
1,226
1,241
1,652
1,857
1,123
1,1009
1,178
1,59
1,476
1,1040
1,391
1,93
1,190
1,330
1,1177
1,891
1,471
1,172
1,1182
1,792
1,221
1,692
1,1195
1,1034
1,291
1,770
1,678
1,1098
1,773
4,1015
1,909
1,554
3,547
1,1100
1,449
1,932
1,586
1,526
1,482
1,429
1,1165
1,207
1,315
1,418
1,979
1,580
1,558
1,653
1,905
1,601
1,490
1,210
1,545
1,276
1,1091
1,393
1,171
1,831
1,522
1,333
1,816
1,893
3,541
1,389
1,618
1,536
2,684
1,824
1,484
1,637
1,867
1,519
1,323
1,360
1,474
1,1248
1,228
1,310
1,182
1,529
1,849
1,813
1,588
1,926
1,499
1,305
1,843
1,1169
1,441
1,368
1,194
1,655
1,437
1,1084
1,290
1,753
1,340
1,912
1,141
1,256
1,1253
1,1305
1,1291
4,1306
1,274
1,400
1,204
1,273
1,468
1,638
1,445
1,904
1,786
1,384
1,803
1,314
1,689
1,737
1,760
1,408
1,364
1,534
1,187
1,902
1,747
1,1041
1,587
1,275
1,1063
1,634
1,746
1,464
1,1273
1,440
1,247
1,462
1,406
1,582
3,169
1,858
1,1097
1,245
1,1268
1,1223
1,1062
1,252
1,220
1,132
1,940
1,149
1,463
1,969
1,506
1,1217
1,261
1,96
1,156
1,328
1,155
1,60
1,30
1,5
1,51
1,80
1,180
1,98
1,166
1,44
1,28
1,85
1,48
1,392
1,170
1,136
1,606
1,1312
1,1309
1,1310
1,1316
1,1314
1,1315
1,1313
1,1319
4,1318
1,125
3,504
1,371
1,648
1,627
1,165
1,897
1,107
1,188
1,1078
1,375
1,264
1,284
3,214
1,1193
1,1206
1,1263
1,312
1,192
1,203
1,177
1,377
1,251
1,976
1,630
1,144
1,250
1,890
1,650
1,569
1,199
1,202
1,201
1,164
1,50
1,205
1,95
1,576
1,579
1,1207
1,124
1,614
1,175
1,139
1,374
1,52
1,23
1,13
1,65
1,756
1,61
3,84
1,109
1,162
1,54
1,14
1,7
1,1325
1,25
1,47
1,76
1,34
1,319
1,1170
1,186
1,128
1,148
1,493
1,112
1,32
1,403
1,195
1,33
1,127
1,1330
1,22
3,45
1,1321
1,3
1,29
1,119
1,176
1,299
1,147
1,63
1,548
1,183
1,217
1,198
1,111
1,37
1,55
1,75
1,73
1,41
1,38
1,1335
1,1320
1,189
1,66
1,1329
1,86
1,143
1,2
1,12
1,26
1,163
1,79
1,91
1,106
1,31
1,18
1,62
3,40
1,230
1,78
1,151
1,64
1,89
1,74
1,629
1,584
1,1327
1,1328
1,100
1,116
1,53
1,140
4,71
1,158
1,1107
1,239
1,56
1,88
1,724
1,302
1,94
1,337
1,11
1,1334
1,1324
1,99
1,114
1,10
1,9
1,21
1,1331
1,70
1,154
1,110
1,87
1,17
1,224
1,168
1,486
1,321
1,551
1,1145
1,179
1,248
1,257
1,81
1,1095
1,160
1,864
1,350
1,130
1,46
1,942
1,131
1,97
1,972
1,1048
1,216
1,105
1,939
1,272
1,209
1,487
1,270
1,103
1,138
1,36
1,49
1,1311
1,69
1,57
1,101
1,219
1,77
1,72
1,121
1,35
1,122
1,19
1,457
1,294
1,24
1,115
1,104
1,126
1,68
1,742
1,129
1,20
1,15
1,1333
1,90
1,1323
1,58
1,1326
1,1336
1,1
1,1093
1,521
1,16
1,108
4,43
1,42
1,173
1,133
1,4
1,240
4,135
1,118
1,82
3,92
3,1332
4,1222
4,1013
3,39
3,67
4,6
3,27
3,1317
3,903
3,1322
3,102
4,8
4,117
3,167
3,83
4,184
