104,753
103,746
111,76
64,762
79,775
107,512
88,668
130,486
77,706
102,696
163,758
153,699
25,780
74,260
25,711
85,691
40,499
74,796
123,45
130,130
25,206
62,89
56,669
189,632
153,735
90,703
137,724
144,790
64,756
149,782
38,754
67,169
5,777
25,716
132,759
178,761
60,123
6,755
76,774
61,663
99,661
106,788
127,583
83,511
140,739
54,694
37,577
66,690
185,606
23,752
65,767
96,747
195,685
62,383
153,766
52,63
75,713
9,468
77,127
124,679
110,741
37,750
140,672
50,619
143,727
195,742
58,693
46,722
129,717
191,714
112,528
43,504
161,608
54,660
57,510
140,605
145,698
41,728
97,634
108,635
156,526
1,574
108,502
24,417
127,372
181,537
187,473
108,432
140,544
47,282
93,589
93,337
46,557
124,224
124,710
40,721
61,626
131,385
134,529
163,405
121,395
115,426
170,617
77,595
143,671
29,552
119,515
153,666
22,667
194,551
21,615
124,603
88,683
84,522
25,569
56,680
195,505
46,627
64,516
48,723
116,686
167,466
140,719
15,725
165,689
110,637
140,564
114,568
89,286
140,306
75,464
75,453
186,436
152,313
75,28
102,329
96,77
100,218
163,268
165,494
163,440
163,514
172,449
112,769
91,378
94,65
92,783
164,598
24,700
88,625
161,720
158,654
118,662
110,452
133,597
55,256
99,438
117,105
36,240
196,673
54,590
171,612
105,638
122,533
18,622
193,565
123,563
172,664
140,506
11,670
93,692
96,675
159,348
149,541
121,381
167,459
45,584
113,618
74,548
25,546
188,650
4,384
124,408
99,358
91,312
49,779
26,27
184,642
122,718
95,441
126,740
152,592
173,300
171,518
131,227
151,211
128,628
152,213
2,99
34,443
130,639
6,677
4,35
194,155
171,392
140,195
171,98
172,174
33,30
73,462
136,237
163,393
134,422
130,226
122,542
51,298
26,376
145,294
158,305
78,580
182,198
82,331
82,336
141,134
128,192
150,315
136,196
182,682
118,540
153,591
80,148
105,391
79,271
177,547
183,567
25,653
149,704
124,418
120,280
143,630
176,415
90,463
9,687
83,594
163,357
130,360
188,434
170,550
49,629
44,536
25,490
96,368
81,140
102,520
59,125
143,302
94,458
194,11
107,100
140,517
64,141
25,343
77,480
82,308
88,325
111,461
44,245
145,623
185,531
41,364
164,497
114,521
39,534
126,684
74,460
7,601
86,620
35,543
153,715
164,139
170,420
141,212
72,142
76,610
73,651
144,586
15,151
109,425
63,423
25,508
190,73
129,401
117,347
147,539
128,498
108,399
124,561
147,538
176,640
135,621
171,487
165,475
95,649
95,562
147,575
144,571
169,611
163,316
100,648
44,633
194,712
138,442
144,613
94,407
151,350
166,409
128,554
47,410
31,489
11,122
28,176
12,448
156,607
108,501
163,695
53,614
194,532
159,446
144,560
176,301
152,194
153,205
67,207
54,162
171,582
152,335
141,168
22,143
108,208
9,369
176,103
125,588
163,573
169,397
194,281
188,555
161,248
143,307
72,344
167,108
20,25
19,332
47,279
19,362
20,230
124,55
164,12
138,363
158,530
165,323
44,81
153,373
154,513
163,545
119,328
104,527
87,173
165,375
170,152
175,394
42,219
140,359
157,604
85,479
158,341
147,587
118,299
143,330
33,241
119,234
143,370
98,471
140,600
138,503
141,412
3,636
15,467
15,658
15,674
17,193
164,470
131,36
148,8
158,201
142,20
119,246
170,214
82,69
162,435
13,292
161,437
62,295
8,225
44,197
141,317
16,238
167,356
138,112
167,94
167,297
120,60
173,95
193,183
91,342
164,43
16,85
140,191
164,274
65,215
163,189
197,164
148,175
161,101
193,19
161,167
142,411
26,239
15,760
194,652
44,86
9,396
141,365
20,380
165,107
129,229
144,153
128,377
143,158
113,456
145,293
135,483
166,137
134,172
10,252
26,52
168,190
183,304
167,303
145,257
18,314
80,146
143,171
144,92
26,91
71,382
117,79
10,414
163,185
146,145
163,147
163,265
149,113
164,150
144,7
17,129
144,242
173,26
140,138
194,309
174,477
175,157
195,184
141,41
3,10
166,136
7,254
101,2
35,126
160,154
163,61
70,266
15,3
117,144
194,71
15,128
140,272
166,439
30,178
167,121
165,102
15,643
15,339
26,324
145,83
106,80
12,88
163,296
162,288
140,259
194,6
168,42
140,495
173,232
140,163
144,1
143,366
8,4
161,261
32,29
140,119
140,519
140,289
159,419
145,51
144,48
144,402
163,22
135,54
63,40
165,97
163,333
144,32
49,578
25,602
15,131
140,135
159,57
140,132
141,18
155,14
163,179
168,275
143,349
163,283
26,455
165,481
140,285
166,210
161,59
164,104
143,9
150,263
163,39
141,284
159,220
139,5
164,233
139,264
15,223
165,222
144,398
144,576
15,451
167,231
170,253
85,374
141,16
14,556
9,277
168,367
166,244
166,44
143,114
144,353
143,318
26,90
164,120
144,186
144,523
15,249
166,118
195,68
170,93
140,64
166,404
80,267
140,250
68,310
15,361
152,430
15,177
171,72
140,371
139,78
26,270
161,273
176,31
170,47
141,62
143,17
164,96
135,161
194,74
164,334
144,46
15,156
143,116
143,23
15,75
175,56
163,216
69,326
144,255
160,67
140,37
140,478
168,278
140,159
10,209
161,379
166,200
143,509
166,319
168,235
144,447
194,221
144,228
139,188
140,702
163,49
166,269
143,133
163,87
15,428
143,688
141,581
144,596
136,389
165,655
164,553
194,599
140,549
166,641
140,570
140,124
173,646
144,579
143,388
132,676
166,624
15,678
137,705
108,287
194,482
192,387
15,525
195,491
166,492
166,485
139,558
161,400
179,406
164,416
143,390
15,465
26,665
26,450
173,165
24,322
140,496
140,320
143,170
140,354
143,352
17,431
144,58
144,243
140,340
140,559
143,444
144,609
140,457
143,403
173,507
143,276
15,476
132,38
15,202
140,351
144,355
193,433
164,111
144,109
163,338
140,50
144,182
164,203
15,33
144,386
140,474
140,795
143,701
140,781
140,262
168,792
140,794
24,793
140,770
140,290
143,115
25,524
184,34
140,13
164,21
15,15
140,708
194,797
25,737
25,736
141,180
140,786
166,773
140,745
140,771
163,734
140,709
140,731
137,772
144,251
143,743
141,236
140,748
144,749
140,798
144,787
194,445
140,187
140,217
194,732
194,493
25,566
26,657
194,656
25,454
140,427
25,585
25,535
194,659
140,697
135,149
140,84
140,789
25,321
27,744
25,488
140,106
140,199
26,82
26,751
140,429
194,616
140,785
140,593
140,778
140,469
140,765
193,484
140,738
140,204
180,311
140,733
140,726
195,327
193,729
194,345
140,258
140,730
194,707
143,631
25,768
25,500
25,644
25,791
140,110
140,681
195,166
140,764
194,424
137,757
140,413
25,647
140,784
143,472
195,763
194,776
25,572
26,66
140,53
24,117
140,645
194,70
25,247
25,346
25,181
25,24
140,291
25,421
26,160
