7,712
7,728
7,737
10,724
7,701
7,600
23,618
7,508
7,646
7,654
7,656
7,505
7,719
7,739
7,643
7,669
7,664
7,504
23,686
7,616
7,729
7,677
23,596
7,633
23,734
22,718
7,715
7,723
7,702
23,545
7,685
7,671
7,722
10,571
7,406
7,720
7,512
7,756
7,735
23,727
7,370
7,546
7,364
7,427
7,621
23,564
7,351
7,521
9,632
7,732
23,687
7,659
4,526
7,604
7,731
8,705
3,615
7,601
9,506
7,672
7,714
7,611
7,644
23,708
23,479
7,648
7,559
7,588
7,547
23,710
7,667
7,581
7,469
7,553
7,647
23,636
7,638
7,562
7,688
7,585
23,520
7,262
7,630
7,560
7,613
7,419
7,699
7,476
7,590
7,456
7,529
7,570
7,623
9,662
7,272
7,401
7,524
22,403
3,609
23,321
7,346
7,649
7,645
7,386
7,368
7,661
7,652
8,706
7,461
34,284
7,625
23,550
5,586
23,670
7,634
7,610
7,703
1,543
10,683
21,352
7,721
23,568
23,363
7,208
7,535
33,541
7,379
23,497
5,418
14,528
7,444
21,640
7,695
7,607
7,655
7,591
25,680
7,573
7,673
20,696
17,593
37,400
5,709
7,658
1,657
7,540
7,446
7,393
30,319
25,453
7,660
23,438
7,462
25,507
15,744
12,675
7,287
2,264
7,192
2,484
7,679
25,347
7,460
5,605
7,390
25,382
11,405
7,236
7,454
2,578
2,247
23,488
21,378
13,522
25,407
25,425
25,502
7,330
23,373
25,276
25,483
25,285
7,274
25,435
25,491
7,249
7,415
25,515
25,441
7,514
29,374
25,486
25,327
34,381
25,377
25,487
25,429
25,574
28,542
25,463
25,525
25,450
25,455
7,493
7,220
25,238
25,320
25,243
25,413
7,387
25,316
25,354
25,443
23,492
19,397
7,189
2,412
23,150
35,404
25,248
25,537
7,241
25,385
25,299
25,211
9,408
25,232
25,306
25,430
25,464
25,577
25,494
6,567
7,258
25,384
25,255
25,627
25,235
25,270
25,181
25,177
25,532
25,594
25,608
2,421
7,296
25,383
25,694
25,414
2,503
25,411
25,556
25,442
25,513
25,361
25,642
31,209
25,329
25,348
25,325
25,475
25,227
25,449
25,283
25,436
25,307
25,239
25,162
25,266
25,434
27,212
25,297
25,196
25,184
25,301
25,223
25,345
25,259
25,500
25,197
16,490
25,579
25,554
25,392
25,641
25,576
25,480
25,228
25,290
25,288
25,253
34,372
25,440
25,350
25,225
25,375
25,252
25,278
25,176
25,598
25,575
25,395
18,626
25,472
25,416
25,231
25,206
25,595
25,240
26,628
25,561
25,268
25,582
7,277
25,275
25,154
25,201
25,603
25,185
25,750
25,747
25,755
25,745
25,758
25,653
25,760
25,757
25,753
25,742
25,748
25,752
25,746
25,749
25,751
23,743
25,761
7,523
25,552
7,527
25,467
25,332
25,549
25,451
25,530
25,353
25,366
25,221
25,359
25,256
25,322
25,555
25,254
25,280
25,202
25,485
7,291
25,237
36,355
25,300
25,424
25,340
25,519
25,580
25,459
25,389
25,614
25,282
25,544
34,265
25,433
1,380
25,289
25,589
25,305
25,439
25,651
25,311
25,309
25,637
25,639
25,445
25,224
25,668
25,344
25,597
25,587
25,251
25,207
25,315
25,230
25,631
25,195
25,312
25,295
25,698
7,516
25,388
25,313
25,612
25,399
25,509
25,563
25,367
25,583
25,557
25,409
25,716
25,398
25,394
25,622
25,432
25,437
25,465
25,635
25,458
25,410
32,293
25,468
25,539
7,267
25,334
36,349
25,343
25,362
25,428
34,606
25,338
25,302
25,260
25,242
32,357
25,308
25,342
25,518
25,717
25,331
25,182
25,175
25,279
25,261
25,365
25,689
25,510
25,551
25,423
25,304
23,326
25,318
25,726
25,697
25,269
25,681
25,707
25,317
25,617
25,693
2,692
25,629
25,725
25,730
25,676
25,496
25,323
25,666
25,736
25,691
25,733
25,569
25,682
25,665
25,489
25,538
23,548
7,402
25,599
25,481
34,263
36,452
25,572
25,482
25,584
25,558
25,498
25,213
25,501
25,200
25,391
25,376
25,624
25,704
25,324
25,678
25,273
25,360
2,180
25,470
25,690
25,198
34,333
25,740
25,466
25,471
25,328
25,294
25,188
25,286
25,448
25,203
25,193
25,244
7,592
25,684
25,565
25,663
25,536
25,298
7,137
25,336
25,341
25,166
25,229
25,310
25,271
25,199
25,763
25,764
25,754
25,149
25,191
25,257
7,194
25,499
33,110
7,292
25,426
25,369
25,477
25,602
25,219
25,422
25,478
25,358
25,142
25,711
25,533
25,126
25,431
25,417
25,64
25,112
25,172
25,65
25,114
25,25
25,218
25,81
25,741
25,122
25,23
25,46
25,152
25,566
25,30
25,70
25,123
23,179
25,76
25,100
25,7
25,214
25,128
25,473
25,447
25,335
25,650
25,19
25,51
25,770
25,40
25,98
25,26
25,173
25,132
25,120
25,700
25,738
25,303
25,215
25,155
25,713
25,281
25,141
25,140
25,5
25,79
25,15
25,115
25,337
25,420
25,54
25,127
34,102
25,31
25,69
25,517
25,67
25,216
25,8
25,33
25,74
25,29
25,55
25,14
25,89
25,32
25,84
25,28
25,72
9,1
7,47
25,3
25,41
25,97
25,90
25,6
25,39
25,133
25,82
25,762
25,11
25,27
25,21
25,125
25,765
25,44
25,769
25,43
25,768
25,135
25,183
25,190
25,68
25,161
25,159
25,124
25,92
25,234
25,168
25,246
23,147
25,531
25,134
25,66
25,153
25,106
25,60
25,77
25,20
25,22
25,2
25,10
25,93
25,45
25,109
25,101
25,78
25,131
25,58
25,157
25,144
25,24
25,103
25,35
1,146
25,62
25,48
25,18
25,767
25,13
25,87
25,36
25,17
25,37
25,63
25,83
25,9
25,16
25,42
25,136
25,766
25,339
25,205
25,71
25,396
25,178
25,52
25,222
25,356
25,116
18,107
25,474
25,96
25,511
25,534
25,314
25,204
25,138
25,91
25,151
25,50
37,139
25,148
15,88
25,38
25,111
25,80
25,86
25,210
25,61
25,12
25,117
25,73
25,186
25,75
25,620
25,105
25,165
25,85
25,104
25,187
25,163
25,121
25,95
25,169
25,108
25,56
25,143
18,164
25,113
25,129
23,233
25,226
25,759
25,619
25,94
25,59
25,49
25,119
25,34
25,4
25,160
25,250
25,495
24,158
25,245
25,457
25,171
25,217
9,170
25,57
25,99
7,53
24,674
24,371
7,145
7,118
7,167
7,174
7,156
23,130
