1,825
21,1225
27,1247
27,1178
1,1182
21,1177
21,1222
1,996
1,1236
21,1239
27,1061
27,546
21,1097
21,1246
1,1112
1,856
1,1055
21,1185
21,1244
21,1046
21,1167
21,446
1,971
21,1229
1,1232
21,1224
1,987
1,1206
27,1184
21,520
1,1253
1,1179
1,968
21,1252
1,1077
21,1238
1,932
27,1191
27,1176
1,1085
21,619
21,988
21,913
27,1139
1,1140
21,1205
27,568
21,1223
1,1022
27,1148
27,414
1,776
21,670
27,1218
21,1168
27,1133
21,1195
27,667
27,804
1,623
27,964
21,1128
25,1159
1,632
1,865
1,783
27,586
21,843
27,1157
1,976
22,979
1,1033
20,1111
21,949
1,947
22,871
21,755
21,1132
27,516
1,502
22,322
1,1102
9,1180
21,901
21,937
22,848
21,1221
21,391
27,889
21,1203
25,1153
22,1169
21,535
21,1090
21,739
1,874
27,867
1,982
1,744
27,759
21,1149
1,407
21,1110
21,1109
1,1240
27,955
1,462
1,1227
1,727
21,558
4,1065
27,1219
22,1213
1,1135
21,1151
21,1241
1,615
22,1141
1,607
21,1173
1,270
22,752
26,765
22,1114
6,1188
1,767
1,894
25,594
1,1198
1,842
21,296
21,832
1,970
4,823
22,641
1,1142
21,785
22,773
22,725
22,1129
21,421
5,1117
1,1175
22,1234
1,1200
22,1230
1,1040
22,1212
27,1174
1,521
21,926
22,669
27,868
21,251
22,1171
22,1158
1,1120
22,466
21,927
1,675
1,552
7,940
27,792
1,1093
1,1044
1,455
1,571
21,981
22,953
12,510
5,1197
1,1030
22,1025
22,1026
1,1087
22,935
1,345
1,1215
10,529
22,1056
22,898
22,777
1,365
22,1201
6,1242
1,1235
1,951
27,756
22,797
21,610
21,1143
22,341
21,748
22,651
1,816
22,980
22,808
22,719
22,423
1,908
22,1125
22,1154
22,896
22,966
22,303
10,880
22,628
1,318
22,1181
1,1095
1,1138
22,872
22,1013
22,1192
22,1237
27,499
21,914
22,1243
21,794
22,1051
22,1103
1,1052
27,531
22,828
22,1163
22,1152
18,604
4,1228
4,385
3,1122
22,509
22,1194
27,1189
22,1116
11,1131
16,663
1,668
22,775
15,681
22,1001
23,995
22,1210
22,830
21,1127
22,1170
2,905
22,1130
22,1211
17,1078
22,409
22,1084
17,977
19,271
22,638
27,873
22,393
22,1193
22,1119
5,1092
22,672
21,699
22,403
6,892
22,1164
22,1049
4,1012
13,1249
22,1006
22,938
22,761
22,969
22,847
22,350
22,354
15,430
22,406
22,899
14,637
21,1126
22,993
22,1183
22,974
27,386
22,674
1,1144
22,1081
1,989
22,973
22,355
22,572
22,608
22,442
22,213
22,189
22,1220
22,286
1,272
23,513
4,309
21,850
22,508
22,852
22,737
22,944
22,1094
22,434
22,844
22,401
22,357
22,684
22,923
22,612
22,1079
22,702
27,616
22,720
22,500
22,860
22,321
22,791
22,904
22,811
22,717
22,232
22,734
22,1024
22,707
22,424
22,1075
22,729
22,269
22,747
22,602
22,790
1,419
22,538
22,240
22,360
22,362
22,489
22,273
22,329
22,1072
22,460
22,382
22,465
22,812
22,353
22,344
22,786
22,802
22,593
22,855
22,829
22,566
22,963
22,473
22,264
22,1156
22,965
22,554
22,1108
22,1136
22,939
22,408
22,343
22,585
22,447
22,262
22,916
22,936
21,858
22,550
22,439
22,461
4,247
22,644
1,945
22,718
22,486
22,338
22,551
22,664
22,478
22,528
22,577
22,656
22,870
8,1104
4,960
22,284
23,849
22,443
22,1004
22,781
22,250
22,879
22,691
22,763
22,706
22,1039
22,925
22,517
22,714
22,787
22,771
22,1050
22,220
22,890
22,692
22,503
22,1002
22,768
22,622
22,613
22,1123
22,475
22,324
22,745
22,1106
22,437
22,749
22,950
22,1187
22,754
1,713
22,1038
22,545
22,626
22,911
22,328
20,295
22,780
22,640
22,1034
22,203
22,201
17,444
22,441
22,560
22,840
22,857
22,959
22,582
22,736
22,906
22,900
5,511
22,798
22,770
22,1209
22,793
22,313
22,690
22,245
22,339
5,361
12,1003
22,796
22,620
22,415
22,716
22,351
22,288
22,396
22,305
22,789
22,479
22,603
22,530
22,834
22,310
22,555
22,693
22,268
22,910
22,526
22,817
22,1009
22,678
22,864
22,590
27,595
22,564
22,753
22,494
22,553
22,377
22,534
22,533
22,156
22,519
1,962
22,459
22,405
22,598
22,882
22,346
22,1019
22,398
22,512
22,1216
22,676
22,1186
22,639
22,501
22,922
22,1214
22,467
22,1035
22,1199
22,665
22,609
21,575
22,1029
22,983
22,601
1,381
22,199
22,645
22,492
22,930
22,687
22,998
22,347
22,282
22,741
22,1059
22,348
22,801
22,333
22,371
22,686
22,751
22,482
22,778
22,304
22,758
22,624
22,1060
22,184
22,174
22,204
22,562
22,1076
22,1172
22,760
22,319
1,234
22,853
22,942
22,1071
22,231
22,541
22,683
22,374
22,248
22,450
22,671
22,1010
1,573
22,182
22,148
22,1070
22,420
22,611
22,642
22,866
22,1018
22,722
22,402
22,144
22,81
22,158
22,180
22,312
22,334
22,135
22,958
22,515
22,428
22,155
22,113
22,146
22,118
22,139
22,173
22,196
22,138
22,218
22,862
22,1053
22,818
22,655
22,703
22,788
22,440
22,631
22,918
22,588
22,657
22,967
22,694
22,557
28,648
22,1047
22,934
22,306
22,367
22,876
22,505
22,289
22,316
22,984
22,618
22,1005
22,1100
22,454
22,1099
22,723
22,539
22,779
22,715
22,652
22,221
22,277
22,1020
22,799
22,731
22,1226
22,412
22,543
22,281
22,477
22,764
22,1000
22,659
22,294
22,456
22,504
22,822
22,358
22,733
22,851
22,827
22,1115
22,433
22,567
22,302
22,1107
22,366
22,359
22,1037
22,861
22,757
22,1165
22,885
22,774
22,909
22,952
22,330
22,845
22,488
22,1101
22,480
22,730
22,1063
22,709
22,394
22,831
22,742
22,743
22,810
22,915
22,1086
22,1150
22,666
22,524
22,833
22,795
22,819
22,649
22,917
22,507
22,411
22,311
22,416
22,314
22,495
22,474
22,746
22,425
22,1091
22,1096
22,721
22,1098
5,807
4,581
22,1008
22,634
17,711
22,308
22,336
22,895
1,836
22,1088
22,673
22,565
22,1146
22,1067
22,1137
22,946
22,1105
22,1204
22,370
22,451
22,929
22,536
22,893
22,331
22,498
22,547
22,696
22,436
22,682
22,954
22,1054
22,978
22,888
22,704
22,265
22,469
22,679
22,735
22,379
22,726
22,540
5,712
22,375
22,387
22,225
22,293
22,238
22,1048
22,592
22,578
22,903
22,1202
22,661
23,1166
22,383
22,1021
22,496
22,576
22,1155
22,869
22,803
22,327
22,907
22,589
22,1023
22,1162
22,897
22,636
22,491
22,453
22,548
22,468
22,838
22,485
22,732
21,878
22,1124
22,487
22,471
22,1118
22,1042
22,766
22,591
22,580
22,629
22,584
22,991
22,650
22,762
22,826
22,1069
22,912
22,369
22,997
22,606
22,373
22,242
22,332
22,452
22,404
22,902
22,556
22,212
22,859
22,532
22,633
22,990
22,689
22,323
22,214
22,563
22,839
27,256
22,1036
22,1073
22,449
4,1082
1,1031
22,614
22,708
22,527
22,384
22,941
22,400
22,349
22,685
22,846
22,325
22,887
22,627
22,597
22,948
22,646
22,260
22,368
22,291
22,472
22,975
1,740
22,986
17,388
22,630
22,587
22,418
4,884
22,933
22,579
22,806
22,992
22,464
22,92
22,215
22,417
22,202
22,654
22,257
22,399
22,643
22,1217
22,985
22,1017
22,463
22,600
22,1134
22,207
22,972
22,596
22,292
22,635
22,280
22,660
22,337
22,863
22,1043
22,647
22,583
22,1007
22,542
22,700
22,1064
1,490
22,800
22,710
22,1014
22,677
22,569
22,919
22,999
22,470
22,522
22,724
22,617
22,1058
22,784
22,301
22,181
22,924
22,431
22,931
22,883
22,782
22,920
22,680
22,886
22,599
22,653
22,1190
22,422
22,805
22,621
22,1028
22,192
22,881
22,380
22,352
22,891
22,1041
22,525
22,769
22,243
22,875
22,957
22,484
22,658
22,1068
22,326
22,820
22,435
22,1032
22,317
22,276
21,427
22,943
22,290
22,570
22,476
22,320
22,497
22,662
22,410
22,523
22,815
22,824
22,364
22,506
22,274
22,413
22,226
22,395
22,854
22,481
22,169
22,224
22,397
22,209
22,307
22,152
22,71
22,76
14,1290
22,86
22,194
22,688
22,356
4,258
22,544
22,124
22,1062
22,122
22,176
22,429
22,340
22,1207
22,197
22,140
22,537
22,1045
22,1147
22,1089
22,1066
22,342
22,445
22,1080
22,198
22,205
22,363
22,625
22,1208
22,559
22,728
22,574
22,821
22,921
22,1113
22,695
22,254
22,103
1,85
22,219
22,90
22,101
22,168
22,95
22,772
22,78
22,46
22,120
22,137
22,300
22,94
22,372
22,928
22,93
22,151
1,261
22,77
22,55
22,514
23,279
1,131
22,154
22,244
22,217
22,104
22,30
22,10
22,74
22,110
22,88
22,68
1,132
22,57
22,87
22,36
22,116
22,193
22,43
22,1273
22,62
22,1276
22,22
22,1284
22,1277
22,24
22,1279
22,19
22,41
22,7
22,34
22,1298
22,1289
22,48
22,18
22,115
22,21
22,141
22,1283
22,6
22,1278
22,2
25,14
22,159
22,191
22,53
22,84
22,1272
22,190
22,20
22,1297
22,1282
22,1291
22,42
22,1145
22,26
22,13
22,1015
22,392
5,750
22,241
22,298
22,73
22,432
22,1260
22,1255
22,1254
22,1258
5,1259
22,1264
22,1257
22,1261
22,1256
22,1263
22,1262
22,701
22,252
22,438
22,837
22,249
22,227
22,253
22,206
22,179
22,235
22,170
22,458
22,267
22,239
22,275
22,956
22,278
22,236
22,89
22,51
22,61
22,44
22,216
22,283
22,483
22,255
22,47
22,50
22,39
22,153
22,3
1,38
22,69
22,12
22,315
22,11
22,1270
22,54
22,163
22,188
22,223
22,112
22,809
22,67
22,29
22,149
22,58
22,1275
22,106
22,56
22,233
22,97
22,1285
22,1271
22,1286
21,79
22,4
22,59
22,100
22,1299
22,1057
22,1161
22,1268
22,91
22,63
22,1245
22,128
22,123
22,605
22,83
1,389
25,147
22,814
22,178
22,25
22,177
22,70
22,160
22,493
22,164
22,426
22,167
22,33
22,31
22,1274
22,1281
22,166
22,35
22,1266
22,1294
22,60
22,105
22,15
22,107
22,102
22,80
22,1265
22,72
22,8
22,17
22,5
22,23
22,186
22,65
22,1292
22,45
4,1
22,16
22,1295
22,52
22,37
22,1280
22,1296
22,1293
22,1288
22,1267
22,165
22,9
22,1269
22,285
22,195
22,1287
22,187
22,108
22,136
22,49
22,121
22,64
22,161
22,222
22,175
22,1233
22,877
22,994
22,549
22,126
22,183
22,561
22,130
22,119
22,96
5,109
22,28
1,66
22,117
22,27
22,82
22,127
22,75
22,40
22,150
22,208
22,98
22,145
22,143
25,1160
22,211
22,297
5,99
22,1011
5,172
5,32
22,1300
22,378
24,1121
24,287
24,237
24,133
24,200
24,335
24,114
24,518
24,1027
24,705
24,1016
1,210
1,835
1,129
25,157
1,246
27,230
27,1074
21,738
21,1083
1,457
27,259
21,697
21,142
21,1231
21,1250
1,171
1,448
21,1248
21,1251
21,698
27,813
27,1196
1,266
1,841
21,228
22,299
21,111
1,376
1,134
1,961
1,229
1,390
21,125
21,263
27,185
1,162
