3,712
3,728
3,737
3,724
3,701
3,600
12,618
3,508
3,646
3,654
3,656
3,505
3,719
3,739
3,643
3,669
3,664
3,504
12,686
3,616
3,729
3,677
12,596
3,633
12,734
12,718
3,715
3,723
3,702
12,545
3,685
3,671
3,722
3,571
3,406
3,720
3,512
3,756
3,735
12,727
3,370
3,546
3,364
3,427
3,621
12,564
3,351
3,521
3,632
3,732
12,687
3,659
2,526
3,604
3,731
3,705
2,615
3,601
3,506
3,672
3,714
3,611
3,644
12,708
12,479
3,648
3,559
3,588
3,547
12,710
3,667
3,581
3,469
3,553
3,647
12,636
3,638
3,562
3,688
3,585
12,520
3,262
3,630
3,560
3,613
3,419
3,699
3,476
3,590
3,456
3,529
3,570
3,623
3,662
3,272
3,401
3,524
12,403
2,609
12,321
3,346
3,649
3,645
3,386
3,368
3,661
3,652
3,706
3,461
19,284
3,625
12,550
3,586
12,670
3,634
3,610
3,703
1,543
3,683
12,352
3,721
12,568
12,363
3,208
3,535
18,541
3,379
12,497
3,418
6,528
3,444
12,640
3,695
3,607
3,655
3,591
14,680
3,573
3,673
11,696
9,593
19,400
3,709
3,658
1,657
3,540
3,446
3,393
16,319
14,453
3,660
12,438
3,462
14,507
7,744
5,675
3,287
2,264
3,192
2,484
3,679
14,347
3,460
3,605
3,390
14,382
4,405
3,236
3,454
2,578
2,247
12,488
12,378
5,522
14,407
14,425
14,502
3,330
12,373
14,276
14,483
14,285
3,274
14,435
14,491
3,249
3,415
14,515
14,441
3,514
16,374
14,486
14,327
19,381
14,377
14,487
14,429
14,574
15,542
14,463
14,525
14,450
14,455
3,493
3,220
14,238
14,320
14,243
14,413
3,387
14,316
14,354
14,443
12,492
10,397
3,189
2,412
12,150
19,404
14,248
14,537
3,241
14,385
14,299
14,211
3,408
14,232
14,306
14,430
14,464
14,577
14,494
3,567
3,258
14,384
14,255
14,627
14,235
14,270
14,181
14,177
14,532
14,594
14,608
2,421
3,296
14,383
14,694
14,414
2,503
14,411
14,556
14,442
14,513
14,361
14,642
17,209
14,329
14,348
14,325
14,475
14,227
14,449
14,283
14,436
14,307
14,239
14,162
14,266
14,434
14,212
14,297
14,196
14,184
14,301
14,223
14,345
14,259
14,500
14,197
8,490
14,579
14,554
14,392
14,641
14,576
14,480
14,228
14,290
14,288
14,253
19,372
14,440
14,350
14,225
14,375
14,252
14,278
14,176
14,598
14,575
14,395
10,626
14,472
14,416
14,231
14,206
14,595
14,240
14,628
14,561
14,268
14,582
3,277
14,275
14,154
14,201
14,603
14,185
14,750
14,747
14,755
14,745
14,758
14,653
14,760
14,757
14,753
14,742
14,748
14,752
14,746
14,749
14,751
12,743
14,761
3,523
14,552
3,527
14,467
14,332
14,549
14,451
14,530
14,353
14,366
14,221
14,359
14,256
14,322
14,555
14,254
14,280
14,202
14,485
3,291
14,237
19,355
14,300
14,424
14,340
14,519
14,580
14,459
14,389
14,614
14,282
14,544
19,265
14,433
1,380
14,289
14,589
14,305
14,439
14,651
14,311
14,309
14,637
14,639
14,445
14,224
14,668
14,344
14,597
14,587
14,251
14,207
14,315
14,230
14,631
14,195
14,312
14,295
14,698
3,516
14,388
14,313
14,612
14,399
14,509
14,563
14,367
14,583
14,557
14,409
14,716
14,398
14,394
14,622
14,432
14,437
14,465
14,635
14,458
14,410
18,293
14,468
14,539
3,267
14,334
19,349
14,343
14,362
14,428
19,606
14,338
14,302
14,260
14,242
18,357
14,308
14,342
14,518
14,717
14,331
14,182
14,175
14,279
14,261
14,365
14,689
14,510
14,551
14,423
14,304
12,326
14,318
14,726
14,697
14,269
14,681
14,707
14,317
14,617
14,693
2,692
14,629
14,725
14,730
14,676
14,496
14,323
14,666
14,736
14,691
14,733
14,569
14,682
14,665
14,489
14,538
12,548
3,402
14,599
14,481
19,263
19,452
14,572
14,482
14,584
14,558
14,498
14,213
14,501
14,200
14,391
14,376
14,624
14,704
14,324
14,678
14,273
14,360
2,180
14,470
14,690
14,198
19,333
14,740
14,466
14,471
14,328
14,294
14,188
14,286
14,448
14,203
14,193
14,244
3,592
14,684
14,565
14,663
14,536
14,298
3,137
14,336
14,341
14,166
14,229
14,310
14,271
14,199
14,763
14,764
14,754
14,149
14,191
14,257
3,194
14,499
18,110
3,292
14,426
14,369
14,477
14,602
14,219
14,422
14,478
14,358
14,142
14,711
14,533
14,126
14,431
14,417
14,64
14,112
14,172
14,65
14,114
14,25
14,218
14,81
14,741
14,122
14,23
14,46
14,152
14,566
14,30
14,70
14,123
12,179
14,76
14,100
14,7
14,214
14,128
14,473
14,447
14,335
14,650
14,19
14,51
14,770
14,40
14,98
14,26
14,173
14,132
14,120
14,700
14,738
14,303
14,215
14,155
14,713
14,281
14,141
14,140
14,5
14,79
14,15
14,115
14,337
14,420
14,54
14,127
19,102
14,31
14,69
14,517
14,67
14,216
14,8
14,33
14,74
14,29
14,55
14,14
14,89
14,32
14,84
14,28
14,72
3,1
3,47
14,3
14,41
14,97
14,90
14,6
14,39
14,133
14,82
14,762
14,11
14,27
14,21
14,125
14,765
14,44
14,769
14,43
14,768
14,135
14,183
14,190
14,68
14,161
14,159
14,124
14,92
14,234
14,168
14,246
12,147
14,531
14,134
14,66
14,153
14,106
14,60
14,77
14,20
14,22
14,2
14,10
14,93
14,45
14,109
14,101
14,78
14,131
14,58
14,157
14,144
14,24
14,103
14,35
1,146
14,62
14,48
14,18
14,767
14,13
14,87
14,36
14,17
14,37
14,63
14,83
14,9
14,16
14,42
14,136
14,766
14,339
14,205
14,71
14,396
14,178
14,52
14,222
14,356
14,116
10,107
14,474
14,96
14,511
14,534
14,314
14,204
14,138
14,91
14,151
14,50
19,139
14,148
7,88
14,38
14,111
14,80
14,86
14,210
14,61
14,12
14,117
14,73
14,186
14,75
14,620
14,105
14,165
14,85
14,104
14,187
14,163
14,121
14,95
14,169
14,108
14,56
14,143
10,164
14,113
14,129
12,233
14,226
14,759
14,619
14,94
14,59
14,49
14,119
14,34
14,4
14,160
14,250
14,495
13,158
14,245
14,457
14,171
14,217
3,170
14,57
14,99
3,53
13,674
13,371
3,145
3,118
3,167
3,174
3,156
12,130
