2,1206
9,1208
9,1210
9,1064
9,1219
2,1236
9,703
10,1232
9,1207
8,1157
5,1199
2,1082
8,1112
9,1212
8,1095
6,889
10,1144
5,1227
8,876
8,1118
10,1005
8,954
8,1089
9,1042
9,561
10,1087
10,591
8,1223
3,1139
8,928
2,1222
2,908
8,784
5,1077
8,891
8,1056
8,912
2,1228
8,1215
8,655
3,946
8,970
8,996
8,532
8,581
2,485
10,722
1,751
6,829
8,1192
10,1194
8,514
8,831
8,1197
8,633
8,967
9,500
8,1030
6,952
1,386
8,1221
6,880
8,1032
8,1166
8,1001
8,697
5,1133
7,659
8,993
9,1163
8,1196
9,1053
8,520
8,978
8,1204
8,1147
3,798
8,981
9,1101
7,850
8,1060
7,1153
6,1079
8,1195
8,1022
8,1010
7,1205
8,1116
8,636
1,701
8,1052
8,927
8,602
8,522
8,1094
2,853
8,351
8,745
8,811
6,1067
6,583
8,772
8,1086
8,863
8,716
3,564
3,385
8,816
8,725
8,580
8,1231
8,1176
3,882
9,411
8,660
5,920
8,913
6,374
3,288
10,631
8,683
10,393
7,518
8,621
8,400
8,577
8,1046
8,667
8,1114
8,554
8,456
9,723
6,720
6,953
3,959
7,1122
8,937
8,1058
8,543
8,982
8,578
3,791
8,511
9,1049
5,740
7,1098
3,692
5,727
8,593
9,427
8,415
8,493
9,430
3,1115
5,841
8,1031
8,919
3,861
6,1217
1,1224
8,1161
1,773
8,823
8,565
8,626
5,1120
8,991
8,979
8,1076
8,1182
8,526
8,1008
8,894
8,830
8,969
8,947
8,999
8,1105
8,704
8,512
8,428
6,612
8,486
8,744
8,1132
8,466
8,842
8,980
8,1063
8,817
6,1029
8,775
8,568
8,681
8,730
4,781
8,851
8,1068
8,762
8,608
14,729
8,690
8,1141
8,944
5,767
8,611
6,930
8,1016
8,549
8,1121
8,609
8,790
8,865
8,825
8,1143
8,1047
8,845
8,984
8,1119
8,888
8,590
8,843
8,708
8,641
8,685
2,574
8,1211
8,1225
8,642
8,1198
8,1202
8,1226
9,698
8,972
5,1051
8,1156
5,1184
8,837
6,684
8,1177
8,713
8,1229
8,1164
5,1126
8,801
8,924
8,917
8,1216
8,1235
8,1218
8,1158
8,872
8,1209
8,1185
8,1136
8,916
8,1017
8,1234
8,1138
9,1036
8,1104
8,1220
5,709
8,1175
8,800
8,1088
8,921
6,584
5,465
8,1146
5,1169
8,918
8,962
8,1142
8,788
8,1055
8,1129
8,765
8,1128
8,802
6,629
8,777
6,1075
8,1018
8,669
8,896
8,824
8,938
8,529
8,388
8,792
8,854
8,535
9,1069
7,878
8,1180
8,810
8,1170
8,1171
8,285
8,915
8,1151
8,1092
8,652
5,1154
8,1168
8,334
8,1173
1,645
8,412
8,657
8,846
8,503
3,995
8,318
8,866
8,1109
8,983
1,910
8,1125
8,809
8,1145
8,625
8,505
7,732
8,1004
8,771
8,968
8,1024
8,855
8,956
8,743
8,1083
8,1045
8,1131
8,640
6,933
8,524
8,1165
8,1000
8,760
8,1174
8,617
8,1187
3,955
8,884
8,904
8,1048
8,752
8,844
8,536
8,632
8,1044
8,1200
7,587
8,1034
8,828
5,1123
2,717
8,813
8,869
8,974
8,1003
8,840
8,1090
8,1135
8,1084
8,769
1,1040
9,964
8,502
8,1021
8,1106
8,754
8,1006
12,1113
3,966
8,832
8,594
8,682
8,691
8,618
8,1137
8,1189
8,1002
8,712
8,1213
8,793
8,961
8,895
8,1230
8,1214
8,677
8,348
8,1178
8,936
6,934
8,932
8,1188
8,395
8,734
5,1152
8,1111
8,997
5,1043
8,758
1,906
8,676
8,903
8,646
8,1148
8,925
8,668
8,1071
8,949
8,1140
8,540
8,875
8,322
7,735
8,747
8,544
8,390
10,1097
8,1183
8,569
8,941
8,702
13,893
8,582
2,647
8,1059
8,1134
8,768
8,960
8,858
8,929
5,990
8,672
8,1130
8,1020
8,864
8,551
8,282
8,601
8,886
8,513
8,449
8,1110
8,623
8,988
8,779
8,736
6,572
8,1124
8,320
8,586
8,275
8,384
8,812
8,592
7,635
8,380
8,1167
8,1062
8,746
8,883
3,1033
7,506
8,958
8,852
8,976
8,494
8,562
8,497
8,898
8,527
8,870
12,731
8,530
6,787
8,987
9,794
8,897
8,573
8,1093
8,733
8,689
8,403
8,501
7,822
8,1054
8,902
8,821
8,627
8,662
8,780
8,671
8,710
8,445
8,839
8,539
8,566
8,1023
8,948
8,1149
8,877
8,686
8,890
8,867
8,911
8,885
8,776
8,973
7,1014
8,1091
8,1072
8,567
8,1028
8,1027
8,1080
8,498
1,695
8,600
8,940
8,488
8,496
8,558
8,556
8,408
8,432
8,439
8,437
8,674
8,795
8,1057
8,1150
8,579
8,576
8,738
8,441
8,422
8,198
8,93
8,95
8,286
8,489
8,257
8,157
8,236
8,311
8,477
8,806
8,696
8,610
8,994
7,724
8,458
8,860
8,596
8,1099
8,785
8,820
8,1009
8,504
8,1107
8,835
8,826
8,805
8,679
8,656
8,763
8,541
8,721
8,1061
8,418
8,650
8,753
8,649
8,766
8,874
8,750
8,922
8,957
8,783
8,926
8,807
8,1085
8,899
8,847
8,943
8,1100
8,986
8,670
8,764
8,654
8,510
8,665
8,818
8,387
8,862
8,588
8,658
8,827
8,310
8,375
8,680
8,394
8,223
8,1038
8,571
8,705
8,473
8,247
8,749
8,620
8,129
8,86
8,232
8,280
8,315
8,484
8,675
8,538
8,545
8,459
8,302
8,172
8,255
6,343
8,434
8,333
8,1015
8,585
8,971
8,546
8,859
8,624
8,507
8,266
8,209
8,349
1,219
8,517
8,443
8,435
8,292
8,104
8,354
8,552
1,542
8,164
8,214
8,188
8,151
8,297
8,347
8,737
8,550
8,416
8,848
8,360
1,371
8,598
8,352
7,267
8,338
8,128
8,433
8,487
8,834
8,296
8,871
8,977
8,799
8,856
8,1041
8,1073
8,475
8,139
8,833
8,401
8,1070
8,350
8,604
8,321
11,471
8,85
8,98
8,312
8,189
8,234
8,242
8,560
8,190
8,367
8,357
8,225
14,206
8,238
8,328
8,180
8,341
8,589
8,362
8,303
8,379
8,460
8,84
8,246
11,261
8,326
8,786
8,638
8,1103
8,256
8,942
6,814
8,399
8,548
8,218
8,173
8,193
8,141
8,143
8,279
8,277
8,78
8,63
8,313
8,363
8,105
8,472
8,220
8,688
8,605
8,323
8,421
8,1162
8,442
8,905
8,426
8,91
8,797
8,452
8,366
8,340
8,892
8,719
8,327
8,1190
8,998
8,228
8,224
8,210
8,254
8,339
8,474
8,715
8,270
8,121
8,213
8,186
8,289
8,202
8,290
8,252
8,378
8,112
8,308
8,156
8,273
8,836
2,1096
8,204
8,230
8,265
8,65
8,881
8,229
8,448
8,163
8,222
8,97
8,171
8,89
8,755
8,69
6,335
8,88
8,678
8,287
8,241
8,179
8,127
8,140
8,276
8,212
8,203
8,492
8,200
8,476
8,92
8,353
8,547
8,165
8,262
8,317
8,570
8,192
8,184
8,531
8,615
8,653
3,346
8,796
8,329
8,324
8,849
8,240
8,300
8,248
8,417
8,306
8,344
8,634
8,185
8,616
8,307
8,707
8,178
8,301
8,628
8,243
8,939
8,907
8,450
8,409
8,414
8,272
8,161
8,446
8,482
8,1159
8,706
8,253
8,264
8,490
8,951
8,603
8,423
8,398
8,413
8,1127
8,613
8,365
12,444
8,463
8,170
8,259
8,274
8,137
8,94
8,174
8,169
8,71
8,64
8,258
8,516
8,382
8,183
8,208
14,480
8,108
8,138
8,838
8,368
8,700
7,176
8,103
8,249
8,109
8,250
8,117
8,742
8,931
8,131
8,373
8,110
8,130
8,56
8,211
8,99
8,464
8,694
8,757
8,1155
8,1026
8,756
8,1025
8,622
8,1035
8,714
8,639
8,356
8,759
8,316
8,396
6,607
8,1181
8,739
8,559
8,533
8,1108
8,508
8,521
8,644
8,761
8,1065
8,619
8,331
8,661
3,606
8,168
8,455
8,614
8,741
8,555
8,406
8,782
8,525
8,519
8,726
8,963
14,231
8,693
8,673
8,804
8,1037
8,914
8,453
8,534
8,381
8,563
8,391
8,372
8,770
8,597
8,803
8,887
8,965
8,748
8,945
8,553
8,336
8,425
8,778
8,528
8,819
8,537
8,1201
8,1012
8,1013
8,950
8,451
8,599
8,278
8,495
8,637
8,728
8,361
8,467
8,901
8,330
8,197
8,975
8,1039
8,1203
8,461
8,868
8,1233
8,342
8,293
8,575
3,1019
8,291
8,181
8,195
8,111
8,216
8,251
7,648
8,436
8,457
8,364
8,470
8,392
8,808
8,478
8,900
8,389
8,1007
8,1172
8,1193
8,36
8,66
8,13
8,74
8,37
8,124
11,35
8,58
8,22
8,177
8,75
8,30
8,45
8,39
8,43
8,53
8,115
8,664
8,125
8,199
8,40
8,73
8,15
8,989
8,61
8,23
8,33
8,383
8,299
8,19
8,20
8,28
8,10
8,50
8,42
8,52
8,55
8,102
8,404
8,284
8,447
8,126
8,215
8,76
8,245
3,175
8,440
8,595
8,410
8,509
8,217
8,44
8,149
8,1066
8,304
8,499
8,332
8,298
8,194
8,227
8,419
8,1186
8,1078
8,167
8,54
8,152
8,187
8,221
8,81
7,1081
8,233
8,114
8,260
8,57
8,483
8,150
8,294
8,370
8,24
8,132
8,3
8,144
8,5
8,7
8,1237
8,9
8,4
8,70
8,2
8,79
8,153
8,14
8,72
8,25
8,8
8,21
8,26
12,51
8,17
8,1238
8,47
8,27
8,424
8,120
8,122
8,134
8,789
8,909
8,397
8,182
8,481
8,630
5,454
8,100
8,101
8,283
8,133
8,207
8,59
8,239
8,268
8,159
8,281
8,62
8,337
8,49
8,718
8,83
8,118
8,191
8,16
8,491
8,146
8,87
8,469
8,123
8,82
8,515
8,80
8,557
8,68
8,295
8,1191
8,879
8,666
8,325
8,992
8,420
8,462
8,1074
8,355
8,136
8,358
8,269
8,67
5,271
8,1117
8,1160
8,438
8,244
8,11
8,18
8,235
8,155
8,237
8,305
8,402
8,116
8,148
8,263
8,34
8,145
8,166
8,205
11,405
8,41
8,985
8,107
8,154
8,923
8,314
8,345
8,113
8,158
8,815
8,142
7,77
8,468
8,377
8,135
8,119
8,29
8,106
8,147
8,1050
8,196
8,1102
8,857
8,479
8,376
8,1179
8,1011
8,687
8,711
8,429
8,699
8,935
8,201
8,873
8,319
8,60
8,162
8,651
8,90
8,369
8,663
8,309
8,643
8,523
8,160
8,48
8,407
8,774
8,226
8,38
8,6
8,359
8,431
8,12
8,32
8,1
8,46
9,31
10,96
