18,374
25,735
25,664
12,665
13,710
12,704
8,660
25,326
7,699
18,672
7,650
9,602
11,356
30,540
14,667
12,599
18,617
14,638
15,716
23,695
19,655
19,693
8,555
19,627
19,697
7,696
15,621
10,588
18,604
19,589
7,132
2,570
12,259
14,289
15,401
7,571
8,56
15,622
23,568
19,493
18,728
17,647
12,709
15,734
7,670
7,629
18,714
14,715
25,700
15,686
19,720
12,712
21,579
22,536
18,631
7,541
25,293
7,637
12,733
7,731
8,633
23,657
25,603
12,616
7,576
30,479
17,572
15,598
30,452
9,587
21,724
16,623
19,727
7,708
19,711
30,674
23,651
30,600
23,713
15,565
25,702
12,701
25,634
25,684
15,654
18,669
23,630
15,680
15,543
18,510
15,492
19,594
19,561
21,721
15,546
7,641
23,258
21,535
30,460
10,688
19,642
13,692
7,433
19,517
4,521
19,440
18,485
25,482
7,624
17,325
7,564
18,529
16,620
13,530
19,575
18,26
23,671
15,658
7,321
7,656
18,628
26,524
19,538
6,478
19,126
7,380
8,198
8,218
7,367
23,430
23,416
7,409
25,539
23,498
17,652
18,368
18,515
10,648
15,501
10,406
4,109
12,509
15,673
14,668
7,593
8,698
3,690
8,542
12,608
20,488
28,646
17,581
7,606
25,679
30,722
17,247
8,96
21,360
22,534
7,338
10,580
18,643
27,619
18,551
17,459
7,601
16,613
18,442
14,516
6,456
27,46
17,591
13,188
23,508
19,649
21,103
18,424
7,322
25,553
24,566
3,635
4,585
8,502
7,717
18,597
14,489
9,659
7,514
9,560
23,499
3,567
12,497
15,388
15,494
15,145
8,398
5,473
7,435
18,413
8,486
19,454
25,531
8,662
25,389
9,339
18,528
14,470
17,120
15,309
23,429
18,436
30,420
25,396
23,350
3,507
18,372
14,294
7,184
8,242
30,385
19,300
1,487
15,618
8,523
7,316
8,370
8,466
20,450
19,65
7,395
17,519
30,513
18,36
4,58
25,45
18,563
8,160
7,677
8,644
17,544
8,490
7,547
25,341
18,353
7,462
25,60
7,74
19,245
19,153
23,586
8,506
19,449
17,314
23,477
21,238
15,329
18,511
7,392
7,549
23,432
12,362
19,504
18,292
25,505
3,394
1,277
25,354
7,554
28,230
4,471
4,422
18,483
30,268
8,343
21,11
12,330
7,9
17,423
8,129
1,481
15,178
27,290
18,225
26,439
28,119
18,31
9,166
15,111
7,170
7,324
18,550
7,315
7,124
7,375
3,303
25,61
8,146
15,384
25,319
7,200
29,219
30,279
8,311
15,467
31,469
19,444
15,453
18,127
7,334
17,455
8,274
25,227
4,239
7,474
6,237
7,37
18,297
9,148
8,226
18,157
7,224
7,128
18,520
6,661
7,345
7,7
18,23
15,203
7,251
7,241
18,196
18,183
19,234
8,426
17,313
18,271
18,141
7,270
7,182
19,105
7,191
9,265
7,295
18,215
8,181
17,147
23,197
5,348
30,573
7,552
25,605
25,415
7,537
7,443
23,512
7,386
15,557
30,412
9,390
7,522
18,187
7,363
9,189
17,558
17,12
15,70
7,451
7,427
19,441
7,491
17,468
7,205
19,342
7,556
8,318
17,287
18,359
19,28
15,138
7,403
17,140
18,100
18,161
8,13
7,6
9,4
12,33
7,16
7,192
9,59
28,64
7,261
25,82
7,52
7,276
7,149
20,142
7,43
30,387
18,102
7,114
25,173
10,5
19,266
19,222
7,280
15,32
19,465
7,582
30,437
25,425
9,336
7,233
25,211
9,361
7,286
30,495
18,636
22,382
7,400
19,607
7,480
7,484
7,323
18,337
4,185
9,331
28,272
7,344
7,383
17,162
7,17
7,136
30,244
7,418
7,615
18,463
30,283
7,545
7,496
9,86
7,291
9,236
8,41
17,320
17,90
25,168
18,257
7,377
7,1
9,112
7,29
8,263
7,116
8,177
7,47
18,475
19,121
7,327
7,216
25,55
7,448
18,308
19,332
18,137
7,206
8,10
9,592
8,457
7,199
7,317
19,107
7,164
8,369
18,249
19,404
7,106
7,248
7,306
18,378
7,373
7,737
7,685
18,405
7,125
7,458
7,421
7,626
7,22
7,262
9,408
7,93
7,340
7,123
18,476
18,518
7,333
7,75
7,92
19,175
7,683
7,229
25,25
7,104
7,40
7,24
7,718
7,51
7,101
7,464
7,569
9,666
7,610
7,574
7,639
7,675
7,625
19,632
7,221
8,73
7,730
9,726
7,676
7,115
30,682
30,691
30,472
7,736
7,596
7,583
7,577
28,500
30,611
7,612
7,252
7,201
9,30
7,21
7,19
7,89
7,91
7,209
7,366
7,88
18,281
7,223
7,195
30,307
7,118
6,68
7,35
9,328
7,38
7,379
7,50
9,194
9,256
9,80
30,288
7,139
7,298
30,193
7,304
7,357
7,85
7,44
7,143
7,27
19,95
7,407
7,278
7,445
9,584
19,364
7,365
7,253
19,67
30,446
7,152
7,208
7,110
18,335
19,431
17,376
7,310
7,42
7,346
7,172
7,165
30,381
7,156
18,240
7,231
7,371
30,135
19,72
7,113
7,167
7,217
7,18
7,15
7,186
7,169
7,144
9,48
7,34
18,207
7,2
30,84
19,267
19,246
19,393
7,243
29,299
18,414
7,8
7,83
7,3
7,351
7,63
7,179
7,352
7,57
7,81
19,108
19,202
7,503
7,411
7,402
7,154
7,264
19,461
7,204
7,133
7,312
18,447
7,49
7,296
19,213
30,235
7,122
7,284
7,355
7,174
28,190
7,347
7,39
7,260
7,214
7,62
7,210
7,134
30,87
7,77
7,250
7,79
7,130
7,20
7,117
7,97
8,254
7,131
30,180
7,159
7,419
19,54
7,94
7,98
7,53
7,255
7,71
7,158
7,176
7,275
19,397
19,228
7,150
30,723
7,548
7,76
30,527
19,706
19,438
7,562
19,732
7,66
30,78
7,725
30,578
7,703
19,410
7,434
7,707
30,694
7,349
7,705
7,533
7,719
7,417
7,689
7,220
7,399
30,729
7,559
30,155
30,678
30,302
7,687
7,358
7,609
7,526
7,273
7,681
7,653
7,525
7,212
7,640
19,595
30,69
7,590
7,99
7,14
30,663
7,232
30,305
19,614
7,301
7,151
30,391
19,285
7,532
30,428
7,645
7,269
7,163
19,171
19,282
