200,667
170,680
42,672
8,649
167,652
211,651
153,634
83,671
135,669
177,660
115,510
151,656
24,631
163,647
190,598
165,594
43,682
128,107
188,515
123,405
139,138
125,474
136,481
11,519
162,507
46,552
162,639
84,646
134,495
108,617
141,553
5,658
173,616
108,527
185,584
204,543
22,535
159,654
157,583
83,558
63,636
131,664
104,608
143,655
123,666
137,653
28,629
94,676
76,599
141,560
1,601
83,358
124,644
120,446
126,678
83,71
159,633
170,588
46,145
106,395
52,234
39,550
205,426
83,485
213,430
59,429
79,374
173,302
204,129
209,308
83,327
83,416
83,82
132,257
70,8
48,52
20,489
195,152
82,143
87,421
143,587
83,612
27,579
120,623
194,565
83,90
142,486
10,600
52,452
83,378
43,534
180,549
22,352
166,195
15,432
204,353
88,454
185,417
42,473
64,546
83,363
61,330
4,216
123,228
75,427
60,491
83,536
179,453
13,410
108,400
149,541
173,334
112,350
142,555
40,595
16,663
82,637
3,650
103,643
83,563
49,657
83,508
129,681
91,662
70,372
158,626
83,404
12,590
83,513
142,465
172,478
87,447
173,246
193,611
47,613
185,554
7,580
83,566
178,529
203,568
83,476
175,597
83,591
48,551
83,521
60,574
130,573
156,562
50,585
38,511
101,537
83,412
182,632
182,592
21,576
19,578
51,610
66,642
83,615
71,487
70,533
86,530
13,497
6,455
36,544
80,556
109,630
98,531
201,456
157,479
33,268
152,517
146,282
116,422
173,444
78,509
138,351
85,218
80,329
176,326
67,420
158,451
37,518
82,461
188,394
164,528
150,437
108,324
63,548
180,213
173,202
41,645
173,624
43,496
83,460
46,226
161,545
92,204
172,356
95,377
198,127
83,270
119,159
83,217
93,73
70,249
89,291
56,449
70,337
49,72
83,40
135,442
83,459
83,64
120,364
83,419
83,101
83,439
22,609
75,577
53,561
49,606
8,684
111,532
125,618
83,538
105,614
83,581
88,525
13,559
83,539
77,540
161,214
83,677
34,635
25,564
81,607
69,596
74,431
89,492
85,665
208,409
173,297
70,406
123,141
83,462
83,340
96,488
83,522
192,418
23,467
191,475
77,307
173,493
125,381
87,296
83,231
70,120
81,285
44,277
49,391
14,56
70,211
122,524
102,122
82,362
187,271
83,498
172,298
83,503
83,247
97,463
115,86
177,441
72,567
90,28
83,283
110,317
73,266
85,506
97,117
83,184
84,433
45,361
83,483
80,336
107,342
89,322
78,345
3,79
83,280
120,241
133,436
73,178
17,259
83,237
83,162
83,132
65,424
181,256
35,411
83,80
155,371
113,97
196,229
212,166
83,390
83,413
207,325
171,526
2,179
29,286
120,457
62,67
118,466
70,490
82,393
54,575
124,369
90,379
203,471
82,176
172,289
83,398
80,253
83,232
83,512
100,621
83,49
83,288
70,240
125,207
168,276
83,320
74,124
82,542
83,458
119,335
169,239
83,469
26,220
82,354
117,105
9,294
82,279
140,375
203,275
120,470
199,435
83,382
83,384
83,401
83,516
75,161
125,263
83,206
96,386
83,316
18,209
176,125
82,258
83,75
83,331
83,370
98,244
32,160
183,198
120,48
79,205
70,248
87,357
83,494
99,200
83,281
72,272
203,168
83,365
83,373
78,151
184,328
83,265
70,119
58,227
70,43
205,60
70,30
7,188
189,110
114,34
80,438
83,287
144,167
79,238
83,434
83,181
160,158
154,41
77,189
145,100
83,299
70,304
123,113
210,389
83,224
83,278
83,501
147,675
59,679
83,619
83,245
87,500
83,480
80,520
205,686
173,640
83,628
83,589
83,502
83,45
83,402
83,104
83,20
120,319
87,53
188,255
83,332
83,355
173,225
83,22
83,292
83,313
83,685
82,368
68,423
70,54
85,84
83,348
107,215
83,586
172,264
83,55
83,338
171,203
83,315
31,482
83,11
83,273
204,174
83,343
197,499
83,66
83,408
83,383
83,468
83,208
83,472
79,146
74,106
83,102
83,314
83,89
83,61
83,221
203,318
83,261
79,210
83,121
57,222
74,144
70,76
78,157
55,149
83,26
83,196
83,59
83,135
30,284
83,260
83,91
123,17
83,194
118,3
82,99
201,235
83,171
83,301
83,445
83,477
83,366
79,47
83,83
83,312
83,115
95,62
83,192
83,183
83,165
83,150
127,37
123,93
123,219
123,13
83,251
186,341
201,236
82,77
83,156
83,155
83,295
83,116
83,359
77,230
83,109
174,163
83,262
70,95
83,128
83,24
83,4
123,223
83,344
83,387
203,137
83,88
83,290
80,118
83,103
83,311
83,51
83,32
83,164
83,68
83,415
83,133
83,175
83,33
83,191
83,254
83,112
83,193
83,243
74,428
83,199
83,269
83,131
83,323
201,440
83,443
83,310
83,58
83,2
83,142
83,514
83,333
83,5
83,339
208,274
83,10
83,360
83,180
83,139
83,16
83,186
83,94
83,108
83,380
84,367
83,153
198,154
204,92
202,190
206,300
83,136
83,35
79,98
83,504
83,267
83,425
83,19
83,185
83,388
204,134
83,250
83,85
83,252
121,15
83,25
83,27
123,14
83,233
83,197
83,38
207,57
83,396
83,126
83,182
83,170
83,39
83,148
83,303
83,78
203,87
206,114
203,130
212,50
83,31
83,44
83,81
83,392
83,638
83,407
83,173
83,399
83,111
83,7
83,172
83,12
83,187
123,397
205,212
76,9
203,23
83,177
83,46
204,346
83,21
199,42
123,147
83,123
83,18
83,293
83,74
83,29
83,140
83,604
83,376
83,622
148,347
83,670
123,523
210,464
83,661
83,321
83,602
83,582
83,96
83,36
205,683
83,69
83,625
83,570
83,448
83,659
83,648
83,414
83,63
83,620
83,385
204,603
83,572
203,593
83,309
83,505
83,484
83,668
83,674
83,547
201,169
83,571
203,242
83,557
83,70
196,641
201,403
123,627
83,349
83,1
83,569
123,201
83,6
83,305
83,673
204,450
83,605
120,306
123,65
