2,89
3,112
3,33
1,49
3,80
1,113
4,41
1,120
1,65
4,81
5,168
1,67
3,76
1,29
3,189
1,104
4,122
2,75
3,23
3,87
4,121
3,96
3,82
1,28
3,140
3,92
3,117
3,272
3,50
4,102
3,148
4,107
3,68
3,162
3,85
4,56
4,98
2,97
1,60
3,146
3,161
3,22
3,235
4,84
3,20
3,95
3,201
4,42
3,79
3,101
4,70
4,69
4,105
4,58
3,78
3,200
3,55
3,115
3,40
3,88
3,209
3,57
3,114
4,34
3,156
3,77
3,47
3,27
3,91
3,93
3,190
1,63
3,45
3,240
3,138
3,66
3,171
3,26
3,46
3,61
3,31
3,90
4,35
3,15
3,59
3,25
3,232
3,271
3,62
3,19
3,71
3,268
3,244
3,247
3,175
3,264
3,133
3,109
1,43
4,127
3,248
3,249
4,254
3,198
3,221
3,218
3,181
4,158
3,233
3,74
4,5
3,106
3,110
3,126
3,267
1,257
3,3
3,94
3,170
3,119
3,183
3,216
4,178
4,202
4,179
3,172
3,2
1,212
4,224
4,118
4,180
4,13
3,73
4,86
2,261
4,30
4,225
3,160
4,154
3,103
2,228
1,37
4,217
4,124
2,153
3,111
4,182
3,83
4,108
1,166
4,32
4,197
4,184
4,164
2,125
3,53
4,36
3,208
4,152
4,236
3,177
3,203
4,219
4,130
2,129
4,187
4,196
3,48
4,173
3,193
3,100
3,17
4,137
2,252
3,147
4,139
4,195
3,151
3,64
3,207
3,188
4,222
3,215
4,234
4,205
2,143
4,211
4,21
3,51
3,54
2,157
1,131
4,255
4,256
4,223
4,134
4,144
3,231
4,199
3,176
3,220
3,270
4,149
4,185
4,210
1,136
4,260
4,167
3,259
4,123
4,262
3,194
2,52
4,214
4,241
3,132
4,204
3,237
4,44
4,169
3,229
4,159
4,10
3,163
4,7
1,239
4,243
4,269
4,266
2,227
4,186
3,145
3,238
4,213
3,191
4,245
4,18
2,38
4,258
3,250
4,230
2,242
4,251
3,246
2,141
2,135
3,165
3,174
3,253
2,265
2,155
4,273
2,1
3,150
4,142
4,192
3,72
2,4
4,9
4,128
3,263
4,206
1,14
3,24
2,226
4,12
3,99
3,116
4,39
4,16
3,8
3,6
2,11
