2,1206
21,1208
21,1210
21,1064
21,1219
4,1236
21,703
22,1232
21,1207
15,1157
10,1199
2,1082
15,1112
20,1212
15,1095
11,889
22,1144
10,1227
15,876
15,1118
22,1005
15,954
15,1089
21,1042
20,561
22,1087
22,591
15,1223
6,1139
15,928
2,1222
2,908
15,784
9,1077
15,891
15,1056
15,912
4,1228
15,1215
15,655
7,946
15,970
15,996
14,532
15,581
2,485
22,722
1,751
11,829
15,1192
22,1194
15,514
15,831
14,1197
15,633
15,967
21,500
15,1030
12,952
1,386
15,1221
11,880
15,1032
15,1166
15,1001
15,697
10,1133
13,659
15,993
21,1163
15,1196
20,1053
15,520
15,978
15,1204
15,1147
7,798
15,981
21,1101
13,850
14,1060
13,1153
11,1079
15,1195
15,1022
15,1010
13,1205
15,1116
15,636
1,701
15,1052
15,927
15,602
15,522
15,1094
3,853
15,351
15,745
15,811
12,1067
12,583
15,772
15,1086
15,863
15,716
6,564
7,385
15,816
15,725
15,580
15,1231
15,1176
7,882
21,411
15,660
10,920
15,913
11,374
6,288
22,631
15,683
23,393
13,518
15,621
15,400
15,577
15,1046
15,667
15,1114
15,554
15,456
21,723
12,720
12,953
7,959
13,1122
15,937
15,1058
15,543
15,982
15,578
7,791
15,511
21,1049
9,740
13,1098
5,692
10,727
14,593
21,427
15,415
14,493
21,430
7,1115
10,841
15,1031
15,919
7,861
12,1217
1,1224
15,1161
1,773
15,823
15,565
15,626
9,1120
14,991
15,979
15,1076
15,1182
15,526
15,1008
15,894
15,830
15,969
15,947
15,999
15,1105
15,704
15,512
15,428
12,612
15,486
15,744
15,1132
15,466
14,842
15,980
15,1063
15,817
11,1029
15,775
15,568
14,681
15,730
8,781
15,851
15,1068
15,762
15,608
31,729
15,690
15,1141
15,944
9,767
15,611
12,930
15,1016
15,549
15,1121
15,609
15,790
15,865
15,825
15,1143
15,1047
14,845
15,984
15,1119
15,888
14,590
15,843
15,708
15,641
15,685
4,574
14,1211
15,1225
15,642
15,1198
15,1202
15,1226
21,698
15,972
10,1051
15,1156
10,1184
15,837
12,684
15,1177
15,713
15,1229
15,1164
10,1126
15,801
15,924
15,917
15,1216
15,1235
15,1218
15,1158
15,872
15,1209
15,1185
15,1136
15,916
15,1017
15,1234
15,1138
21,1036
15,1104
15,1220
10,709
15,1175
15,800
15,1088
15,921
12,584
10,465
15,1146
10,1169
15,918
15,962
15,1142
15,788
15,1055
15,1129
15,765
15,1128
15,802
12,629
15,777
12,1075
15,1018
15,669
15,896
15,824
15,938
15,529
15,388
15,792
15,854
15,535
21,1069
13,878
15,1180
15,810
14,1170
15,1171
15,285
15,915
15,1151
15,1092
14,652
10,1154
15,1168
15,334
15,1173
1,645
15,412
15,657
15,846
15,503
7,995
15,318
15,866
15,1109
15,983
1,910
15,1125
15,809
15,1145
15,625
15,505
13,732
15,1004
15,771
15,968
15,1024
15,855
15,956
14,743
15,1083
15,1045
15,1131
15,640
11,933
15,524
15,1165
15,1000
15,760
15,1174
15,617
15,1187
7,955
15,884
15,904
15,1048
15,752
15,844
15,536
15,632
15,1044
15,1200
13,587
15,1034
15,828
10,1123
4,717
15,813
15,869
15,974
15,1003
15,840
15,1090
15,1135
15,1084
15,769
1,1040
21,964
15,502
15,1021
15,1106
15,754
15,1006
29,1113
7,966
15,832
15,594
15,682
15,691
15,618
15,1137
15,1189
15,1002
15,712
15,1213
15,793
15,961
15,895
15,1230
15,1214
15,677
15,348
15,1178
15,936
12,934
15,932
15,1188
15,395
15,734
10,1152
15,1111
15,997
9,1043
15,758
1,906
15,676
15,903
18,646
15,1148
15,925
15,668
15,1071
15,949
15,1140
15,540
15,875
14,322
13,735
15,747
15,544
15,390
22,1097
15,1183
15,569
15,941
15,702
30,893
15,582
4,647
15,1059
15,1134
15,768
15,960
15,858
15,929
10,990
15,672
16,1130
15,1020
15,864
15,551
15,282
15,601
15,886
15,513
15,449
15,1110
15,623
15,988
15,779
15,736
12,572
15,1124
15,320
15,586
15,275
15,384
15,812
15,592
13,635
15,380
15,1167
15,1062
15,746
15,883
7,1033
13,506
15,958
15,852
15,976
15,494
15,562
15,497
15,898
15,527
15,870
28,731
15,530
12,787
15,987
21,794
15,897
15,573
15,1093
15,733
15,689
15,403
15,501
13,822
15,1054
15,902
15,821
15,627
15,662
15,780
15,671
14,710
15,445
15,839
15,539
15,566
15,1023
15,948
15,1149
15,877
15,686
14,890
15,867
15,911
15,885
15,776
15,973
13,1014
15,1091
15,1072
15,567
15,1028
15,1027
15,1080
15,498
1,695
15,600
15,940
15,488
15,496
15,558
15,556
15,408
15,432
15,439
15,437
15,674
15,795
15,1057
15,1150
15,579
15,576
15,738
15,441
15,422
15,198
15,93
15,95
15,286
15,489
15,257
15,157
15,236
15,311
15,477
15,806
15,696
15,610
15,994
13,724
15,458
15,860
15,596
15,1099
15,785
15,820
15,1009
15,504
15,1107
15,835
15,826
15,805
15,679
15,656
15,763
15,541
15,721
15,1061
15,418
15,650
15,753
15,649
15,766
15,874
15,750
15,922
15,957
15,783
15,926
15,807
15,1085
15,899
15,847
15,943
15,1100
15,986
15,670
17,764
15,654
15,510
15,665
15,818
15,387
15,862
15,588
15,658
15,827
15,310
15,375
15,680
15,394
15,223
15,1038
15,571
15,705
15,473
15,247
15,749
15,620
15,129
15,86
15,232
15,280
15,315
15,484
15,675
15,538
15,545
15,459
15,302
15,172
15,255
12,343
15,434
15,333
15,1015
15,585
15,971
15,546
15,859
15,624
15,507
15,266
15,209
15,349
1,219
15,517
15,443
15,435
15,292
15,104
15,354
15,552
1,542
15,164
15,214
15,188
15,151
15,297
15,347
15,737
15,550
15,416
15,848
15,360
1,371
15,598
15,352
13,267
15,338
15,128
15,433
15,487
15,834
15,296
15,871
15,977
15,799
15,856
15,1041
15,1073
15,475
15,139
15,833
15,401
15,1070
15,350
15,604
15,321
24,471
15,85
15,98
15,312
15,189
15,234
15,242
15,560
15,190
15,367
15,357
15,225
31,206
15,238
15,328
15,180
15,341
15,589
15,362
15,303
15,379
15,460
15,84
15,246
25,261
15,326
15,786
15,638
15,1103
15,256
15,942
11,814
15,399
15,548
15,218
15,173
15,193
15,141
15,143
15,279
15,277
15,78
15,63
15,313
15,363
15,105
15,472
15,220
15,688
15,605
15,323
15,421
15,1162
15,442
15,905
15,426
15,91
15,797
15,452
15,366
15,340
15,892
15,719
15,327
15,1190
15,998
15,228
15,224
15,210
15,254
15,339
15,474
15,715
15,270
15,121
15,213
15,186
15,289
15,202
15,290
15,252
15,378
15,112
15,308
15,156
15,273
15,836
4,1096
15,204
15,230
15,265
15,65
15,881
15,229
15,448
15,163
15,222
15,97
15,171
15,89
15,755
15,69
12,335
15,88
15,678
15,287
15,241
15,179
15,127
15,140
15,276
15,212
15,203
15,492
15,200
15,476
15,92
15,353
15,547
15,165
15,262
15,317
15,570
15,192
15,184
15,531
15,615
15,653
7,346
15,796
15,329
15,324
15,849
15,240
15,300
15,248
15,417
15,306
15,344
15,634
15,185
15,616
15,307
15,707
15,178
15,301
15,628
15,243
15,939
15,907
15,450
15,409
15,414
15,272
15,161
15,446
15,482
15,1159
15,706
15,253
15,264
15,490
15,951
15,603
15,423
15,398
15,413
15,1127
15,613
15,365
26,444
15,463
15,170
15,259
15,274
15,137
15,94
15,174
15,169
15,71
15,64
15,258
15,516
15,382
15,183
15,208
32,480
15,108
15,138
15,838
15,368
15,700
13,176
15,103
15,249
15,109
15,250
15,117
15,742
15,931
15,131
15,373
15,110
15,130
15,56
15,211
15,99
15,464
15,694
15,757
15,1155
15,1026
15,756
15,1025
15,622
15,1035
15,714
15,639
15,356
15,759
15,316
15,396
12,607
15,1181
15,739
15,559
15,533
15,1108
15,508
15,521
15,644
15,761
15,1065
15,619
15,331
15,661
7,606
15,168
15,455
15,614
15,741
15,555
15,406
15,782
15,525
15,519
15,726
15,963
31,231
15,693
15,673
15,804
15,1037
15,914
15,453
15,534
15,381
15,563
15,391
15,372
15,770
15,597
15,803
15,887
15,965
15,748
15,945
15,553
15,336
15,425
15,778
15,528
15,819
15,537
15,1201
15,1012
15,1013
15,950
15,451
15,599
15,278
15,495
15,637
15,728
15,361
15,467
15,901
15,330
15,197
15,975
15,1039
15,1203
15,461
15,868
15,1233
15,342
15,293
15,575
7,1019
15,291
15,181
15,195
15,111
15,216
15,251
13,648
15,436
15,457
15,364
15,470
15,392
15,808
15,478
15,900
15,389
15,1007
15,1172
15,1193
15,36
15,66
15,13
15,74
15,37
15,124
24,35
15,58
15,22
15,177
15,75
15,30
15,45
15,39
15,43
15,53
15,115
15,664
15,125
15,199
15,40
15,73
15,15
15,989
15,61
15,23
15,33
15,383
15,299
15,19
15,20
15,28
15,10
15,50
15,42
15,52
15,55
15,102
15,404
15,284
15,447
15,126
15,215
15,76
15,245
5,175
15,440
15,595
15,410
15,509
15,217
15,44
15,149
15,1066
15,304
15,499
15,332
15,298
15,194
15,227
15,419
14,1186
15,1078
15,167
15,54
15,152
15,187
15,221
15,81
13,1081
15,233
15,114
15,260
14,57
15,483
15,150
19,294
15,370
15,24
15,132
15,3
15,144
15,5
15,7
15,1237
15,9
15,4
15,70
15,2
15,79
15,153
15,14
15,72
15,25
15,8
15,21
15,26
27,51
15,17
15,1238
15,47
15,27
15,424
15,120
15,122
15,134
15,789
15,909
15,397
15,182
15,481
15,630
10,454
15,100
15,101
15,283
15,133
15,207
15,59
15,239
15,268
15,159
15,281
15,62
15,337
15,49
15,718
15,83
15,118
15,191
15,16
15,491
15,146
15,87
15,469
15,123
15,82
15,515
15,80
15,557
15,68
15,295
15,1191
15,879
15,666
15,325
15,992
15,420
15,462
15,1074
15,355
15,136
15,358
15,269
15,67
10,271
15,1117
15,1160
15,438
15,244
15,11
15,18
15,235
15,155
15,237
15,305
15,402
15,116
15,148
15,263
15,34
15,145
15,166
15,205
24,405
15,41
15,985
15,107
15,154
15,923
15,314
14,345
15,113
15,158
15,815
15,142
13,77
15,468
15,377
15,135
15,119
15,29
15,106
15,147
15,1050
15,196
15,1102
15,857
15,479
15,376
15,1179
15,1011
15,687
15,711
15,429
15,699
15,935
15,201
15,873
15,319
15,60
15,162
15,651
15,90
15,369
15,663
15,309
15,643
15,523
15,160
15,48
15,407
15,774
15,226
15,38
15,6
15,359
15,431
15,12
15,32
15,1
15,46
21,31
22,96
