1,825
36,1225
52,1247
56,1178
1,1182
36,1177
37,1222
1,996
1,1236
37,1239
52,1061
52,546
36,1097
36,1246
1,1112
1,856
1,1055
36,1185
37,1244
36,1046
36,1167
37,446
1,971
37,1229
1,1232
36,1224
1,987
1,1206
52,1184
37,520
1,1253
2,1179
1,968
37,1252
1,1077
37,1238
1,932
52,1191
52,1176
1,1085
37,619
36,988
37,913
52,1139
1,1140
37,1205
52,568
37,1223
1,1022
52,1148
52,414
1,776
36,670
52,1218
37,1168
54,1133
37,1195
54,667
56,804
1,623
52,964
37,1128
48,1159
1,632
1,865
1,783
52,586
37,843
52,1157
1,976
40,979
1,1033
35,1111
37,949
1,947
40,871
37,755
37,1132
56,516
1,502
39,322
1,1102
18,1180
36,901
37,937
40,848
37,1221
37,391
52,889
37,1203
48,1153
39,1169
37,535
37,1090
37,739
1,874
55,867
2,982
2,744
56,759
37,1149
1,407
37,1110
37,1109
1,1240
54,955
1,462
1,1227
1,727
37,558
8,1065
52,1219
39,1213
2,1135
36,1151
37,1241
1,615
39,1141
1,607
37,1173
1,270
38,752
51,765
38,1114
14,1188
1,767
1,894
50,594
2,1198
1,842
37,296
37,832
2,970
6,823
39,641
1,1142
37,785
39,773
39,725
38,1129
36,421
10,1117
2,1175
39,1234
2,1200
39,1230
1,1040
39,1212
53,1174
1,521
37,926
40,669
52,868
37,251
39,1171
39,1158
3,1120
39,466
36,927
1,675
1,552
16,940
52,792
1,1093
1,1044
1,455
1,571
37,981
39,953
23,510
12,1197
2,1030
39,1025
39,1026
1,1087
38,935
1,345
1,1215
19,529
39,1056
39,898
39,777
1,365
39,1201
15,1242
1,1235
1,951
52,756
39,797
36,610
36,1143
39,341
37,748
40,651
1,816
39,980
38,808
41,719
39,423
2,908
39,1125
39,1154
39,896
39,966
41,303
20,880
39,628
2,318
40,1181
2,1095
2,1138
39,872
39,1013
39,1192
39,1237
52,499
37,914
39,1243
37,794
39,1051
39,1103
1,1052
52,531
40,828
39,1163
39,1152
33,604
8,1228
7,385
5,1122
39,509
39,1194
55,1189
39,1116
21,1131
29,663
2,668
39,775
28,681
39,1001
44,995
39,1210
39,830
37,1127
39,1170
4,905
39,1130
39,1211
32,1078
39,409
39,1084
30,977
34,271
42,638
52,873
39,393
39,1193
40,1119
10,1092
39,672
37,699
39,403
13,892
39,1164
39,1049
8,1012
24,1249
39,1006
39,938
39,761
39,969
39,847
39,350
39,354
27,430
39,406
39,899
25,637
37,1126
39,993
39,1183
39,974
52,386
39,674
1,1144
39,1081
2,989
39,973
39,355
39,572
39,608
39,442
39,213
39,189
39,1220
39,286
2,272
45,513
8,309
37,850
39,508
39,852
39,737
39,944
39,1094
39,434
40,844
39,401
39,357
39,684
39,923
39,612
39,1079
39,702
52,616
39,720
39,500
39,860
39,321
39,791
39,904
39,811
39,717
39,232
39,734
39,1024
39,707
39,424
39,1075
39,729
39,269
39,747
39,602
39,790
2,419
39,538
39,240
39,360
39,362
38,489
39,273
41,329
39,1072
39,460
39,382
39,465
39,812
39,353
39,344
39,786
39,802
39,593
39,855
39,829
39,566
40,963
39,473
39,264
39,1156
39,965
39,554
39,1108
41,1136
39,939
39,408
39,343
39,585
39,447
39,262
39,916
39,936
37,858
39,550
39,439
39,461
8,247
39,644
2,945
39,718
39,486
39,338
39,551
39,664
39,478
39,528
39,577
39,656
39,870
17,1104
9,960
39,284
43,849
39,443
39,1004
39,781
39,250
40,879
39,691
39,763
39,706
39,1039
39,925
39,517
39,714
39,787
39,771
39,1050
39,220
39,890
39,692
39,503
39,1002
39,768
39,622
39,613
39,1123
39,475
39,324
39,745
39,1106
39,437
39,749
39,950
39,1187
39,754
1,713
39,1038
39,545
38,626
39,911
39,328
35,295
39,780
39,640
39,1034
39,203
39,201
30,444
39,441
39,560
39,840
39,857
39,959
39,582
41,736
39,906
39,900
12,511
39,798
39,770
39,1209
39,793
39,313
39,690
39,245
39,339
11,361
22,1003
39,796
39,620
39,415
39,716
39,351
39,288
39,396
39,305
39,789
39,479
39,603
39,530
39,834
39,310
39,555
39,693
39,268
39,910
39,526
39,817
39,1009
39,678
39,864
39,590
52,595
39,564
39,753
39,494
39,553
39,377
39,534
39,533
39,156
39,519
1,962
39,459
39,405
39,598
39,882
39,346
39,1019
39,398
39,512
39,1216
39,676
39,1186
39,639
39,501
39,922
39,1214
39,467
39,1035
39,1199
39,665
39,609
37,575
39,1029
39,983
39,601
2,381
39,199
39,645
39,492
39,930
39,687
39,998
39,347
39,282
39,741
39,1059
39,348
39,801
39,333
39,371
39,686
39,751
39,482
39,778
41,304
39,758
39,624
39,1060
39,184
39,174
39,204
40,562
39,1076
39,1172
39,760
39,319
1,234
39,853
39,942
39,1071
39,231
39,541
39,683
39,374
39,248
39,450
41,671
39,1010
1,573
39,182
39,148
39,1070
39,420
39,611
39,642
39,866
39,1018
39,722
39,402
39,144
39,81
41,158
39,180
39,312
39,334
39,135
39,958
39,515
39,428
39,155
39,113
39,146
39,118
39,139
39,173
39,196
39,138
39,218
39,862
39,1053
39,818
39,655
39,703
39,788
39,440
39,631
39,918
39,588
39,657
39,967
39,694
39,557
57,648
39,1047
39,934
39,306
39,367
39,876
39,505
39,289
39,316
39,984
39,618
39,1005
39,1100
39,454
39,1099
39,723
39,539
39,779
39,715
39,652
41,221
39,277
39,1020
39,799
39,731
39,1226
39,412
39,543
39,281
39,477
39,764
39,1000
39,659
39,294
39,456
39,504
39,822
39,358
39,733
39,851
39,827
39,1115
39,433
39,567
39,302
39,1107
39,366
39,359
39,1037
39,861
39,757
39,1165
39,885
39,774
39,909
39,952
39,330
39,845
39,488
39,1101
39,480
39,730
39,1063
39,709
39,394
39,831
39,742
39,743
39,810
39,915
39,1086
39,1150
39,666
39,524
39,833
39,795
39,819
39,649
39,917
39,507
39,411
39,311
39,416
40,314
39,495
39,474
39,746
39,425
39,1091
39,1096
41,721
39,1098
10,807
8,581
39,1008
39,634
30,711
39,308
39,336
39,895
2,836
39,1088
39,673
39,565
39,1146
39,1067
39,1137
39,946
39,1105
39,1204
39,370
39,451
39,929
39,536
39,893
39,331
39,498
39,547
39,696
39,436
39,682
39,954
39,1054
41,978
39,888
39,704
39,265
39,469
39,679
39,735
39,379
39,726
39,540
11,712
39,375
39,387
39,225
39,293
39,238
39,1048
39,592
39,578
39,903
39,1202
39,661
43,1166
39,383
39,1021
39,496
39,576
39,1155
39,869
39,803
39,327
39,907
39,589
39,1023
39,1162
39,897
39,636
39,491
39,453
39,548
39,468
39,838
39,485
39,732
37,878
39,1124
39,487
39,471
39,1118
39,1042
39,766
39,591
39,580
39,629
39,584
39,991
39,650
39,762
39,826
39,1069
39,912
39,369
39,997
39,606
39,373
39,242
39,332
39,452
39,404
39,902
39,556
39,212
39,859
39,532
39,633
39,990
39,689
39,323
39,214
39,563
39,839
52,256
39,1036
39,1073
39,449
8,1082
1,1031
39,614
39,708
39,527
39,384
39,941
39,400
41,349
39,685
39,846
39,325
39,887
39,627
39,597
39,948
39,646
39,260
39,368
39,291
39,472
39,975
2,740
39,986
31,388
39,630
39,587
39,418
8,884
39,933
39,579
39,806
39,992
39,464
39,92
39,215
39,417
39,202
39,654
39,257
39,399
39,643
39,1217
39,985
39,1017
39,463
39,600
39,1134
39,207
39,972
39,596
39,292
39,635
39,280
39,660
39,337
39,863
39,1043
39,647
39,583
39,1007
39,542
39,700
39,1064
1,490
39,800
39,710
39,1014
39,677
39,569
39,919
39,999
39,470
39,522
39,724
39,617
39,1058
39,784
39,301
39,181
39,924
39,431
39,931
39,883
39,782
39,920
39,680
39,886
39,599
39,653
39,1190
39,422
39,805
39,621
39,1028
39,192
39,881
39,380
39,352
39,891
39,1041
39,525
39,769
39,243
39,875
39,957
39,484
39,658
41,1068
39,326
39,820
39,435
39,1032
39,317
39,276
37,427
39,943
39,290
39,570
39,476
39,320
39,497
39,662
39,410
39,523
39,815
39,824
39,364
39,506
39,274
39,413
39,226
39,395
39,854
39,481
39,169
39,224
39,397
39,209
39,307
39,152
39,71
39,76
26,1290
39,86
39,194
39,688
39,356
6,258
39,544
39,124
39,1062
39,122
39,176
39,429
39,340
39,1207
39,197
39,140
39,537
39,1045
39,1147
39,1089
39,1066
39,342
39,445
39,1080
39,198
39,205
39,363
39,625
39,1208
39,559
39,728
39,574
39,821
39,921
39,1113
39,695
39,254
39,103
1,85
39,219
39,90
39,101
39,168
39,95
39,772
39,78
39,46
39,120
39,137
39,300
39,94
39,372
39,928
39,93
39,151
2,261
39,77
39,55
39,514
43,279
2,131
39,154
39,244
39,217
39,104
39,30
39,10
39,74
39,110
39,88
39,68
2,132
39,57
39,87
39,36
39,116
39,193
39,43
39,1273
39,62
39,1276
39,22
39,1284
39,1277
39,24
39,1279
39,19
39,41
39,7
41,34
39,1298
39,1289
39,48
39,18
39,115
39,21
39,141
39,1283
39,6
39,1278
39,2
49,14
39,159
39,191
39,53
39,84
38,1272
39,190
39,20
39,1297
41,1282
39,1291
39,42
39,1145
39,26
39,13
39,1015
39,392
11,750
39,241
39,298
39,73
39,432
39,1260
41,1255
39,1254
39,1258
11,1259
39,1264
39,1257
39,1261
39,1256
39,1263
41,1262
39,701
39,252
39,438
39,837
39,249
39,227
39,253
39,206
39,179
39,235
39,170
39,458
39,267
39,239
39,275
39,956
39,278
39,236
39,89
39,51
39,61
39,44
39,216
41,283
39,483
39,255
39,47
39,50
39,39
39,153
39,3
2,38
39,69
39,12
39,315
39,11
39,1270
39,54
39,163
39,188
39,223
39,112
39,809
39,67
39,29
39,149
39,58
39,1275
39,106
39,56
39,233
39,97
39,1285
39,1271
39,1286
36,79
39,4
41,59
39,100
39,1299
39,1057
39,1161
39,1268
39,91
39,63
39,1245
39,128
39,123
39,605
39,83
2,389
49,147
39,814
39,178
39,25
39,177
39,70
39,160
39,493
39,164
39,426
39,167
39,33
39,31
39,1274
39,1281
39,166
39,35
39,1266
39,1294
39,60
39,105
39,15
39,107
39,102
39,80
39,1265
39,72
39,8
39,17
39,5
39,23
39,186
39,65
39,1292
39,45
8,1
39,16
39,1295
39,52
39,37
39,1280
39,1296
39,1293
39,1288
39,1267
39,165
38,9
41,1269
39,285
39,195
39,1287
39,187
39,108
39,136
39,49
39,121
39,64
39,161
39,222
39,175
39,1233
39,877
39,994
39,549
39,126
39,183
39,561
39,130
39,119
39,96
12,109
39,28
1,66
39,117
39,27
39,82
39,127
39,75
39,40
39,150
39,208
39,98
39,145
39,143
48,1160
39,211
39,297
12,99
39,1011
12,172
12,32
39,1300
39,378
46,1121
46,287
46,237
46,133
46,200
46,335
46,114
46,518
47,1027
46,705
46,1016
1,210
1,835
1,129
49,157
1,246
52,230
56,1074
36,738
37,1083
1,457
54,259
37,697
37,142
36,1231
37,1250
1,171
1,448
36,1248
36,1251
37,698
56,813
56,1196
1,266
1,841
37,228
40,299
36,111
1,376
1,134
1,961
1,229
1,390
36,125
37,263
56,185
2,162
