20,135
14,167
2,130
7,219
6,278
29,276
20,223
40,192
17,162
13,325
41,201
40,287
32,343
22,265
17,299
9,319
4,235
9,382
14,341
10,141
6,123
9,182
7,381
4,304
8,395
19,418
6,378
14,448
12,222
4,298
7,349
20,449
40,396
15,87
30,406
33,76
40,455
9,405
6,364
7,397
10,311
22,458
9,463
22,473
40,467
19,13
22,36
9,215
40,153
6,344
40,432
29,438
10,371
29,322
4,279
17,216
40,194
19,307
22,294
40,121
40,208
8,470
30,421
18,474
17,54
40,6
19,52
22,303
6,138
23,224
40,380
40,433
19,63
18,110
40,331
37,379
23,315
18,35
40,353
6,246
23,321
40,360
22,317
23,392
22,146
40,372
37,269
9,180
40,460
22,387
10,206
23,189
6,273
17,383
22,231
22,357
40,242
15,476
23,258
15,237
40,184
40,106
40,103
22,115
15,114
40,156
23,295
22,89
40,462
30,339
40,61
5,176
40,79
40,97
40,197
9,165
10,318
17,227
19,290
17,270
28,388
6,301
36,400
40,284
15,232
22,267
40,347
8,257
23,183
36,332
5,209
5,255
10,291
19,217
36,327
22,384
22,158
29,456
19,239
22,316
36,359
23,305
4,8
23,342
22,60
30,401
40,336
22,323
23,187
22,233
22,252
19,157
33,101
22,124
22,296
40,171
40,72
40,49
6,179
41,127
22,109
36,57
5,113
23,37
40,166
40,147
36,86
40,45
19,111
22,82
40,186
40,102
5,33
23,168
22,71
40,51
15,320
19,66
40,75
30,172
19,408
36,12
40,454
40,361
23,466
40,338
40,414
9,160
24,459
7,354
6,461
36,434
23,11
28,425
17,377
22,398
40,435
8,285
5,328
22,90
36,196
22,281
22,253
15,211
22,203
24,272
22,329
28,247
40,429
22,345
22,245
15,236
22,370
22,373
33,148
28,261
40,251
15,250
36,404
18,170
22,243
35,326
36,140
29,205
7,260
10,221
40,126
22,154
23,155
17,14
25,293
40,375
40,202
15,42
36,297
22,367
40,175
19,362
40,145
6,210
15,150
26,151
22,200
15,161
22,83
30,96
22,207
19,213
15,137
22,214
22,330
40,104
22,108
19,59
40,313
5,85
40,47
40,95
23,136
22,228
22,68
23,44
7,300
15,366
36,363
19,457
40,465
5,444
30,346
40,259
18,283
22,144
24,142
15,174
20,314
36,193
17,149
36,164
28,262
20,356
22,185
15,81
23,92
40,107
22,229
17,129
36,70
5,84
5,352
40,77
40,99
15,351
22,306
28,58
40,139
40,248
22,119
35,152
36,238
22,181
40,374
19,254
29,302
36,134
40,310
23,169
28,451
15,427
12,73
19,67
34,26
7,46
22,178
23,391
30,266
40,440
30,424
40,422
36,348
40,416
30,7
31,478
40,32
15,280
36,1
22,376
40,275
22,439
22,389
22,446
30,407
40,472
7,218
5,204
5,241
40,264
15,274
39,105
40,100
11,177
36,282
40,125
36,368
31,442
22,34
21,369
40,420
19,355
38,244
11,98
23,234
23,249
30,337
41,324
15,308
23,402
26,212
5,292
40,413
30,65
39,56
22,195
22,230
34,9
5,415
22,94
22,394
15,15
15,277
22,286
31,118
30,120
22,436
19,417
22,64
20,78
42,74
35,220
30,426
29,477
36,271
36,410
25,365
40,334
4,335
14,412
24,288
40,112
20,132
8,464
19,256
30,431
1,358
17,173
35,268
38,131
34,447
22,468
7,199
40,289
40,471
15,445
12,163
22,430
34,27
37,21
20,80
40,423
13,93
5,191
7,50
5,69
16,240
39,122
17,39
20,159
17,5
35,31
4,40
15,23
28,263
19,4
6,225
19,411
42,312
18,469
19,190
10,399
22,333
5,437
5,62
31,128
29,198
41,390
22,25
17,30
7,24
31,17
20,55
19,143
1,450
15,385
3,419
21,41
5,20
20,428
5,133
35,117
38,226
4,453
19,91
3,53
10,43
40,48
34,22
40,18
22,88
34,116
41,16
24,38
41,188
40,309
32,403
5,29
21,340
39,350
32,441
5,393
7,3
28,452
5,443
20,19
32,28
28,386
13,2
27,409
18,475
20,10
