13,833
13,565
26,831
13,845
19,640
29,769
25,767
13,682
13,739
9,713
8,797
13,832
27,732
14,762
19,691
11,642
13,756
30,795
13,367
24,711
2,776
19,810
13,671
13,607
28,747
22,822
11,318
19,494
31,669
8,853
11,847
13,818
13,751
22,114
28,687
17,793
31,731
30,608
4,559
4,645
13,707
13,353
13,839
18,771
28,543
19,750
18,723
13,322
13,689
25,763
13,817
26,714
13,709
16,802
13,676
13,746
22,653
28,598
13,573
23,184
16,748
30,179
4,782
17,638
11,675
13,571
13,761
13,579
31,595
19,485
27,304
22,646
22,719
28,778
30,619
27,672
22,615
26,734
13,555
30,764
13,774
13,848
19,668
19,677
28,216
13,212
5,695
14,685
28,305
13,820
21,605
13,686
13,826
13,787
27,841
27,789
19,825
16,819
19,840
7,704
17,416
26,792
30,850
17,829
13,575
14,790
23,712
19,814
13,737
13,740
13,532
13,170
30,568
13,588
30,48
13,550
13,566
13,754
23,547
19,843
13,718
13,725
17,816
27,849
19,806
13,661
13,842
13,437
28,824
11,429
13,652
13,462
13,259
13,518
27,94
13,524
17,19
13,109
22,479
16,478
13,567
13,9
28,326
13,246
29,604
4,618
13,692
30,226
12,422
19,558
30,766
19,267
27,639
20,445
28,800
26,17
19,378
26,727
11,418
13,770
13,328
31,706
16,384
31,374
13,253
19,643
13,234
17,345
13,854
13,670
13,830
10,59
13,131
25,681
4,745
22,852
28,696
19,834
13,779
13,773
19,637
4,708
26,610
13,683
13,512
3,557
13,520
13,654
13,625
13,611
22,626
19,499
13,563
22,393
17,634
27,587
19,589
31,651
13,535
24,562
19,678
27,743
13,585
27,757
30,622
18,788
10,693
13,530
13,118
22,442
14,702
13,703
13,721
13,541
13,656
13,755
4,684
13,781
10,516
18,627
13,644
13,722
30,453
26,522
11,255
13,556
13,423
13,657
13,796
18,837
13,309
17,443
13,600
13,552
20,803
13,738
13,597
17,663
27,617
13,574
17,635
13,591
28,649
15,716
27,705
13,623
17,780
19,641
13,760
17,694
4,580
17,724
13,630
30,458
13,799
13,648
13,759
26,658
13,667
13,477
28,504
4,551
13,592
13,741
13,513
13,472
13,544
13,596
28,459
13,469
13,167
11,444
19,515
28,377
17,338
13,2
19,8
17,435
13,295
13,528
22,401
27,386
13,380
27,534
18,385
19,249
20,55
4,381
11,427
13,483
13,362
1,388
13,390
31,475
13,317
13,144
13,468
17,237
6,187
17,484
17,315
13,449
13,564
13,726
13,465
13,481
17,599
13,700
13,578
20,620
13,323
17,749
13,583
19,116
13,577
17,594
13,768
13,394
13,343
26,169
2,433
13,329
13,344
13,199
5,744
13,283
13,398
13,265
13,506
13,222
13,519
10,655
13,81
17,440
13,375
19,349
17,330
13,526
27,498
17,662
13,650
4,493
13,432
13,266
13,365
13,276
13,12
13,136
13,229
27,68
4,368
13,90
13,133
13,476
13,364
17,537
13,279
17,402
13,209
28,132
8,141
13,348
4,400
13,570
13,614
13,680
13,542
13,452
4,51
28,32
17,193
25,715
18,511
13,593
13,752
27,473
13,569
13,601
23,492
13,502
13,501
27,404
27,327
13,730
13,728
13,697
13,572
13,447
9,391
13,436
13,497
13,742
13,508
13,673
26,772
19,699
26,688
13,733
13,586
13,431
13,603
13,500
13,523
13,214
28,263
13,576
19,293
28,42
27,306
4,439
27,221
19,126
13,122
28,41
13,134
13,233
27,92
13,121
19,270
13,357
4,185
13,56
13,448
5,303
28,514
27,308
13,406
17,335
13,49
13,257
13,609
13,415
13,236
28,584
13,67
13,366
13,482
27,66
13,142
13,710
13,173
13,110
13,190
13,161
13,413
28,127
13,180
13,271
13,313
19,138
28,546
13,290
13,147
27,231
27,23
13,631
27,616
13,488
13,346
28,208
13,521
13,268
13,387
4,33
13,1
13,302
13,311
13,347
13,213
32,93
28,392
13,399
13,296
27,549
13,128
13,188
13,529
13,242
13,53
13,79
13,165
13,43
13,403
13,621
13,430
4,582
28,495
13,227
27,505
29,291
19,525
13,503
13,679
13,456
13,215
28,218
13,461
13,171
13,319
13,203
13,517
13,420
13,510
13,355
13,333
13,331
19,467
13,86
27,735
13,82
13,480
13,613
13,647
13,354
13,466
13,441
13,228
13,111
13,352
13,341
13,359
13,463
13,105
13,260
13,24
13,256
28,280
13,324
13,264
13,117
19,112
13,297
26,4
13,240
13,189
19,160
13,106
27,14
19,211
28,88
13,27
13,130
13,289
13,159
26,225
13,31
13,272
17,16
13,65
13,149
13,332
13,207
19,172
27,219
13,244
13,561
13,312
13,241
13,252
4,247
17,278
13,371
13,250
13,548
13,428
13,195
13,275
13,64
13,232
13,300
13,168
13,298
13,337
13,307
13,358
13,238
13,104
13,340
13,101
13,36
28,301
13,316
13,334
13,137
13,123
13,356
13,61
13,163
13,54
4,140
13,98
13,44
13,220
13,47
13,285
13,373
13,230
13,206
13,784
13,855
13,539
27,861
13,28
13,808
13,720
4,450
13,46
13,851
13,785
13,99
13,181
19,152
13,108
13,97
13,277
13,192
13,813
13,70
13,5
13,22
13,659
13,857
13,660
19,15
13,859
13,166
13,314
6,178
4,828
13,83
13,407
19,248
27,197
13,273
13,201
27,531
13,860
13,157
13,396
13,120
13,821
13,701
13,286
13,805
13,777
13,823
13,632
13,612
13,84
13,419
13,674
13,624
13,815
13,336
13,125
13,858
13,507
13,801
19,835
19,536
13,758
13,698
13,150
28,553
19,491
28,412
13,665
13,287
13,154
13,235
13,310
13,91
13,451
19,269
13,540
13,666
13,85
13,405
13,370
13,460
13,581
13,471
13,414
13,408
13,274
13,446
13,496
13,261
13,434
27,35
13,25
13,360
13,89
13,45
13,487
13,177
13,74
19,425
13,664
13,155
19,143
13,129
13,527
13,58
13,243
13,145
13,6
13,490
13,113
13,75
13,103
13,38
13,62
13,80
13,205
13,18
4,254
13,115
13,148
19,223
13,151
13,37
13,294
13,29
13,69
13,198
13,162
13,164
3,489
13,636
13,383
13,282
13,438
13,602
13,633
4,95
13,417
13,409
13,204
13,538
13,509
13,71
13,457
13,382
13,426
13,339
13,96
13,350
13,554
13,690
13,76
13,411
4,376
13,196
13,284
13,474
13,454
19,153
13,202
13,13
13,124
13,239
13,245
13,455
4,135
13,52
13,258
13,320
13,397
13,395
13,224
13,156
13,78
13,158
1,102
13,183
19,545
13,533
13,3
13,372
13,174
13,7
4,50
19,379
19,107
5,119
13,60
13,20
13,200
13,470
4,26
13,73
13,139
9,281
13,191
13,194
13,72
6,77
13,34
13,210
19,176
13,57
13,606
4,838
19,836
13,560
4,765
19,351
4,63
13,844
4,629
4,811
19,421
13,464
19,827
13,717
13,175
13,809
13,410
13,590
19,846
13,363
19,804
13,783
13,251
13,39
4,486
19,856
13,40
13,182
13,812
13,369
13,146
13,262
19,342
4,807
13,736
4,217
13,753
13,791
13,288
13,786
13,325
4,87
13,424
4,729
13,186
13,299
13,798
13,628
19,100
13,321
13,21
13,775
19,292
4,10
19,794
19,389
19,30
19,361
19,11
