2,1206
25,1208
25,1210
25,1064
25,1219
4,1236
25,703
26,1232
25,1207
19,1157
11,1199
2,1082
19,1112
24,1212
19,1095
12,889
26,1144
11,1227
19,876
19,1118
26,1005
19,954
19,1089
25,1042
24,561
26,1087
26,591
19,1223
6,1139
19,928
2,1222
2,908
19,784
10,1077
19,891
19,1056
19,912
4,1228
19,1215
19,655
7,946
19,970
19,996
17,532
19,581
2,485
26,722
1,751
12,829
19,1192
26,1194
19,514
19,831
16,1197
19,633
18,967
25,500
19,1030
13,952
1,386
19,1221
12,880
18,1032
18,1166
18,1001
19,697
11,1133
14,659
18,993
25,1163
18,1196
24,1053
19,520
19,978
19,1204
19,1147
7,798
18,981
25,1101
14,850
16,1060
14,1153
12,1079
18,1195
18,1022
18,1010
14,1205
18,1116
18,636
1,701
18,1052
18,927
18,602
18,522
18,1094
3,853
18,351
18,745
18,811
13,1067
13,583
19,772
18,1086
18,863
18,716
6,564
7,385
18,816
18,725
18,580
18,1231
18,1176
7,882
25,411
19,660
11,920
18,913
12,374
6,288
26,631
18,683
27,393
14,518
19,621
19,400
19,577
18,1046
18,667
18,1114
18,554
18,456
25,723
13,720
13,953
8,959
15,1122
18,937
18,1058
18,543
18,982
18,578
7,791
18,511
25,1049
10,740
14,1098
5,692
11,727
17,593
25,427
18,415
16,493
25,430
7,1115
11,841
18,1031
18,919
7,861
13,1217
1,1224
18,1161
1,773
18,823
18,565
18,626
10,1120
16,991
18,979
18,1076
18,1182
18,526
18,1008
18,894
18,830
19,969
18,947
19,999
18,1105
18,704
18,512
18,428
13,612
18,486
18,744
18,1132
18,466
16,842
18,980
18,1063
18,817
12,1029
18,775
18,568
17,681
18,730
9,781
18,851
18,1068
19,762
18,608
35,729
18,690
18,1141
18,944
10,767
18,611
13,930
18,1016
18,549
18,1121
18,609
18,790
18,865
18,825
19,1143
18,1047
17,845
18,984
18,1119
18,888
16,590
18,843
18,708
18,641
18,685
4,574
16,1211
18,1225
18,642
18,1198
18,1202
18,1226
25,698
18,972
11,1051
18,1156
11,1184
18,837
13,684
18,1177
18,713
18,1229
18,1164
11,1126
19,801
18,924
18,917
18,1216
18,1235
18,1218
18,1158
18,872
18,1209
18,1185
18,1136
18,916
18,1017
18,1234
18,1138
25,1036
18,1104
18,1220
11,709
18,1175
18,800
18,1088
18,921
13,584
11,465
18,1146
11,1169
18,918
18,962
18,1142
18,788
18,1055
18,1129
18,765
18,1128
18,802
13,629
18,777
13,1075
19,1018
18,669
18,896
18,824
18,938
18,529
18,388
18,792
18,854
18,535
25,1069
14,878
18,1180
18,810
17,1170
19,1171
18,285
18,915
18,1151
18,1092
17,652
11,1154
18,1168
18,334
18,1173
1,645
18,412
18,657
18,846
18,503
7,995
18,318
18,866
18,1109
18,983
1,910
18,1125
18,809
18,1145
18,625
18,505
14,732
18,1004
18,771
18,968
18,1024
18,855
18,956
17,743
18,1083
18,1045
18,1131
18,640
12,933
18,524
18,1165
18,1000
18,760
18,1174
18,617
18,1187
7,955
18,884
18,904
18,1048
18,752
18,844
18,536
18,632
18,1044
18,1200
15,587
18,1034
18,828
11,1123
4,717
18,813
18,869
18,974
18,1003
18,840
18,1090
18,1135
18,1084
18,769
1,1040
25,964
18,502
18,1021
18,1106
18,754
18,1006
33,1113
7,966
18,832
18,594
18,682
18,691
18,618
19,1137
18,1189
18,1002
18,712
18,1213
18,793
18,961
18,895
18,1230
18,1214
18,677
18,348
18,1178
18,936
13,934
18,932
18,1188
18,395
18,734
11,1152
18,1111
19,997
10,1043
18,758
1,906
18,676
18,903
22,646
18,1148
18,925
18,668
18,1071
18,949
18,1140
18,540
18,875
16,322
14,735
18,747
18,544
18,390
26,1097
18,1183
18,569
18,941
18,702
34,893
18,582
4,647
18,1059
18,1134
18,768
18,960
18,858
18,929
11,990
18,672
20,1130
18,1020
18,864
18,551
18,282
18,601
18,886
19,513
18,449
18,1110
18,623
18,988
18,779
18,736
13,572
18,1124
18,320
18,586
18,275
18,384
18,812
18,592
14,635
18,380
18,1167
18,1062
18,746
18,883
7,1033
14,506
18,958
18,852
18,976
18,494
18,562
18,497
18,898
18,527
18,870
32,731
18,530
13,787
18,987
25,794
18,897
18,573
18,1093
18,733
18,689
18,403
18,501
14,822
18,1054
18,902
18,821
18,627
18,662
18,780
18,671
17,710
18,445
18,839
18,539
18,566
18,1023
18,948
18,1149
18,877
18,686
17,890
18,867
18,911
18,885
18,776
18,973
14,1014
18,1091
18,1072
18,567
18,1028
18,1027
18,1080
18,498
1,695
18,600
18,940
18,488
18,496
18,558
18,556
18,408
18,432
18,439
18,437
18,674
18,795
18,1057
18,1150
18,579
18,576
18,738
18,441
18,422
18,198
18,93
18,95
18,286
18,489
18,257
18,157
18,236
18,311
18,477
18,806
18,696
18,610
18,994
14,724
18,458
18,860
18,596
18,1099
18,785
18,820
18,1009
18,504
18,1107
18,835
18,826
18,805
18,679
18,656
18,763
18,541
18,721
18,1061
18,418
18,650
18,753
18,649
18,766
18,874
18,750
18,922
18,957
18,783
18,926
18,807
18,1085
18,899
18,847
18,943
18,1100
18,986
18,670
21,764
18,654
18,510
18,665
18,818
18,387
18,862
18,588
18,658
18,827
18,310
18,375
18,680
18,394
18,223
18,1038
18,571
18,705
18,473
18,247
18,749
18,620
18,129
18,86
18,232
18,280
18,315
18,484
18,675
18,538
18,545
18,459
18,302
18,172
18,255
13,343
18,434
18,333
18,1015
18,585
18,971
18,546
18,859
18,624
18,507
18,266
18,209
18,349
1,219
18,517
18,443
18,435
18,292
18,104
18,354
18,552
1,542
18,164
18,214
18,188
18,151
18,297
18,347
18,737
18,550
18,416
18,848
18,360
1,371
19,598
18,352
14,267
18,338
18,128
18,433
18,487
18,834
18,296
18,871
18,977
18,799
18,856
18,1041
18,1073
18,475
18,139
18,833
18,401
18,1070
18,350
18,604
18,321
28,471
18,85
18,98
18,312
18,189
18,234
18,242
18,560
18,190
18,367
18,357
18,225
35,206
18,238
18,328
18,180
18,341
18,589
18,362
18,303
18,379
18,460
18,84
18,246
29,261
18,326
18,786
18,638
18,1103
18,256
18,942
12,814
18,399
18,548
18,218
18,173
18,193
18,141
18,143
18,279
18,277
18,78
18,63
18,313
18,363
18,105
18,472
18,220
18,688
18,605
18,323
18,421
18,1162
18,442
18,905
18,426
18,91
18,797
18,452
18,366
18,340
18,892
18,719
18,327
18,1190
18,998
18,228
18,224
18,210
18,254
18,339
18,474
18,715
18,270
18,121
18,213
18,186
18,289
18,202
18,290
18,252
18,378
18,112
18,308
18,156
18,273
18,836
4,1096
18,204
18,230
18,265
18,65
18,881
18,229
18,448
18,163
18,222
18,97
18,171
18,89
18,755
18,69
13,335
18,88
18,678
18,287
18,241
18,179
18,127
18,140
18,276
18,212
18,203
18,492
18,200
18,476
18,92
18,353
18,547
18,165
18,262
18,317
18,570
18,192
18,184
18,531
18,615
18,653
7,346
18,796
18,329
18,324
18,849
18,240
18,300
18,248
18,417
18,306
18,344
18,634
18,185
18,616
18,307
18,707
18,178
18,301
18,628
18,243
18,939
18,907
18,450
18,409
18,414
18,272
18,161
18,446
18,482
18,1159
18,706
18,253
18,264
18,490
18,951
18,603
18,423
18,398
18,413
18,1127
18,613
18,365
30,444
18,463
18,170
18,259
18,274
18,137
18,94
18,174
18,169
18,71
18,64
18,258
18,516
18,382
18,183
18,208
36,480
18,108
18,138
18,838
18,368
18,700
14,176
18,103
18,249
18,109
18,250
18,117
18,742
18,931
18,131
18,373
18,110
18,130
18,56
18,211
18,99
18,464
18,694
18,757
18,1155
18,1026
18,756
18,1025
18,622
18,1035
18,714
18,639
18,356
18,759
18,316
18,396
13,607
18,1181
18,739
18,559
18,533
18,1108
18,508
18,521
18,644
18,761
18,1065
18,619
18,331
18,661
7,606
18,168
18,455
18,614
18,741
18,555
18,406
18,782
18,525
18,519
18,726
18,963
35,231
18,693
18,673
18,804
18,1037
18,914
18,453
18,534
18,381
18,563
18,391
18,372
18,770
18,597
18,803
18,887
18,965
18,748
18,945
18,553
18,336
18,425
18,778
18,528
18,819
18,537
18,1201
18,1012
18,1013
18,950
18,451
18,599
18,278
18,495
18,637
18,728
18,361
18,467
18,901
18,330
18,197
18,975
18,1039
18,1203
18,461
18,868
18,1233
18,342
18,293
18,575
7,1019
18,291
18,181
18,195
19,111
18,216
18,251
14,648
18,436
18,457
18,364
18,470
18,392
18,808
18,478
18,900
18,389
18,1007
18,1172
18,1193
18,36
18,66
18,13
18,74
18,37
18,124
28,35
18,58
18,22
18,177
18,75
18,30
18,45
18,39
18,43
18,53
18,115
18,664
18,125
18,199
18,40
18,73
18,15
18,989
18,61
18,23
18,33
18,383
18,299
18,19
18,20
18,28
18,10
18,50
18,42
18,52
18,55
18,102
18,404
18,284
18,447
18,126
18,215
18,76
18,245
5,175
18,440
18,595
18,410
18,509
18,217
18,44
18,149
18,1066
18,304
18,499
18,332
18,298
18,194
18,227
18,419
17,1186
18,1078
18,167
18,54
18,152
18,187
18,221
18,81
14,1081
18,233
18,114
18,260
16,57
18,483
18,150
23,294
18,370
18,24
18,132
18,3
18,144
18,5
18,7
18,1237
18,9
18,4
18,70
18,2
18,79
18,153
18,14
18,72
18,25
18,8
18,21
18,26
31,51
18,17
18,1238
18,47
18,27
18,424
18,120
18,122
18,134
18,789
18,909
18,397
18,182
18,481
18,630
11,454
18,100
18,101
18,283
18,133
18,207
18,59
18,239
18,268
18,159
18,281
18,62
18,337
18,49
18,718
18,83
18,118
18,191
18,16
18,491
18,146
18,87
18,469
18,123
18,82
18,515
18,80
18,557
18,68
18,295
18,1191
18,879
18,666
18,325
18,992
18,420
18,462
18,1074
18,355
18,136
18,358
18,269
18,67
11,271
18,1117
18,1160
18,438
18,244
18,11
18,18
18,235
18,155
18,237
18,305
18,402
18,116
18,148
18,263
18,34
18,145
18,166
18,205
28,405
18,41
18,985
18,107
18,154
18,923
18,314
16,345
18,113
18,158
18,815
18,142
14,77
18,468
18,377
18,135
18,119
18,29
18,106
18,147
18,1050
18,196
18,1102
18,857
18,479
18,376
18,1179
18,1011
18,687
18,711
18,429
18,699
18,935
18,201
18,873
18,319
18,60
18,162
18,651
18,90
18,369
18,663
18,309
18,643
18,523
18,160
18,48
18,407
18,774
18,226
18,38
18,6
18,359
18,431
18,12
18,32
18,1
18,46
25,31
26,96
