16,374
23,735
23,664
11,665
12,710
11,704
7,660
23,326
6,699
16,672
6,650
8,602
10,356
28,540
13,667
11,599
16,617
13,638
14,716
21,695
17,655
17,693
7,555
17,627
17,697
6,696
14,621
9,588
16,604
17,589
6,132
2,570
11,259
13,289
14,401
6,571
7,56
14,622
21,568
17,493
16,728
15,647
11,709
14,734
6,670
6,629
16,714
13,715
23,700
14,686
17,720
11,712
19,579
20,536
16,631
6,541
23,293
6,637
11,733
6,731
7,633
21,657
23,603
11,616
6,576
28,479
15,572
14,598
28,452
8,587
19,724
15,623
17,727
6,708
17,711
28,674
21,651
28,600
21,713
14,565
23,702
11,701
23,634
23,684
14,654
16,669
21,630
14,680
14,543
16,510
14,492
17,594
17,561
19,721
14,546
6,641
21,258
19,535
28,460
9,688
17,642
12,692
6,433
17,517
4,521
17,440
16,485
23,482
6,624
15,325
6,564
16,529
15,620
12,530
17,575
16,26
21,671
14,658
6,321
6,656
16,628
24,524
17,538
6,478
17,126
6,380
7,198
7,218
6,367
21,430
21,416
6,409
23,539
21,498
15,652
16,368
16,515
9,648
14,501
9,406
4,109
11,509
14,673
13,668
6,593
7,698
3,690
7,542
11,608
18,488
26,646
15,581
6,606
23,679
28,722
15,247
7,96
19,360
20,534
6,338
9,580
16,643
25,619
16,551
15,459
6,601
15,613
16,442
13,516
6,456
25,46
15,591
12,188
21,508
17,649
19,103
16,424
6,322
23,553
22,566
3,635
4,585
7,502
6,717
16,597
13,489
8,659
6,514
8,560
21,499
3,567
11,497
14,388
14,494
14,145
7,398
5,473
6,435
16,413
7,486
17,454
23,531
7,662
23,389
8,339
16,528
13,470
15,120
14,309
21,429
16,436
28,420
23,396
21,350
3,507
16,372
13,294
6,184
7,242
28,385
17,300
1,487
14,618
7,523
6,316
7,370
7,466
18,450
17,65
6,395
15,519
28,513
16,36
4,58
23,45
16,563
7,160
6,677
7,644
15,544
7,490
6,547
23,341
16,353
6,462
23,60
6,74
17,245
17,153
21,586
7,506
17,449
15,314
21,477
19,238
14,329
16,511
6,392
6,549
21,432
11,362
17,504
16,292
23,505
3,394
1,277
23,354
6,554
26,230
4,471
4,422
16,483
28,268
7,343
19,11
11,330
6,9
15,423
7,129
1,481
14,178
25,290
16,225
24,439
26,119
16,31
8,166
14,111
6,170
6,324
16,550
6,315
6,124
6,375
3,303
23,61
7,146
14,384
23,319
6,200
27,219
28,279
7,311
14,467
29,469
17,444
14,453
16,127
6,334
15,455
7,274
23,227
4,239
6,474
6,237
6,37
16,297
8,148
7,226
16,157
6,224
6,128
16,520
6,661
6,345
6,7
16,23
14,203
6,251
6,241
16,196
16,183
17,234
7,426
15,313
16,271
16,141
6,270
6,182
17,105
6,191
8,265
6,295
16,215
7,181
15,147
21,197
5,348
28,573
6,552
23,605
23,415
6,537
6,443
21,512
6,386
14,557
28,412
8,390
6,522
16,187
6,363
8,189
15,558
15,12
14,70
6,451
6,427
17,441
6,491
15,468
6,205
17,342
6,556
7,318
15,287
16,359
17,28
14,138
6,403
15,140
16,100
16,161
7,13
6,6
8,4
11,33
6,16
6,192
8,59
26,64
6,261
23,82
6,52
6,276
6,149
18,142
6,43
28,387
16,102
6,114
23,173
9,5
17,266
17,222
6,280
14,32
17,465
6,582
28,437
23,425
8,336
6,233
23,211
8,361
6,286
28,495
16,636
20,382
6,400
17,607
6,480
6,484
6,323
16,337
4,185
8,331
26,272
6,344
6,383
15,162
6,17
6,136
28,244
6,418
6,615
16,463
28,283
6,545
6,496
8,86
6,291
8,236
7,41
15,320
15,90
23,168
16,257
6,377
6,1
8,112
6,29
7,263
6,116
7,177
6,47
16,475
17,121
6,327
6,216
23,55
6,448
16,308
17,332
16,137
6,206
7,10
8,592
7,457
6,199
6,317
17,107
6,164
7,369
16,249
17,404
6,106
6,248
6,306
16,378
6,373
6,737
6,685
16,405
6,125
6,458
6,421
6,626
6,22
6,262
8,408
6,93
6,340
6,123
16,476
16,518
6,333
6,75
6,92
17,175
6,683
6,229
23,25
6,104
6,40
6,24
6,718
6,51
6,101
6,464
6,569
8,666
6,610
6,574
6,639
6,675
6,625
17,632
6,221
7,73
6,730
8,726
6,676
6,115
28,682
28,691
28,472
6,736
6,596
6,583
6,577
26,500
28,611
6,612
6,252
6,201
8,30
6,21
6,19
6,89
6,91
6,209
6,366
6,88
16,281
6,223
6,195
28,307
6,118
6,68
6,35
8,328
6,38
6,379
6,50
8,194
8,256
8,80
28,288
6,139
6,298
28,193
6,304
6,357
6,85
6,44
6,143
6,27
17,95
6,407
6,278
6,445
8,584
17,364
6,365
6,253
17,67
28,446
6,152
6,208
6,110
16,335
17,431
15,376
6,310
6,42
6,346
6,172
6,165
28,381
6,156
16,240
6,231
6,371
28,135
17,72
6,113
6,167
6,217
6,18
6,15
6,186
6,169
6,144
8,48
6,34
16,207
6,2
28,84
17,267
17,246
17,393
6,243
27,299
16,414
6,8
6,83
6,3
6,351
6,63
6,179
6,352
6,57
6,81
17,108
17,202
6,503
6,411
6,402
6,154
6,264
17,461
6,204
6,133
6,312
16,447
6,49
6,296
17,213
28,235
6,122
6,284
6,355
6,174
26,190
6,347
6,39
6,260
6,214
6,62
6,210
6,134
28,87
6,77
6,250
6,79
6,130
6,20
6,117
6,97
7,254
6,131
28,180
6,159
6,419
17,54
6,94
6,98
6,53
6,255
6,71
6,158
6,176
6,275
17,397
17,228
6,150
28,723
6,548
6,76
28,527
17,706
17,438
6,562
17,732
6,66
28,78
6,725
28,578
6,703
17,410
6,434
6,707
28,694
6,349
6,705
6,533
6,719
6,417
6,689
6,220
6,399
28,729
6,559
28,155
28,678
28,302
6,687
6,358
6,609
6,526
6,273
6,681
6,653
6,525
6,212
6,640
17,595
28,69
6,590
6,99
6,14
28,663
6,232
28,305
17,614
6,301
6,151
28,391
17,285
6,532
28,428
6,645
6,269
6,163
17,171
17,282
