131,753
130,746
139,76
78,762
99,775
135,512
111,668
162,486
97,706
128,696
209,758
197,699
33,780
93,260
33,711
107,691
50,499
93,796
153,45
162,130
33,206
75,89
69,669
246,632
197,735
114,703
174,724
186,790
78,756
193,782
48,754
82,169
5,777
33,716
167,759
234,761
73,123
7,755
96,774
74,663
125,661
134,788
158,583
105,511
179,739
67,694
47,577
81,690
242,606
31,752
79,767
122,747
256,685
76,383
197,766
65,63
94,713
11,468
97,127
155,679
138,741
47,750
179,672
63,619
184,727
255,742
71,693
58,722
161,717
248,714
140,528
54,504
205,608
67,660
70,510
179,605
189,698
52,728
123,634
136,635
200,526
1,574
136,502
32,417
158,372
237,537
244,473
136,432
179,544
60,282
118,589
118,337
58,557
155,224
154,710
50,721
74,626
164,385
169,529
209,405
151,395
143,426
223,617
97,595
185,671
38,552
149,515
197,666
30,667
254,551
29,615
155,603
112,683
106,522
33,569
69,680
256,505
58,627
78,516
61,723
144,686
220,466
179,719
19,725
216,689
138,637
179,564
142,568
113,286
179,306
94,464
95,453
243,436
196,313
94,28
128,329
122,77
126,218
208,268
214,494
209,440
207,514
225,449
140,769
116,378
120,65
117,783
213,598
32,700
111,625
205,720
202,654
147,662
138,452
168,597
68,256
125,438
146,105
46,240
257,673
67,590
224,612
132,638
152,533
24,622
250,565
153,563
225,664
179,506
15,670
118,692
122,675
203,348
193,541
151,381
220,459
57,584
141,618
92,548
33,546
245,650
4,384
154,408
125,358
116,312
62,779
35,27
241,642
152,718
121,441
157,740
196,592
227,300
224,518
163,227
195,211
159,628
196,213
2,99
44,443
162,639
6,677
4,35
252,155
224,392
179,195
224,98
225,174
43,30
90,462
172,237
207,393
169,422
162,226
152,542
64,298
35,376
189,294
202,305
98,580
238,198
103,331
103,336
180,134
160,192
194,315
172,196
238,682
147,540
197,591
101,148
132,391
99,271
233,547
240,567
33,653
193,704
155,418
150,280
185,630
232,415
115,463
11,687
105,594
209,357
162,360
245,434
223,550
62,629
56,536
33,490
122,368
102,140
129,520
72,125
184,302
119,458
253,11
135,100
179,517
78,141
33,343
97,480
103,308
112,325
139,461
56,245
189,623
242,531
51,364
213,497
142,521
49,534
157,684
92,460
9,601
109,620
45,543
197,715
210,139
223,420
180,212
88,142
96,610
91,651
186,586
20,151
137,425
77,423
33,508
247,73
161,401
145,347
191,539
160,498
136,399
155,561
191,538
231,640
171,621
224,487
216,475
121,649
121,562
191,575
186,571
222,611
209,316
126,648
56,633
252,712
175,442
186,613
119,407
195,350
218,409
159,554
59,410
40,489
15,122
37,176
16,448
200,607
136,501
209,695
66,614
252,532
203,446
186,560
231,301
196,194
197,205
83,207
67,162
224,582
196,335
180,168
30,143
136,208
11,369
231,103
156,588
209,573
222,397
253,281
245,555
205,248
183,307
89,344
219,108
27,25
26,332
59,279
26,362
27,230
155,55
211,12
175,363
202,530
215,323
55,81
197,373
198,513
209,545
149,328
131,527
110,173
215,375
223,152
229,394
53,219
178,359
201,604
107,479
202,341
191,587
148,299
184,330
42,241
149,234
183,370
124,471
179,600
175,503
180,412
3,636
20,467
19,658
19,674
23,193
213,470
163,36
192,8
202,201
182,20
149,246
223,214
104,69
206,435
17,292
205,437
75,295
10,225
56,197
181,317
22,238
219,356
175,112
219,94
219,297
150,60
226,95
251,183
116,342
210,43
22,85
178,191
210,274
80,215
208,189
258,164
192,175
205,101
250,19
205,167
182,411
34,239
19,760
252,652
55,86
11,396
180,365
28,380
215,107
161,229
186,153
160,377
184,158
141,456
188,293
171,483
217,137
170,172
13,252
35,52
221,190
239,304
220,303
188,257
25,314
100,146
184,171
186,92
34,91
87,382
146,79
14,414
209,185
190,145
208,147
209,265
193,113
210,150
186,7
23,129
187,242
226,26
179,138
252,309
228,477
229,157
255,184
180,41
3,10
218,136
8,254
127,2
45,126
204,154
209,61
86,266
20,3
145,144
252,71
21,128
179,272
218,439
39,178
219,121
215,102
21,643
21,339
35,324
189,83
133,80
16,88
209,296
206,288
179,259
253,6
221,42
179,495
226,232
179,163
187,1
183,366
10,4
205,261
41,29
179,119
179,519
179,289
203,419
188,51
187,48
187,402
209,22
171,54
77,40
214,97
208,333
187,32
62,578
33,602
21,131
179,135
203,57
179,132
180,18
199,14
209,179
221,275
183,349
208,283
34,455
215,481
178,285
218,210
205,59
213,104
183,9
194,263
208,39
180,284
203,220
176,5
212,233
177,264
19,223
215,222
187,398
187,576
19,451
219,231
223,253
108,374
180,16
18,556
11,277
221,367
218,244
218,44
183,114
187,353
183,318
35,90
212,120
187,186
187,523
19,249
218,118
255,68
223,93
179,64
218,404
100,267
179,250
84,310
19,361
196,430
19,177
224,72
179,371
177,78
34,270
205,273
231,31
223,47
180,62
183,17
213,96
171,161
252,74
211,334
187,46
19,156
184,116
184,23
19,75
230,56
208,216
85,326
187,255
204,67
179,37
179,478
221,278
179,159
12,209
205,379
218,200
183,509
217,319
221,235
187,447
252,221
187,228
177,188
179,702
208,49
218,269
183,133
209,87
20,428
184,688
180,581
187,596
172,389
215,655
210,553
253,599
179,549
217,641
179,570
179,124
226,646
187,579
183,388
166,676
218,624
19,678
173,705
136,287
254,482
249,387
19,525
255,491
218,492
218,485
176,558
205,400
235,406
212,416
184,390
19,465
34,665
35,450
227,165
32,322
179,496
179,320
184,170
179,354
183,352
23,431
187,58
187,243
179,340
179,559
183,444
187,609
179,457
185,403
227,507
183,276
20,476
165,38
20,202
179,351
187,355
250,433
213,111
187,109
208,338
179,50
187,182
211,203
19,33
187,386
179,474
179,795
183,701
179,781
179,262
221,792
179,794
32,793
179,770
179,290
184,115
33,524
241,34
179,13
212,21
20,15
179,708
253,797
33,737
33,736
180,180
179,786
217,773
179,745
179,771
208,734
179,709
179,731
173,772
187,251
184,743
180,236
179,748
187,749
179,798
187,787
252,445
179,187
179,217
253,732
253,493
33,566
35,657
252,656
33,454
179,427
33,585
33,535
252,659
179,697
171,149
179,84
179,789
33,321
36,744
33,488
179,106
179,199
35,82
35,751
179,429
252,616
179,785
179,593
179,778
179,469
179,765
251,484
179,738
179,204
236,311
179,733
179,726
255,327
250,729
252,345
179,258
179,730
253,707
184,631
33,768
33,500
33,644
33,791
179,110
179,681
255,166
179,764
252,424
174,757
179,413
33,647
179,784
184,472
255,763
252,776
33,572
35,66
179,53
32,117
179,645
254,70
33,247
33,346
33,181
33,24
179,291
33,421
35,160
