19,753
18,746
19,76
12,762
14,775
19,512
17,668
22,486
14,706
18,696
23,758
23,699
4,780
13,260
4,711
16,691
9,499
13,796
21,45
22,130
4,206
12,89
10,669
27,632
23,735
17,703
23,724
23,790
12,756
23,782
9,754
12,169
2,777
4,716
23,759
23,761
11,123
3,755
14,774
12,663
18,661
19,788
22,583
15,511
23,739
10,694
9,577
12,690
26,606
3,752
12,767
17,747
29,685
12,383
23,766
10,63
13,713
3,468
14,127
22,679
19,741
9,750
23,672
9,619
23,727
29,742
11,693
9,722
22,717
29,714
19,528
9,504
23,608
10,660
10,510
23,605
23,698
9,728
17,634
19,635
23,526
1,574
19,502
4,417
22,372
24,537
26,473
19,432
23,544
9,282
17,589
17,337
9,557
22,224
22,710
9,721
12,626
23,385
23,529
23,405
21,395
19,426
23,617
14,595
23,671
6,552
20,515
23,666
3,667
29,551
3,615
22,603
17,683
15,522
4,569
10,680
29,505
9,627
12,516
9,723
19,686
23,466
23,719
3,725
23,689
19,637
23,564
19,568
17,286
23,306
13,464
13,453
26,436
23,313
13,28
18,329
17,77
18,218
23,268
23,494
23,440
23,514
23,449
19,769
17,378
17,65
17,783
23,598
4,700
17,625
23,720
23,654
20,662
19,452
23,597
10,256
18,438
20,105
8,240
30,673
10,590
23,612
19,638
21,533
3,622
29,565
21,563
23,664
23,506
3,670
17,692
17,675
23,348
23,541
21,381
23,459
9,584
19,618
13,548
4,546
27,650
2,384
22,408
18,358
17,312
9,779
4,27
25,642
21,718
17,441
22,740
23,592
23,300
23,518
23,227
23,211
22,628
23,213
1,99
8,443
22,639
3,677
2,35
29,155
23,392
23,195
23,98
23,174
8,30
13,462
23,237
23,393
23,422
22,226
21,542
10,298
4,376
23,294
23,305
14,580
25,198
14,331
14,336
23,134
22,192
23,315
23,196
25,682
20,540
23,591
14,148
19,391
14,271
23,547
25,567
4,653
23,704
22,418
21,280
23,630
23,415
17,463
3,687
15,594
23,357
22,360
27,434
23,550
9,629
9,536
4,490
17,368
14,140
18,520
11,125
23,302
17,458
29,11
19,100
23,517
12,141
4,343
14,480
14,308
17,325
19,461
9,245
23,623
26,531
9,364
23,497
19,521
9,534
22,684
13,460
3,601
16,620
8,543
23,715
23,139
23,420
23,212
13,142
14,610
13,651
23,586
3,151
19,425
12,423
4,508
28,73
22,401
20,347
23,539
22,498
19,399
22,561
23,538
23,640
23,621
23,487
23,475
17,649
17,562
23,575
23,571
23,611
23,316
18,648
9,633
29,712
23,442
23,613
17,407
23,350
23,409
22,554
9,410
7,489
3,122
5,176
3,448
23,607
19,501
23,695
10,614
29,532
23,446
23,560
23,301
23,194
23,205
12,207
10,162
23,582
23,335
23,168
3,143
19,208
3,369
23,103
22,588
23,573
23,397
29,281
27,555
23,248
23,307
13,344
23,108
3,25
3,332
9,279
3,362
3,230
22,55
23,12
23,363
23,530
23,323
9,81
23,373
23,513
23,545
20,328
19,527
16,173
23,375
23,152
23,394
9,219
23,359
23,604
16,479
23,341
23,587
20,299
23,330
8,241
20,234
23,370
17,471
23,600
23,503
23,412
2,636
3,467
3,658
3,674
3,193
23,470
23,36
23,8
23,201
23,20
20,246
23,214
14,69
23,435
3,292
23,437
12,295
3,225
9,197
23,317
3,238
23,356
23,112
23,94
23,297
21,60
23,95
29,183
17,342
23,43
3,85
23,191
23,274
12,215
23,189
31,164
23,175
23,101
29,19
23,167
23,411
4,239
3,760
29,652
9,86
3,396
23,365
3,380
23,107
22,229
23,153
22,377
23,158
19,456
23,293
23,483
23,137
23,172
3,252
4,52
23,190
25,304
23,303
23,257
3,314
14,146
23,171
23,92
4,91
13,382
20,79
3,414
23,185
23,145
23,147
23,265
23,113
23,150
23,7
3,129
23,242
23,26
23,138
29,309
23,477
23,157
29,184
23,41
2,10
23,136
3,254
18,2
8,126
23,154
23,61
13,266
3,3
20,144
29,71
3,128
23,272
23,439
6,178
23,121
23,102
3,643
3,339
4,324
23,83
19,80
3,88
23,296
23,288
23,259
29,6
23,42
23,495
23,232
23,163
23,1
23,366
3,4
23,261
7,29
23,119
23,519
23,289
23,419
23,51
23,48
23,402
23,22
23,54
12,40
23,97
23,333
23,32
9,578
4,602
3,131
23,135
23,57
23,132
23,18
23,14
23,179
23,275
23,349
23,283
4,455
23,481
23,285
23,210
23,59
23,104
23,9
23,263
23,39
23,284
23,220
23,5
23,233
23,264
3,223
23,222
23,398
23,576
3,451
23,231
23,253
16,374
23,16
3,556
3,277
23,367
23,244
23,44
23,114
23,353
23,318
4,90
23,120
23,186
23,523
3,249
23,118
29,68
23,93
23,64
23,404
14,267
23,250
12,310
3,361
23,430
3,177
23,72
23,371
23,78
4,270
23,273
23,31
23,47
23,62
23,17
23,96
23,161
29,74
23,334
23,46
3,156
23,116
23,23
3,75
23,56
23,216
12,326
23,255
23,67
23,37
23,478
23,278
23,159
3,209
23,379
23,200
23,509
23,319
23,235
23,447
29,221
23,228
23,188
23,702
23,49
23,269
23,133
23,87
3,428
23,688
23,581
23,596
23,389
23,655
23,553
29,599
23,549
23,641
23,570
23,124
23,646
23,579
23,388
23,676
23,624
3,678
23,705
19,287
29,482
29,387
3,525
29,491
23,492
23,485
23,558
23,400
24,406
23,416
23,390
3,465
4,665
4,450
23,165
4,322
23,496
23,320
23,170
23,354
23,352
3,431
23,58
23,243
23,340
23,559
23,444
23,609
23,457
23,403
23,507
23,276
3,476
23,38
3,202
23,351
23,355
29,433
23,111
23,109
23,338
23,50
23,182
23,203
3,33
23,386
23,474
23,795
23,701
23,781
23,262
23,792
23,794
4,793
23,770
23,290
23,115
4,524
25,34
23,13
23,21
3,15
23,708
29,797
4,737
4,736
23,180
23,786
23,773
23,745
23,771
23,734
23,709
23,731
23,772
23,251
23,743
23,236
23,748
23,749
23,798
23,787
29,445
23,187
23,217
29,732
29,493
4,566
4,657
29,656
4,454
23,427
4,585
4,535
29,659
23,697
23,149
23,84
23,789
4,321
5,744
4,488
23,106
23,199
4,82
4,751
23,429
29,616
23,785
23,593
23,778
23,469
23,765
29,484
23,738
23,204
24,311
23,733
23,726
29,327
29,729
29,345
23,258
23,730
29,707
23,631
4,768
4,500
4,644
4,791
23,110
23,681
29,166
23,764
29,424
23,757
23,413
4,647
23,784
23,472
29,763
29,776
4,572
4,66
23,53
4,117
23,645
29,70
4,247
4,346
4,181
4,24
23,291
4,421
4,160
