2,712
2,728
2,737
2,724
2,701
2,600
11,618
2,508
2,646
2,654
2,656
2,505
2,719
2,739
2,643
2,669
2,664
2,504
11,686
2,616
2,729
2,677
11,596
2,633
11,734
11,718
2,715
2,723
2,702
11,545
2,685
2,671
2,722
2,571
2,406
2,720
2,512
2,756
2,735
11,727
2,370
2,546
2,364
2,427
2,621
11,564
2,351
2,521
2,632
2,732
11,687
2,659
1,526
2,604
2,731
2,705
1,615
2,601
2,506
2,672
2,714
2,611
2,644
11,708
11,479
2,648
2,559
2,588
2,547
11,710
2,667
2,581
2,469
2,553
2,647
11,636
2,638
2,562
2,688
2,585
11,520
2,262
2,630
2,560
2,613
2,419
2,699
2,476
2,590
2,456
2,529
2,570
2,623
2,662
2,272
2,401
2,524
11,403
1,609
11,321
2,346
2,649
2,645
2,386
2,368
2,661
2,652
2,706
2,461
16,284
2,625
11,550
2,586
11,670
2,634
2,610
2,703
1,543
2,683
11,352
2,721
11,568
11,363
2,208
2,535
16,541
2,379
11,497
2,418
5,528
2,444
11,640
2,695
2,607
2,655
2,591
13,680
2,573
2,673
10,696
8,593
16,400
2,709
2,658
1,657
2,540
2,446
2,393
15,319
13,453
2,660
11,438
2,462
13,507
6,744
4,675
2,287
1,264
2,192
1,484
2,679
13,347
2,460
2,605
2,390
13,382
3,405
2,236
2,454
1,578
1,247
11,488
11,378
4,522
13,407
13,425
13,502
2,330
11,373
13,276
13,483
13,285
2,274
13,435
13,491
2,249
2,415
13,515
13,441
2,514
15,374
13,486
13,327
16,381
13,377
13,487
13,429
13,574
14,542
13,463
13,525
13,450
13,455
2,493
2,220
13,238
13,320
13,243
13,413
2,387
13,316
13,354
13,443
11,492
9,397
2,189
1,412
11,150
16,404
13,248
13,537
2,241
13,385
13,299
13,211
2,408
13,232
13,306
13,430
13,464
13,577
13,494
2,567
2,258
13,384
13,255
13,627
13,235
13,270
13,181
13,177
13,532
13,594
13,608
1,421
2,296
13,383
13,694
13,414
1,503
13,411
13,556
13,442
13,513
13,361
13,642
15,209
13,329
13,348
13,325
13,475
13,227
13,449
13,283
13,436
13,307
13,239
13,162
13,266
13,434
13,212
13,297
13,196
13,184
13,301
13,223
13,345
13,259
13,500
13,197
7,490
13,579
13,554
13,392
13,641
13,576
13,480
13,228
13,290
13,288
13,253
16,372
13,440
13,350
13,225
13,375
13,252
13,278
13,176
13,598
13,575
13,395
9,626
13,472
13,416
13,231
13,206
13,595
13,240
13,628
13,561
13,268
13,582
2,277
13,275
13,154
13,201
13,603
13,185
13,750
13,747
13,755
13,745
13,758
13,653
13,760
13,757
13,753
13,742
13,748
13,752
13,746
13,749
13,751
11,743
13,761
2,523
13,552
2,527
13,467
13,332
13,549
13,451
13,530
13,353
13,366
13,221
13,359
13,256
13,322
13,555
13,254
13,280
13,202
13,485
2,291
13,237
16,355
13,300
13,424
13,340
13,519
13,580
13,459
13,389
13,614
13,282
13,544
16,265
13,433
1,380
13,289
13,589
13,305
13,439
13,651
13,311
13,309
13,637
13,639
13,445
13,224
13,668
13,344
13,597
13,587
13,251
13,207
13,315
13,230
13,631
13,195
13,312
13,295
13,698
2,516
13,388
13,313
13,612
13,399
13,509
13,563
13,367
13,583
13,557
13,409
13,716
13,398
13,394
13,622
13,432
13,437
13,465
13,635
13,458
13,410
16,293
13,468
13,539
2,267
13,334
16,349
13,343
13,362
13,428
16,606
13,338
13,302
13,260
13,242
16,357
13,308
13,342
13,518
13,717
13,331
13,182
13,175
13,279
13,261
13,365
13,689
13,510
13,551
13,423
13,304
11,326
13,318
13,726
13,697
13,269
13,681
13,707
13,317
13,617
13,693
1,692
13,629
13,725
13,730
13,676
13,496
13,323
13,666
13,736
13,691
13,733
13,569
13,682
13,665
13,489
13,538
11,548
2,402
13,599
13,481
16,263
16,452
13,572
13,482
13,584
13,558
13,498
13,213
13,501
13,200
13,391
13,376
13,624
13,704
13,324
13,678
13,273
13,360
1,180
13,470
13,690
13,198
16,333
13,740
13,466
13,471
13,328
13,294
13,188
13,286
13,448
13,203
13,193
13,244
2,592
13,684
13,565
13,663
13,536
13,298
2,137
13,336
13,341
13,166
13,229
13,310
13,271
13,199
13,763
13,764
13,754
13,149
13,191
13,257
2,194
13,499
16,110
2,292
13,426
13,369
13,477
13,602
13,219
13,422
13,478
13,358
13,142
13,711
13,533
13,126
13,431
13,417
13,64
13,112
13,172
13,65
13,114
13,25
13,218
13,81
13,741
13,122
13,23
13,46
13,152
13,566
13,30
13,70
13,123
11,179
13,76
13,100
13,7
13,214
13,128
13,473
13,447
13,335
13,650
13,19
13,51
13,770
13,40
13,98
13,26
13,173
13,132
13,120
13,700
13,738
13,303
13,215
13,155
13,713
13,281
13,141
13,140
13,5
13,79
13,15
13,115
13,337
13,420
13,54
13,127
16,102
13,31
13,69
13,517
13,67
13,216
13,8
13,33
13,74
13,29
13,55
13,14
13,89
13,32
13,84
13,28
13,72
2,1
2,47
13,3
13,41
13,97
13,90
13,6
13,39
13,133
13,82
13,762
13,11
13,27
13,21
13,125
13,765
13,44
13,769
13,43
13,768
13,135
13,183
13,190
13,68
13,161
13,159
13,124
13,92
13,234
13,168
13,246
11,147
13,531
13,134
13,66
13,153
13,106
13,60
13,77
13,20
13,22
13,2
13,10
13,93
13,45
13,109
13,101
13,78
13,131
13,58
13,157
13,144
13,24
13,103
13,35
1,146
13,62
13,48
13,18
13,767
13,13
13,87
13,36
13,17
13,37
13,63
13,83
13,9
13,16
13,42
13,136
13,766
13,339
13,205
13,71
13,396
13,178
13,52
13,222
13,356
13,116
9,107
13,474
13,96
13,511
13,534
13,314
13,204
13,138
13,91
13,151
13,50
16,139
13,148
6,88
13,38
13,111
13,80
13,86
13,210
13,61
13,12
13,117
13,73
13,186
13,75
13,620
13,105
13,165
13,85
13,104
13,187
13,163
13,121
13,95
13,169
13,108
13,56
13,143
9,164
13,113
13,129
11,233
13,226
13,759
13,619
13,94
13,59
13,49
13,119
13,34
13,4
13,160
13,250
13,495
12,158
13,245
13,457
13,171
13,217
2,170
13,57
13,99
2,53
12,674
12,371
2,145
2,118
2,167
2,174
2,156
11,130
