154,667
132,680
34,672
7,649
130,652
160,651
118,634
63,671
101,669
135,660
86,510
116,656
19,631
127,647
146,598
128,594
35,682
94,107
145,515
91,405
105,138
91,474
102,481
9,519
126,507
38,552
126,639
63,646
100,495
80,617
107,553
4,658
133,616
80,527
142,584
156,543
18,535
123,654
121,583
63,558
51,636
97,664
77,608
109,655
91,666
103,653
21,629
70,676
59,599
107,560
1,601
63,358
91,644
89,446
92,678
63,71
123,633
132,588
38,145
78,395
42,234
32,550
156,426
63,485
162,430
47,429
61,374
133,302
156,129
158,308
63,327
63,416
63,82
98,257
56,8
40,52
16,489
150,152
63,143
65,421
109,587
63,612
21,579
89,623
149,565
63,90
108,486
8,600
42,452
63,378
35,534
138,549
18,352
129,195
11,432
156,353
65,454
142,417
34,473
52,546
63,363
49,330
3,216
91,228
58,427
48,491
63,536
137,453
10,410
80,400
115,541
133,334
83,350
108,555
32,595
12,663
63,637
2,650
76,643
63,563
40,657
63,508
95,681
68,662
56,372
122,626
63,404
9,590
63,513
108,465
133,478
65,447
133,246
148,611
39,613
142,554
6,580
63,566
136,529
156,568
63,476
134,597
63,591
40,551
63,521
48,574
96,573
120,562
41,585
31,511
74,537
63,412
140,632
140,592
17,576
15,578
41,610
54,642
63,615
56,487
56,533
64,530
10,497
5,455
29,544
61,556
81,630
73,531
155,456
121,479
26,268
117,517
112,282
86,422
133,444
60,509
104,351
63,218
61,329
135,326
54,420
122,451
30,518
63,461
145,394
128,528
116,437
80,324
51,548
138,213
133,202
33,645
133,624
35,496
63,460
38,226
125,545
69,204
133,356
71,377
153,127
63,270
88,159
63,217
70,73
56,249
66,291
46,449
56,337
40,72
63,40
101,442
63,459
63,64
89,364
63,419
63,101
63,439
18,609
58,577
43,561
40,606
7,684
82,532
91,618
63,538
77,614
63,581
65,525
10,559
63,539
60,540
125,214
63,677
27,635
20,564
62,607
55,596
58,431
66,492
63,665
157,409
133,297
56,406
91,141
63,462
63,340
71,488
63,522
148,418
19,467
147,475
60,307
133,493
91,381
65,296
63,231
56,120
62,285
36,277
40,391
10,56
56,211
90,524
75,122
63,362
144,271
63,498
133,298
63,503
63,247
72,463
86,86
135,441
57,567
67,28
63,283
82,317
57,266
63,506
72,117
63,184
63,433
37,361
63,483
61,336
79,342
66,322
60,345
2,79
63,280
89,241
99,436
57,178
13,259
63,237
63,162
63,132
53,424
139,256
28,411
63,80
120,371
84,97
151,229
161,166
63,390
63,413
156,325
132,526
1,179
22,286
89,457
50,67
88,466
56,490
63,393
44,575
91,369
67,379
156,471
63,176
133,289
63,398
61,253
63,232
63,512
74,621
63,49
63,288
56,240
91,207
130,276
63,320
58,124
63,542
63,458
88,335
131,239
63,469
20,220
63,354
87,105
7,294
63,279
106,375
156,275
89,470
154,435
63,382
63,384
63,401
63,516
58,161
91,263
63,206
71,386
63,316
14,209
135,125
63,258
63,75
63,331
63,370
73,244
25,160
141,198
89,48
61,205
56,248
65,357
63,494
73,200
63,281
57,272
156,168
63,365
63,373
60,151
141,328
63,265
56,119
47,227
56,43
156,60
56,30
6,188
145,110
85,34
61,438
63,287
110,167
61,238
63,434
63,181
124,158
119,41
60,189
111,100
63,299
56,304
91,113
159,389
63,224
63,278
63,501
113,675
47,679
63,619
63,245
65,500
63,480
61,520
156,686
133,640
63,628
63,589
63,502
63,45
63,402
63,104
63,20
89,319
65,53
145,255
63,332
63,355
133,225
63,22
63,292
63,313
63,685
63,368
55,423
56,54
63,84
63,348
79,215
63,586
133,264
63,55
63,338
132,203
63,315
24,482
63,11
63,273
156,174
63,343
152,499
63,66
63,408
63,383
63,468
63,208
63,472
61,146
58,106
63,102
63,314
63,89
63,61
63,221
156,318
63,261
61,210
63,121
47,222
58,144
56,76
60,157
45,149
63,26
63,196
63,59
63,135
23,284
63,260
63,91
91,17
63,194
88,3
63,99
155,235
63,171
63,301
63,445
63,477
63,366
61,47
63,83
63,312
63,115
71,62
63,192
63,183
63,165
63,150
93,37
91,93
91,219
91,13
63,251
143,341
155,236
63,77
63,156
63,155
63,295
63,116
63,359
60,230
63,109
134,163
63,262
56,95
63,128
63,24
63,4
91,223
63,344
63,387
156,137
63,88
63,290
61,118
63,103
63,311
63,51
63,32
63,164
63,68
63,415
63,133
63,175
63,33
63,191
63,254
63,112
63,193
63,243
58,428
63,199
63,269
63,131
63,323
155,440
63,443
63,310
63,58
63,2
63,142
63,514
63,333
63,5
63,339
157,274
63,10
63,360
63,180
63,139
63,16
63,186
63,94
63,108
63,380
63,367
63,153
153,154
156,92
155,190
156,300
63,136
63,35
61,98
63,504
63,267
63,425
63,19
63,185
63,388
156,134
63,250
63,85
63,252
89,15
63,25
63,27
91,14
63,233
63,197
63,38
156,57
63,396
63,126
63,182
63,170
63,39
63,148
63,303
63,78
156,87
156,114
156,130
161,50
63,31
63,44
63,81
63,392
63,638
63,407
63,173
63,399
63,111
63,7
63,172
63,12
63,187
91,397
156,212
59,9
156,23
63,177
63,46
156,346
63,21
154,42
91,147
63,123
63,18
63,293
63,74
63,29
63,140
63,604
63,376
63,622
114,347
63,670
91,523
159,464
63,661
63,321
63,602
63,582
63,96
63,36
156,683
63,69
63,625
63,570
63,448
63,659
63,648
63,414
63,63
63,620
63,385
156,603
63,572
156,593
63,309
63,505
63,484
63,668
63,674
63,547
155,169
63,571
156,242
63,557
63,70
151,641
155,403
91,627
63,349
63,1
63,569
91,201
63,6
63,305
63,673
156,450
63,605
89,306
91,65
