48,135
31,167
3,130
14,219
12,278
76,276
48,223
112,192
39,162
30,325
115,201
109,287
87,343
54,265
38,299
20,319
6,235
21,382
32,341
22,141
13,123
21,182
14,381
6,304
19,395
44,418
13,378
32,448
28,222
6,298
14,349
48,449
108,396
35,87
81,406
88,76
108,455
20,405
12,364
14,397
22,311
54,458
21,463
56,473
108,467
44,13
56,36
21,215
108,153
13,344
108,432
76,438
24,371
76,322
6,279
39,216
108,194
43,307
56,294
112,121
111,208
18,470
81,421
42,474
39,54
108,6
44,52
56,303
12,138
60,224
108,380
108,433
44,63
42,110
108,331
103,379
60,315
42,35
111,353
13,246
60,321
108,360
56,317
60,392
56,146
108,372
103,269
21,180
111,460
54,387
24,206
60,189
13,273
38,383
56,231
56,357
111,242
33,476
60,258
34,237
108,184
108,106
111,103
56,115
34,114
111,156
60,295
56,89
108,462
81,339
108,61
11,176
108,79
111,97
111,197
21,165
22,318
40,227
43,290
40,270
71,388
12,301
100,400
108,284
34,232
54,267
108,347
18,257
60,183
98,332
11,209
11,255
22,291
43,217
98,327
56,384
56,158
76,456
43,239
54,316
100,359
61,305
6,8
61,342
54,60
77,401
108,336
54,323
61,187
54,233
54,252
43,157
88,101
54,124
54,296
111,171
108,72
111,49
12,179
116,127
55,109
98,57
9,113
61,37
111,166
108,147
98,86
108,45
43,111
54,82
108,186
108,102
11,33
61,168
54,71
111,51
34,320
44,66
108,75
79,172
43,408
100,12
111,454
111,361
60,466
108,338
108,414
20,160
63,459
15,354
13,461
98,434
61,11
71,425
39,377
54,398
111,435
18,285
11,328
54,90
98,196
54,281
54,253
34,211
54,203
65,272
56,329
71,247
111,429
54,345
54,245
33,236
56,370
56,373
88,148
71,261
111,251
34,250
98,404
42,170
54,243
94,326
98,140
74,205
14,260
22,221
111,126
56,154
60,155
39,14
66,293
111,375
108,202
33,42
98,297
54,367
111,175
43,362
111,145
12,210
34,150
68,151
54,200
33,161
54,83
80,96
54,207
43,213
33,137
54,214
54,330
108,104
54,108
43,59
111,313
11,85
111,47
111,95
61,136
54,228
54,68
61,44
14,300
34,366
98,363
45,457
111,465
11,444
79,346
111,259
41,283
54,144
62,142
34,174
49,314
98,193
40,149
98,164
71,262
48,356
54,185
34,81
61,92
111,107
54,229
40,129
98,70
11,84
11,352
111,77
111,99
33,351
54,306
71,58
111,139
108,248
54,119
94,152
98,238
56,181
111,374
43,254
76,302
101,134
112,310
59,169
71,451
33,427
27,73
43,67
89,26
15,46
56,178
61,391
81,266
111,440
77,424
111,422
98,348
108,416
80,7
82,478
108,32
33,280
98,1
54,376
111,275
54,439
54,389
56,446
81,407
111,472
17,218
11,204
11,241
110,264
33,274
106,105
111,100
25,177
99,282
112,125
98,368
83,442
54,34
53,369
111,420
47,355
104,244
25,98
59,234
60,249
80,337
117,324
33,308
61,402
69,212
11,292
111,413
80,65
107,56
54,195
58,230
93,9
11,415
57,94
54,394
34,15
36,277
54,286
82,118
78,120
54,436
43,417
54,64
49,78
118,74
95,220
81,426
74,477
102,271
98,410
67,365
111,334
7,335
31,412
64,288
111,112
51,132
18,464
44,256
77,431
1,358
38,173
97,268
105,131
89,447
54,468
16,199
111,289
110,471
33,445
26,163
54,430
91,27
103,21
50,80
109,423
29,93
11,191
14,50
11,69
37,240
106,122
39,39
48,159
40,5
96,31
8,40
36,23
72,263
46,4
13,225
46,411
119,312
42,469
43,190
22,399
54,333
10,437
11,62
83,128
75,198
113,390
54,25
40,30
17,24
84,17
49,55
46,143
2,450
34,385
4,419
52,41
9,20
51,428
11,133
95,117
104,226
6,453
43,91
5,53
23,43
109,48
92,22
111,18
58,88
90,116
116,16
64,38
114,188
111,309
85,403
11,29
52,340
107,350
86,441
11,393
15,3
72,452
9,443
50,19
85,28
73,386
29,2
70,409
41,475
48,10
