67,753
66,746
69,76
37,762
47,775
68,512
56,668
80,486
47,706
65,696
93,758
90,699
11,780
45,260
11,711
53,691
21,499
45,796
76,45
80,130
11,206
36,89
32,669
107,632
90,735
57,703
84,724
86,790
37,756
88,782
20,754
40,169
4,777
11,716
82,759
99,761
35,123
5,755
47,774
36,663
62,661
68,788
79,583
51,511
86,739
31,694
20,577
39,690
105,606
10,752
38,767
60,747
111,685
36,383
90,766
29,63
46,713
6,468
47,127
77,679
69,741
20,750
86,672
28,619
86,727
111,742
34,693
26,722
80,717
109,714
70,528
24,504
92,608
31,660
33,510
86,605
86,698
22,728
61,634
68,635
90,526
1,574
68,502
11,417
79,372
101,537
105,473
68,432
86,544
27,282
59,589
59,337
26,557
77,224
77,710
21,721
36,626
81,385
83,529
93,405
76,395
72,426
95,617
47,595
86,671
13,552
74,515
90,666
10,667
111,551
10,615
77,603
56,683
52,522
11,569
32,680
111,505
26,627
37,516
27,723
72,686
94,466
86,719
8,725
93,689
69,637
86,564
71,568
56,286
86,306
46,464
46,453
105,436
89,313
46,28
65,329
60,77
63,218
93,268
93,494
93,440
93,514
96,449
70,769
58,378
59,65
58,783
93,598
11,700
56,625
92,720
91,654
74,662
69,452
82,597
31,256
62,438
73,105
19,240
112,673
31,590
96,612
67,638
76,533
8,622
111,565
76,563
96,664
86,506
7,670
59,692
60,675
91,348
88,541
76,381
94,459
25,584
71,618
45,548
11,546
106,650
4,384
77,408
62,358
58,312
27,779
11,27
104,642
76,718
60,441
79,740
89,592
97,300
96,518
81,227
89,211
80,628
89,213
2,99
17,443
80,639
5,677
4,35
111,155
96,392
86,195
96,98
96,174
17,30
44,462
83,237
93,393
83,422
80,226
76,542
29,298
11,376
86,294
91,305
47,580
102,198
50,331
50,336
86,134
80,192
88,315
83,196
102,682
74,540
90,591
48,148
67,391
47,271
98,547
103,567
11,653
88,704
77,418
75,280
86,630
98,415
57,463
6,687
51,594
93,357
80,360
106,434
95,550
27,629
25,536
11,490
60,368
49,140
65,520
34,125
86,302
59,458
111,11
68,100
86,517
37,141
11,343
47,480
50,308
56,325
69,461
25,245
86,623
105,531
22,364
93,497
71,521
20,534
79,684
45,460
5,601
54,620
18,543
90,715
93,139
95,420
86,212
43,142
47,610
44,651
86,586
8,151
68,425
37,423
11,508
108,73
80,401
73,347
88,539
80,498
68,399
77,561
88,538
98,640
83,621
96,487
93,475
60,649
60,562
88,575
86,571
95,611
93,316
63,648
25,633
111,712
85,442
86,613
59,407
89,350
94,409
80,554
27,410
15,489
7,122
12,176
7,448
90,607
68,501
93,695
30,614
111,532
91,446
86,560
98,301
89,194
90,205
40,207
31,162
96,582
89,335
86,168
10,143
68,208
6,369
98,103
78,588
93,573
95,397
111,281
106,555
92,248
86,307
43,344
94,108
10,25
9,332
27,279
9,362
10,230
77,55
93,12
85,363
91,530
93,323
25,81
90,373
90,513
93,545
74,328
67,527
55,173
93,375
95,152
98,394
23,219
86,359
90,604
53,479
91,341
88,587
74,299
86,330
17,241
74,234
86,370
61,471
86,600
85,503
86,412
3,636
8,467
8,658
8,674
8,193
93,470
81,36
88,8
91,201
86,20
74,246
95,214
50,69
92,435
8,292
92,437
36,295
5,225
25,197
86,317
8,238
94,356
85,112
94,94
94,297
75,60
97,95
111,183
58,342
93,43
8,85
86,191
93,274
38,215
93,189
113,164
88,175
92,101
111,19
92,167
86,411
11,239
8,760
111,652
25,86
6,396
86,365
10,380
93,107
80,229
86,153
80,377
86,158
71,456
86,293
83,483
94,137
83,172
6,252
11,52
94,190
103,304
94,303
86,257
8,314
48,146
86,171
86,92
11,91
42,382
73,79
6,414
93,185
87,145
93,147
93,265
88,113
93,150
86,7
8,129
86,242
97,26
86,138
111,309
97,477
98,157
111,184
86,41
3,10
94,136
5,254
64,2
18,126
91,154
93,61
42,266
8,3
73,144
111,71
8,128
86,272
94,439
14,178
94,121
93,102
8,643
8,339
11,324
86,83
68,80
7,88
93,296
92,288
86,259
111,6
94,42
86,495
97,232
86,163
86,1
86,366
5,4
92,261
16,29
86,119
86,519
86,289
91,419
86,51
86,48
86,402
93,22
83,54
37,40
93,97
93,333
86,32
27,578
11,602
8,131
86,135
91,57
86,132
86,18
90,14
93,179
94,275
86,349
93,283
11,455
93,481
86,285
94,210
92,59
93,104
86,9
88,263
93,39
86,284
91,220
85,5
93,233
85,264
8,223
93,222
86,398
86,576
8,451
94,231
95,253
53,374
86,16
8,556
6,277
94,367
94,244
94,44
86,114
86,353
86,318
11,90
93,120
86,186
86,523
8,249
94,118
111,68
95,93
86,64
94,404
48,267
86,250
40,310
8,361
89,430
8,177
96,72
86,371
85,78
11,270
92,273
98,31
95,47
86,62
86,17
93,96
83,161
111,74
93,334
86,46
8,156
86,116
86,23
8,75
98,56
93,216
41,326
86,255
91,67
86,37
86,478
94,278
86,159
6,209
92,379
94,200
86,509
94,319
94,235
86,447
111,221
86,228
85,188
86,702
93,49
94,269
86,133
93,87
8,428
86,688
86,581
86,596
83,389
93,655
93,553
111,599
86,549
94,641
86,570
86,124
97,646
86,579
86,388
82,676
94,624
8,678
84,705
68,287
111,482
110,387
8,525
111,491
94,492
94,485
85,558
92,400
100,406
93,416
86,390
8,465
11,665
11,450
97,165
11,322
86,496
86,320
86,170
86,354
86,352
8,431
86,58
86,243
86,340
86,559
86,444
86,609
86,457
86,403
97,507
86,276
8,476
82,38
8,202
86,351
86,355
111,433
93,111
86,109
93,338
86,50
86,182
93,203
8,33
86,386
86,474
86,795
86,701
86,781
86,262
94,792
86,794
11,793
86,770
86,290
86,115
11,524
104,34
86,13
93,21
8,15
86,708
111,797
11,737
11,736
86,180
86,786
94,773
86,745
86,771
93,734
86,709
86,731
84,772
86,251
86,743
86,236
86,748
86,749
86,798
86,787
111,445
86,187
86,217
111,732
111,493
11,566
11,657
111,656
11,454
86,427
11,585
11,535
111,659
86,697
83,149
86,84
86,789
11,321
12,744
11,488
86,106
86,199
11,82
11,751
86,429
111,616
86,785
86,593
86,778
86,469
86,765
111,484
86,738
86,204
100,311
86,733
86,726
111,327
111,729
111,345
86,258
86,730
111,707
86,631
11,768
11,500
11,644
11,791
86,110
86,681
111,166
86,764
111,424
84,757
86,413
11,647
86,784
86,472
111,763
111,776
11,572
11,66
86,53
11,117
86,645
111,70
11,247
11,346
11,181
11,24
86,291
11,421
11,160
