5,89
6,112
7,33
1,49
7,80
1,113
8,41
1,120
1,65
8,81
9,168
1,67
6,76
1,29
7,189
1,104
8,122
2,75
7,23
7,87
8,121
7,96
7,82
1,28
7,140
7,92
7,117
7,272
7,50
8,102
7,148
8,107
7,68
7,162
7,85
8,56
8,98
2,97
1,60
7,146
7,161
7,22
7,235
8,84
7,20
7,95
7,201
8,42
7,79
7,101
8,70
8,69
8,105
8,58
7,78
7,200
7,55
7,115
7,40
7,88
7,209
7,57
7,114
8,34
7,156
7,77
7,47
7,27
7,91
7,93
7,190
1,63
6,45
7,240
7,138
7,66
7,171
7,26
7,46
7,61
7,31
7,90
8,35
7,15
7,59
6,25
7,232
7,271
7,62
7,19
7,71
7,268
7,244
6,247
7,175
7,264
7,133
7,109
1,43
8,127
7,248
7,249
8,254
7,198
7,221
7,218
7,181
8,158
7,233
7,74
8,5
7,106
7,110
7,126
7,267
1,257
7,3
6,94
6,170
7,119
7,183
7,216
8,178
8,202
8,179
7,172
7,2
1,212
8,224
8,118
8,180
8,13
7,73
8,86
3,261
8,30
8,225
7,160
8,154
7,103
3,228
1,37
8,217
8,124
2,153
7,111
8,182
7,83
8,108
1,166
8,32
8,197
8,184
8,164
3,125
7,53
8,36
7,208
8,152
8,236
7,177
7,203
8,219
8,130
3,129
8,187
8,196
7,48
8,173
6,193
7,100
6,17
8,137
3,252
7,147
8,139
8,195
6,151
6,64
6,207
7,188
8,222
6,215
8,234
8,205
2,143
8,211
8,21
7,51
7,54
2,157
1,131
8,255
8,256
8,223
8,134
8,144
7,231
8,199
7,176
7,220
6,270
8,149
8,185
8,210
1,136
8,260
8,167
7,259
8,123
8,262
6,194
2,52
8,214
8,241
6,132
8,204
7,237
8,44
8,169
7,229
8,159
8,10
6,163
8,7
1,239
8,243
8,269
8,266
2,227
8,186
7,145
7,238
8,213
7,191
8,245
8,18
2,38
8,258
7,250
8,230
2,242
8,251
7,246
2,141
2,135
7,165
7,174
7,253
2,265
2,155
8,273
3,1
7,150
8,142
8,192
7,72
2,4
8,9
8,128
6,263
8,206
1,14
7,24
3,226
8,12
7,99
7,116
8,39
8,16
7,8
7,6
4,11
