1,825
19,1225
24,1247
24,1178
1,1182
19,1177
19,1222
1,996
1,1236
19,1239
24,1061
24,546
19,1097
19,1246
1,1112
1,856
1,1055
19,1185
19,1244
19,1046
19,1167
19,446
1,971
19,1229
1,1232
19,1224
1,987
1,1206
24,1184
19,520
1,1253
1,1179
1,968
19,1252
1,1077
19,1238
1,932
24,1191
24,1176
1,1085
19,619
19,988
19,913
24,1139
1,1140
19,1205
24,568
19,1223
1,1022
24,1148
24,414
1,776
19,670
24,1218
19,1168
24,1133
19,1195
24,667
24,804
1,623
24,964
19,1128
22,1159
1,632
1,865
1,783
24,586
19,843
24,1157
1,976
19,979
1,1033
18,1111
19,949
1,947
19,871
19,755
19,1132
24,516
1,502
19,322
1,1102
9,1180
19,901
19,937
19,848
19,1221
19,391
24,889
19,1203
22,1153
19,1169
19,535
19,1090
19,739
1,874
24,867
1,982
1,744
24,759
19,1149
1,407
19,1110
19,1109
1,1240
24,955
1,462
1,1227
1,727
19,558
4,1065
24,1219
19,1213
1,1135
19,1151
19,1241
1,615
19,1141
1,607
19,1173
1,270
19,752
23,765
19,1114
6,1188
1,767
1,894
22,594
1,1198
1,842
19,296
19,832
1,970
4,823
19,641
1,1142
19,785
19,773
19,725
19,1129
19,421
5,1117
1,1175
19,1234
1,1200
19,1230
1,1040
19,1212
24,1174
1,521
19,926
19,669
24,868
19,251
19,1171
19,1158
1,1120
19,466
19,927
1,675
1,552
7,940
24,792
1,1093
1,1044
1,455
1,571
19,981
19,953
12,510
5,1197
1,1030
19,1025
19,1026
1,1087
19,935
1,345
1,1215
10,529
19,1056
19,898
19,777
1,365
19,1201
6,1242
1,1235
1,951
24,756
19,797
19,610
19,1143
19,341
19,748
19,651
1,816
19,980
19,808
19,719
19,423
1,908
19,1125
19,1154
19,896
19,966
19,303
10,880
19,628
1,318
19,1181
1,1095
1,1138
19,872
19,1013
19,1192
19,1237
24,499
19,914
19,1243
19,794
19,1051
19,1103
1,1052
24,531
19,828
19,1163
19,1152
16,604
4,1228
4,385
3,1122
19,509
19,1194
24,1189
19,1116
11,1131
15,663
1,668
19,775
14,681
19,1001
20,995
19,1210
19,830
19,1127
19,1170
2,905
19,1130
19,1211
16,1078
19,409
19,1084
16,977
17,271
19,638
24,873
19,393
19,1193
19,1119
5,1092
19,672
19,699
19,403
6,892
19,1164
19,1049
4,1012
13,1249
19,1006
19,938
19,761
19,969
19,847
19,350
19,354
14,430
19,406
19,899
14,637
19,1126
19,993
19,1183
19,974
24,386
19,674
1,1144
19,1081
1,989
19,973
19,355
19,572
19,608
19,442
19,213
19,189
19,1220
19,286
1,272
20,513
4,309
19,850
19,508
19,852
19,737
19,944
19,1094
19,434
19,844
19,401
19,357
19,684
19,923
19,612
19,1079
19,702
24,616
19,720
19,500
19,860
19,321
19,791
19,904
19,811
19,717
19,232
19,734
19,1024
19,707
19,424
19,1075
19,729
19,269
19,747
19,602
19,790
1,419
19,538
19,240
19,360
19,362
19,489
19,273
19,329
19,1072
19,460
19,382
19,465
19,812
19,353
19,344
19,786
19,802
19,593
19,855
19,829
19,566
19,963
19,473
19,264
19,1156
19,965
19,554
19,1108
19,1136
19,939
19,408
19,343
19,585
19,447
19,262
19,916
19,936
19,858
19,550
19,439
19,461
4,247
19,644
1,945
19,718
19,486
19,338
19,551
19,664
19,478
19,528
19,577
19,656
19,870
8,1104
4,960
19,284
20,849
19,443
19,1004
19,781
19,250
19,879
19,691
19,763
19,706
19,1039
19,925
19,517
19,714
19,787
19,771
19,1050
19,220
19,890
19,692
19,503
19,1002
19,768
19,622
19,613
19,1123
19,475
19,324
19,745
19,1106
19,437
19,749
19,950
19,1187
19,754
1,713
19,1038
19,545
19,626
19,911
19,328
18,295
19,780
19,640
19,1034
19,203
19,201
16,444
19,441
19,560
19,840
19,857
19,959
19,582
19,736
19,906
19,900
5,511
19,798
19,770
19,1209
19,793
19,313
19,690
19,245
19,339
5,361
12,1003
19,796
19,620
19,415
19,716
19,351
19,288
19,396
19,305
19,789
19,479
19,603
19,530
19,834
19,310
19,555
19,693
19,268
19,910
19,526
19,817
19,1009
19,678
19,864
19,590
24,595
19,564
19,753
19,494
19,553
19,377
19,534
19,533
19,156
19,519
1,962
19,459
19,405
19,598
19,882
19,346
19,1019
19,398
19,512
19,1216
19,676
19,1186
19,639
19,501
19,922
19,1214
19,467
19,1035
19,1199
19,665
19,609
19,575
19,1029
19,983
19,601
1,381
19,199
19,645
19,492
19,930
19,687
19,998
19,347
19,282
19,741
19,1059
19,348
19,801
19,333
19,371
19,686
19,751
19,482
19,778
19,304
19,758
19,624
19,1060
19,184
19,174
19,204
19,562
19,1076
19,1172
19,760
19,319
1,234
19,853
19,942
19,1071
19,231
19,541
19,683
19,374
19,248
19,450
19,671
19,1010
1,573
19,182
19,148
19,1070
19,420
19,611
19,642
19,866
19,1018
19,722
19,402
19,144
19,81
19,158
19,180
19,312
19,334
19,135
19,958
19,515
19,428
19,155
19,113
19,146
19,118
19,139
19,173
19,196
19,138
19,218
19,862
19,1053
19,818
19,655
19,703
19,788
19,440
19,631
19,918
19,588
19,657
19,967
19,694
19,557
25,648
19,1047
19,934
19,306
19,367
19,876
19,505
19,289
19,316
19,984
19,618
19,1005
19,1100
19,454
19,1099
19,723
19,539
19,779
19,715
19,652
19,221
19,277
19,1020
19,799
19,731
19,1226
19,412
19,543
19,281
19,477
19,764
19,1000
19,659
19,294
19,456
19,504
19,822
19,358
19,733
19,851
19,827
19,1115
19,433
19,567
19,302
19,1107
19,366
19,359
19,1037
19,861
19,757
19,1165
19,885
19,774
19,909
19,952
19,330
19,845
19,488
19,1101
19,480
19,730
19,1063
19,709
19,394
19,831
19,742
19,743
19,810
19,915
19,1086
19,1150
19,666
19,524
19,833
19,795
19,819
19,649
19,917
19,507
19,411
19,311
19,416
19,314
19,495
19,474
19,746
19,425
19,1091
19,1096
19,721
19,1098
5,807
4,581
19,1008
19,634
16,711
19,308
19,336
19,895
1,836
19,1088
19,673
19,565
19,1146
19,1067
19,1137
19,946
19,1105
19,1204
19,370
19,451
19,929
19,536
19,893
19,331
19,498
19,547
19,696
19,436
19,682
19,954
19,1054
19,978
19,888
19,704
19,265
19,469
19,679
19,735
19,379
19,726
19,540
5,712
19,375
19,387
19,225
19,293
19,238
19,1048
19,592
19,578
19,903
19,1202
19,661
20,1166
19,383
19,1021
19,496
19,576
19,1155
19,869
19,803
19,327
19,907
19,589
19,1023
19,1162
19,897
19,636
19,491
19,453
19,548
19,468
19,838
19,485
19,732
19,878
19,1124
19,487
19,471
19,1118
19,1042
19,766
19,591
19,580
19,629
19,584
19,991
19,650
19,762
19,826
19,1069
19,912
19,369
19,997
19,606
19,373
19,242
19,332
19,452
19,404
19,902
19,556
19,212
19,859
19,532
19,633
19,990
19,689
19,323
19,214
19,563
19,839
24,256
19,1036
19,1073
19,449
4,1082
1,1031
19,614
19,708
19,527
19,384
19,941
19,400
19,349
19,685
19,846
19,325
19,887
19,627
19,597
19,948
19,646
19,260
19,368
19,291
19,472
19,975
1,740
19,986
16,388
19,630
19,587
19,418
4,884
19,933
19,579
19,806
19,992
19,464
19,92
19,215
19,417
19,202
19,654
19,257
19,399
19,643
19,1217
19,985
19,1017
19,463
19,600
19,1134
19,207
19,972
19,596
19,292
19,635
19,280
19,660
19,337
19,863
19,1043
19,647
19,583
19,1007
19,542
19,700
19,1064
1,490
19,800
19,710
19,1014
19,677
19,569
19,919
19,999
19,470
19,522
19,724
19,617
19,1058
19,784
19,301
19,181
19,924
19,431
19,931
19,883
19,782
19,920
19,680
19,886
19,599
19,653
19,1190
19,422
19,805
19,621
19,1028
19,192
19,881
19,380
19,352
19,891
19,1041
19,525
19,769
19,243
19,875
19,957
19,484
19,658
19,1068
19,326
19,820
19,435
19,1032
19,317
19,276
19,427
19,943
19,290
19,570
19,476
19,320
19,497
19,662
19,410
19,523
19,815
19,824
19,364
19,506
19,274
19,413
19,226
19,395
19,854
19,481
19,169
19,224
19,397
19,209
19,307
19,152
19,71
19,76
14,1290
19,86
19,194
19,688
19,356
4,258
19,544
19,124
19,1062
19,122
19,176
19,429
19,340
19,1207
19,197
19,140
19,537
19,1045
19,1147
19,1089
19,1066
19,342
19,445
19,1080
19,198
19,205
19,363
19,625
19,1208
19,559
19,728
19,574
19,821
19,921
19,1113
19,695
19,254
19,103
1,85
19,219
19,90
19,101
19,168
19,95
19,772
19,78
19,46
19,120
19,137
19,300
19,94
19,372
19,928
19,93
19,151
1,261
19,77
19,55
19,514
20,279
1,131
19,154
19,244
19,217
19,104
19,30
19,10
19,74
19,110
19,88
19,68
1,132
19,57
19,87
19,36
19,116
19,193
19,43
19,1273
19,62
19,1276
19,22
19,1284
19,1277
19,24
19,1279
19,19
19,41
19,7
19,34
19,1298
19,1289
19,48
19,18
19,115
19,21
19,141
19,1283
19,6
19,1278
19,2
22,14
19,159
19,191
19,53
19,84
19,1272
19,190
19,20
19,1297
19,1282
19,1291
19,42
19,1145
19,26
19,13
19,1015
19,392
5,750
19,241
19,298
19,73
19,432
19,1260
19,1255
19,1254
19,1258
5,1259
19,1264
19,1257
19,1261
19,1256
19,1263
19,1262
19,701
19,252
19,438
19,837
19,249
19,227
19,253
19,206
19,179
19,235
19,170
19,458
19,267
19,239
19,275
19,956
19,278
19,236
19,89
19,51
19,61
19,44
19,216
19,283
19,483
19,255
19,47
19,50
19,39
19,153
19,3
1,38
19,69
19,12
19,315
19,11
19,1270
19,54
19,163
19,188
19,223
19,112
19,809
19,67
19,29
19,149
19,58
19,1275
19,106
19,56
19,233
19,97
19,1285
19,1271
19,1286
19,79
19,4
19,59
19,100
19,1299
19,1057
19,1161
19,1268
19,91
19,63
19,1245
19,128
19,123
19,605
19,83
1,389
22,147
19,814
19,178
19,25
19,177
19,70
19,160
19,493
19,164
19,426
19,167
19,33
19,31
19,1274
19,1281
19,166
19,35
19,1266
19,1294
19,60
19,105
19,15
19,107
19,102
19,80
19,1265
19,72
19,8
19,17
19,5
19,23
19,186
19,65
19,1292
19,45
4,1
19,16
19,1295
19,52
19,37
19,1280
19,1296
19,1293
19,1288
19,1267
19,165
19,9
19,1269
19,285
19,195
19,1287
19,187
19,108
19,136
19,49
19,121
19,64
19,161
19,222
19,175
19,1233
19,877
19,994
19,549
19,126
19,183
19,561
19,130
19,119
19,96
5,109
19,28
1,66
19,117
19,27
19,82
19,127
19,75
19,40
19,150
19,208
19,98
19,145
19,143
22,1160
19,211
19,297
5,99
19,1011
5,172
5,32
19,1300
19,378
21,1121
21,287
21,237
21,133
21,200
21,335
21,114
21,518
21,1027
21,705
21,1016
1,210
1,835
1,129
22,157
1,246
24,230
24,1074
19,738
19,1083
1,457
24,259
19,697
19,142
19,1231
19,1250
1,171
1,448
19,1248
19,1251
19,698
24,813
24,1196
1,266
1,841
19,228
19,299
19,111
1,376
1,134
1,961
1,229
1,390
19,125
19,263
24,185
1,162
