123,667
103,680
28,672
6,649
102,652
128,651
90,634
46,671
75,669
105,660
62,510
89,656
15,631
99,647
115,598
100,594
29,682
69,107
114,515
66,405
78,138
66,474
75,481
8,519
98,507
31,552
98,639
46,646
74,495
58,617
80,553
3,658
103,616
58,527
112,584
124,543
15,535
95,654
93,583
46,558
40,636
71,664
56,608
82,655
66,666
76,653
17,629
50,676
46,599
80,560
1,601
46,358
66,644
64,446
67,678
46,71
95,633
103,588
31,145
56,395
34,234
26,550
124,426
46,485
130,430
37,429
46,374
103,302
124,129
126,308
46,327
46,416
46,82
72,257
44,8
32,52
13,489
119,152
46,143
46,421
82,587
46,612
17,579
64,623
118,565
46,90
81,486
7,600
34,452
46,378
29,534
108,549
15,352
101,195
9,432
124,353
46,454
112,417
28,473
40,546
46,363
38,330
2,216
66,228
45,427
38,491
46,536
107,453
9,410
58,400
88,541
103,334
61,350
81,555
26,595
10,663
46,637
2,650
55,643
46,563
32,657
46,508
70,681
48,662
44,372
94,626
46,404
8,590
46,513
81,465
103,478
46,447
103,246
117,611
31,613
112,554
5,580
46,566
106,529
124,568
46,476
104,597
46,591
32,551
46,521
38,574
71,573
92,562
33,585
25,511
53,537
46,412
110,632
110,592
14,576
13,578
33,610
42,642
46,615
44,487
44,533
46,530
9,497
4,455
24,544
46,556
59,630
52,531
124,456
93,479
21,268
90,517
85,282
62,422
103,444
46,509
77,351
46,218
46,329
105,326
42,420
94,451
24,518
46,461
114,394
100,528
89,437
58,324
40,548
108,213
103,202
27,645
103,624
29,496
46,460
31,226
97,545
49,204
103,356
51,377
122,127
46,270
63,159
46,217
50,73
44,249
47,291
36,449
44,337
32,72
46,40
75,442
46,459
46,64
64,364
46,419
46,101
46,439
15,609
45,577
34,561
32,606
6,684
60,532
66,618
46,538
56,614
46,581
46,525
9,559
46,539
46,540
97,214
46,677
22,635
16,564
46,607
43,596
45,431
47,492
46,665
125,409
103,297
44,406
66,141
46,462
46,340
51,488
46,522
117,418
15,467
116,475
46,307
103,493
66,381
46,296
46,231
44,120
46,285
30,277
32,391
9,56
44,211
65,524
54,122
46,362
113,271
46,498
103,298
46,503
46,247
51,463
62,86
105,441
45,567
48,28
46,283
60,317
45,266
46,506
51,117
46,184
46,433
30,361
46,483
46,336
57,342
47,322
46,345
2,79
46,280
64,241
73,436
45,178
11,259
46,237
46,162
46,132
41,424
109,256
23,411
46,80
92,371
61,97
120,229
129,166
46,390
46,413
124,325
103,526
1,179
18,286
64,457
39,67
63,466
44,490
46,393
35,575
66,369
48,379
124,471
46,176
103,289
46,398
46,253
46,232
46,512
53,621
46,49
46,288
44,240
66,207
102,276
46,320
45,124
46,542
46,458
63,335
102,239
46,469
16,220
46,354
62,105
6,294
46,279
79,375
124,275
64,470
123,435
46,382
46,384
46,401
46,516
45,161
66,263
46,206
51,386
46,316
12,209
105,125
46,258
46,75
46,331
46,370
52,244
20,160
111,198
64,48
46,205
44,248
46,357
46,494
52,200
46,281
45,272
124,168
46,365
46,373
46,151
111,328
46,265
44,119
37,227
44,43
124,60
44,30
5,188
114,110
61,34
46,438
46,287
83,167
46,238
46,434
46,181
96,158
91,41
46,189
84,100
46,299
44,304
66,113
127,389
46,224
46,278
46,501
86,675
37,679
46,619
46,245
46,500
46,480
46,520
124,686
103,640
46,628
46,589
46,502
46,45
46,402
46,104
46,20
64,319
46,53
114,255
46,332
46,355
103,225
46,22
46,292
46,313
46,685
46,368
43,423
44,54
46,84
46,348
57,215
46,586
103,264
46,55
46,338
103,203
46,315
19,482
46,11
46,273
124,174
46,343
121,499
46,66
46,408
46,383
46,468
46,208
46,472
46,146
45,106
46,102
46,314
46,89
46,61
46,221
124,318
46,261
46,210
46,121
37,222
45,144
44,76
46,157
36,149
46,26
46,196
46,59
46,135
19,284
46,260
46,91
66,17
46,194
63,3
46,99
124,235
46,171
46,301
46,445
46,477
46,366
46,47
46,83
46,312
46,115
51,62
46,192
46,183
46,165
46,150
68,37
66,93
66,219
66,13
46,251
112,341
124,236
46,77
46,156
46,155
46,295
46,116
46,359
46,230
46,109
104,163
46,262
44,95
46,128
46,24
46,4
66,223
46,344
46,387
124,137
46,88
46,290
46,118
46,103
46,311
46,51
46,32
46,164
46,68
46,415
46,133
46,175
46,33
46,191
46,254
46,112
46,193
46,243
45,428
46,199
46,269
46,131
46,323
124,440
46,443
46,310
46,58
46,2
46,142
46,514
46,333
46,5
46,339
125,274
46,10
46,360
46,180
46,139
46,16
46,186
46,94
46,108
46,380
46,367
46,153
122,154
124,92
124,190
124,300
46,136
46,35
46,98
46,504
46,267
46,425
46,19
46,185
46,388
124,134
46,250
46,85
46,252
64,15
46,25
46,27
66,14
46,233
46,197
46,38
124,57
46,396
46,126
46,182
46,170
46,39
46,148
46,303
46,78
124,87
124,114
124,130
129,50
46,31
46,44
46,81
46,392
46,638
46,407
46,173
46,399
46,111
46,7
46,172
46,12
46,187
66,397
124,212
46,9
124,23
46,177
46,46
124,346
46,21
123,42
66,147
46,123
46,18
46,293
46,74
46,29
46,140
46,604
46,376
46,622
87,347
46,670
66,523
127,464
46,661
46,321
46,602
46,582
46,96
46,36
124,683
46,69
46,625
46,570
46,448
46,659
46,648
46,414
46,63
46,620
46,385
124,603
46,572
124,593
46,309
46,505
46,484
46,668
46,674
46,547
124,169
46,571
124,242
46,557
46,70
120,641
124,403
66,627
46,349
46,1
46,569
66,201
46,6
46,305
46,673
124,450
46,605
64,306
66,65
