10,1288
7,1285
7,1229
9,1254
3,1294
9,1290
7,1302
9,1153
7,1242
7,1262
7,1292
7,1102
7,282
7,1185
10,1240
10,998
7,1197
7,1238
10,1300
10,1168
7,1174
7,1187
7,1303
10,1299
7,1210
7,1272
9,1280
3,645
7,1247
3,1271
7,1054
7,1037
7,238
7,613
10,670
10,1156
7,823
7,1189
9,1255
7,757
7,1276
9,1230
10,1307
3,1172
7,946
7,621
7,434
3,913
10,1219
7,685
3,860
7,1209
7,365
7,682
7,1148
7,956
10,1281
10,995
3,509
3,1109
7,636
7,1047
7,540
7,563
7,958
7,438
9,1184
10,405
10,651
7,1231
7,825
10,1139
7,528
7,1146
7,1186
7,1118
10,1092
7,845
7,925
3,1235
7,1130
9,1308
9,1261
7,1068
3,1074
7,700
7,1016
7,619
7,1266
10,921
7,982
9,1232
3,399
7,1076
7,417
3,1282
6,1151
3,1226
7,1287
7,853
10,1142
9,1049
10,379
10,288
8,1056
7,859
3,826
10,794
7,809
7,1190
7,1245
7,915
3,1160
7,1183
10,1202
7,666
9,591
9,1066
7,1220
3,353
10,467
10,616
3,635
7,862
3,833
10,800
7,485
7,1297
10,1257
7,1286
6,1234
3,1104
9,1162
3,1128
9,1216
3,691
3,751
10,448
7,964
7,708
3,866
3,1127
7,1144
5,1256
3,492
3,950
7,1199
7,1289
3,1295
3,1233
7,1277
3,1030
3,469
7,916
3,1205
3,941
3,1243
7,1225
3,345
7,1133
3,999
7,1081
7,1175
7,1293
3,1129
3,626
9,428
7,1201
3,1196
3,1070
3,1181
3,1284
9,1112
3,1131
7,502
7,1006
1,721
3,1000
7,1071
3,819
3,716
3,1055
7,962
9,1249
3,1052
7,1171
3,817
3,1214
7,1163
3,1032
3,326
1,1244
3,1122
3,799
7,523
3,877
3,697
7,1221
7,991
3,840
7,1173
7,1008
1,987
3,850
7,609
3,1278
3,1304
3,1157
10,949
3,801
3,1027
3,1119
3,1192
1,1105
3,1134
6,954
7,740
3,1028
10,977
3,679
3,899
3,208
3,297
7,906
3,805
3,765
3,934
3,1298
3,1296
7,1283
3,1301
3,1218
3,1228
3,544
3,161
3,1269
3,404
3,1018
7,886
9,611
3,443
3,959
3,1085
3,253
3,667
3,473
3,450
7,695
3,402
5,287
2,378
3,994
3,856
3,764
3,1087
3,1200
7,974
3,1147
3,930
3,631
3,1136
3,503
3,989
1,1023
3,815
3,1079
3,565
3,696
3,1152
10,975
3,1115
10,615
3,213
3,923
3,1050
3,395
3,1126
3,846
3,649
3,795
3,888
3,488
3,658
1,955
3,1239
3,1159
3,430
3,790
3,785
3,908
3,1241
3,383
3,1179
10,1188
3,1265
3,1258
3,984
3,1259
7,966
3,1203
3,706
7,1215
3,358
3,420
3,269
3,1043
3,919
3,1260
3,842
3,1044
3,654
1,407
3,1161
3,1072
3,331
3,185
3,477
3,394
7,910
3,603
7,396
3,624
3,577
3,735
3,699
3,980
3,914
3,607
3,971
3,324
3,836
3,944
3,802
3,755
3,928
3,715
7,1264
3,907
3,876
3,376
3,347
3,789
3,644
3,262
3,855
3,1154
3,705
3,1208
3,496
7,804
3,546
3,837
3,472
3,986
3,922
3,191
3,527
3,869
3,1073
3,236
3,254
3,759
3,973
3,320
3,357
3,549
3,798
3,863
3,676
3,532
3,316
3,444
3,895
7,838
4,688
3,243
1,662
3,366
3,988
3,215
3,1213
3,196
3,743
3,811
3,929
3,1123
3,1251
3,1270
3,604
3,981
3,722
3,963
3,1064
3,589
3,612
3,260
3,879
3,766
3,709
3,848
3,871
3,359
7,704
3,1167
3,1275
3,285
3,873
3,717
3,841
3,887
3,844
3,750
3,573
3,1077
3,538
3,812
3,931
3,594
3,1042
3,961
3,1057
3,336
3,632
3,249
3,574
3,1108
3,672
3,690
3,281
3,517
3,1021
3,1113
3,1191
3,1031
3,227
3,657
3,470
3,880
3,550
3,1083
3,1060
3,1194
3,1029
3,481
3,633
3,306
3,322
3,211
3,200
3,233
3,997
3,720
3,882
3,872
3,454
3,1124
10,663
3,1125
3,386
3,1279
3,978
3,1088
3,1141
3,453
3,1069
3,1250
3,380
3,1114
3,990
3,421
3,835
3,414
3,768
3,425
3,1246
3,1204
3,828
3,427
3,409
3,293
3,1001
3,460
3,356
3,1022
3,1003
7,993
10,1039
3,489
3,1010
3,520
3,796
3,329
7,1035
3,936
3,1099
3,767
3,983
3,318
3,729
3,397
3,752
3,687
3,1166
3,596
3,665
3,1121
3,1143
3,1075
3,1004
3,948
3,511
3,683
3,255
3,436
3,373
3,889
3,1135
3,480
3,821
3,622
10,728
3,416
3,967
3,1007
3,553
3,385
3,985
3,992
3,661
3,308
3,924
3,1116
3,797
3,733
3,564
3,774
3,1101
3,1176
3,419
3,222
3,300
3,363
3,898
3,338
3,829
3,507
3,1094
7,1137
3,933
3,599
7,937
3,656
3,461
3,225
3,491
3,277
3,1082
3,1045
3,874
3,1117
3,839
3,583
3,598
3,263
3,458
3,452
3,852
3,832
5,465
3,1053
3,957
3,1089
3,1149
3,335
3,951
7,769
3,431
3,814
7,782
3,349
3,433
3,628
3,266
7,398
3,142
3,157
3,680
3,593
3,432
3,555
3,343
3,578
3,568
3,515
3,572
3,466
3,439
3,793
3,206
3,543
3,271
3,435
3,370
3,242
3,235
3,352
3,602
3,518
3,557
3,146
3,938
3,451
3,884
7,508
3,495
3,777
3,423
3,671
3,120
3,145
3,762
3,745
3,711
3,702
3,810
3,1120
3,1046
3,1274
7,585
5,442
3,625
3,710
3,181
3,367
3,1180
3,787
3,1267
3,707
3,426
3,854
3,1019
3,415
3,581
3,535
3,344
3,1236
3,446
3,664
3,668
5,960
3,818
3,311
3,784
3,1038
3,1017
3,917
3,1111
3,1103
3,1252
3,552
3,542
3,1065
3,834
3,1150
3,1106
3,736
3,1014
3,703
3,808
3,422
3,355
3,806
3,424
3,1158
3,1237
3,516
3,279
3,510
3,659
3,410
3,412
3,501
3,223
3,372
3,524
3,459
3,342
3,730
3,878
3,497
3,827
3,1012
3,561
3,1227
3,234
3,533
3,483
3,783
3,776
3,1090
3,1178
3,775
3,259
3,870
3,830
3,570
3,713
3,327
3,1061
3,996
3,1140
3,885
3,881
3,362
3,559
3,674
3,820
3,911
3,935
3,901
3,1212
3,970
3,280
7,1051
3,525
3,1211
3,1005
3,296
3,354
3,478
3,246
3,900
3,113
3,560
3,303
3,732
3,307
3,231
3,455
3,731
3,861
10,726
3,1020
3,788
3,1198
3,298
3,779
3,610
3,953
3,851
3,1011
3,479
3,1132
3,725
3,675
7,447
3,741
3,896
3,1086
3,150
3,237
3,401
3,531
3,512
3,694
3,268
3,361
3,244
3,494
3,382
3,325
3,608
3,1033
3,539
3,332
3,758
3,292
3,218
3,229
3,152
3,718
3,575
3,723
3,673
3,772
3,341
3,681
3,927
3,778
3,754
3,1067
3,1138
3,1059
3,647
3,413
3,567
3,232
3,822
3,920
3,791
3,1080
3,351
3,639
3,744
3,623
3,945
3,640
3,1025
3,875
3,334
3,617
3,348
3,712
3,317
3,556
3,1096
3,1110
3,1155
3,698
3,943
3,952
3,1002
3,387
3,883
3,1036
3,865
3,734
3,1164
3,748
3,1058
3,212
3,660
3,1224
3,475
3,456
3,346
3,701
3,780
3,390
3,267
3,595
3,505
3,641
3,605
3,600
3,597
3,286
3,646
3,500
3,620
3,965
3,193
3,289
3,388
3,562
3,643
3,807
3,771
3,739
3,669
3,763
3,571
3,693
7,918
3,530
3,304
3,381
3,498
3,278
3,137
3,868
3,727
3,677
3,369
3,590
3,947
3,197
3,159
3,642
3,537
3,847
3,686
3,894
3,592
3,714
3,513
3,514
3,295
3,174
5,1024
3,1026
3,968
3,719
3,283
3,265
3,339
3,761
3,309
3,749
3,738
3,153
3,411
9,313
3,892
3,566
3,134
3,781
3,301
3,258
3,226
3,241
3,652
3,857
3,123
3,1009
3,178
3,59
3,476
3,1040
3,391
3,93
3,190
3,330
3,1177
3,891
3,471
3,172
3,1182
3,792
3,221
3,692
3,1195
3,1034
3,291
3,770
3,678
3,1098
3,773
10,1015
3,909
3,554
7,547
3,1100
3,449
3,932
3,586
3,526
3,482
3,429
3,1165
3,207
3,315
3,418
3,979
3,580
3,558
3,653
3,905
3,601
3,490
3,210
3,545
3,276
3,1091
3,393
3,171
3,831
3,522
3,333
3,816
3,893
6,541
3,389
3,618
3,536
5,684
3,824
3,484
3,637
3,867
3,519
3,323
3,360
3,474
3,1248
3,228
3,310
3,182
3,529
3,849
3,813
3,588
3,926
3,499
3,305
3,843
3,1169
3,441
3,368
3,194
3,655
3,437
3,1084
3,290
3,753
3,340
3,912
3,141
3,256
3,1253
3,1305
3,1291
9,1306
3,274
3,400
3,204
3,273
3,468
3,638
3,445
3,904
3,786
3,384
3,803
3,314
3,689
3,737
3,760
3,408
3,364
3,534
3,187
3,902
3,747
3,1041
3,587
3,275
3,1063
3,634
3,746
3,464
3,1273
3,440
3,247
3,462
3,406
3,582
6,169
3,858
3,1097
3,245
3,1268
3,1223
3,1062
3,252
3,220
3,132
3,940
3,149
3,463
3,969
3,506
3,1217
3,261
3,96
3,156
3,328
3,155
3,60
3,30
3,5
3,51
3,80
3,180
3,98
3,166
3,44
3,28
3,85
3,48
3,392
3,170
3,136
3,606
3,1312
3,1309
3,1310
3,1316
3,1314
3,1315
3,1313
3,1319
10,1318
3,125
7,504
3,371
3,648
3,627
3,165
3,897
3,107
3,188
3,1078
3,375
3,264
3,284
7,214
3,1193
3,1206
3,1263
3,312
3,192
3,203
3,177
3,377
3,251
3,976
3,630
3,144
3,250
3,890
3,650
3,569
3,199
3,202
3,201
3,164
3,50
3,205
3,95
3,576
3,579
3,1207
3,124
3,614
3,175
3,139
3,374
3,52
3,23
3,13
3,65
3,756
3,61
7,84
3,109
3,162
3,54
3,14
3,7
3,1325
3,25
3,47
3,76
3,34
3,319
3,1170
3,186
3,128
3,148
3,493
3,112
3,32
3,403
3,195
3,33
3,127
3,1330
3,22
7,45
3,1321
3,3
3,29
3,119
3,176
3,299
3,147
3,63
3,548
3,183
3,217
3,198
3,111
3,37
3,55
3,75
3,73
3,41
3,38
3,1335
3,1320
3,189
1,66
3,1329
3,86
3,143
3,2
3,12
3,26
3,163
3,79
3,91
3,106
3,31
3,18
1,62
7,40
3,230
3,78
3,151
3,64
3,89
3,74
3,629
3,584
3,1327
3,1328
3,100
3,116
3,53
3,140
9,71
3,158
3,1107
3,239
3,56
3,88
3,724
3,302
3,94
3,337
3,11
3,1334
3,1324
3,99
3,114
3,10
3,9
3,21
3,1331
3,70
3,154
3,110
3,87
3,17
3,224
3,168
3,486
3,321
3,551
3,1145
3,179
3,248
3,257
3,81
3,1095
3,160
3,864
3,350
3,130
3,46
3,942
1,131
3,97
3,972
3,1048
3,216
3,105
3,939
3,272
3,209
3,487
3,270
3,103
3,138
3,36
3,49
3,1311
3,69
3,57
3,101
3,219
3,77
3,72
3,121
3,35
3,122
3,19
3,457
3,294
3,24
3,115
3,104
3,126
3,68
3,742
3,129
3,20
3,15
3,1333
3,90
3,1323
3,58
3,1326
3,1336
3,1
3,1093
3,521
3,16
3,108
10,43
3,42
3,173
3,133
3,4
3,240
9,135
3,118
3,82
7,92
7,1332
9,1222
10,1013
7,39
7,67
10,6
7,27
7,1317
7,903
7,1322
7,102
9,8
10,117
7,167
7,83
10,184
