42,753
41,746
44,76
24,762
29,775
43,512
37,668
52,486
29,706
41,696
58,758
57,699
7,780
28,260
7,711
34,691
14,499
28,796
49,45
52,130
7,206
23,89
20,669
68,632
57,735
37,703
55,724
55,790
24,756
56,782
14,754
26,169
3,777
7,716
53,759
61,761
22,123
4,755
29,774
23,663
40,661
43,788
51,583
32,511
55,739
20,694
14,577
25,690
66,606
6,752
24,767
39,747
72,685
23,383
57,766
19,63
28,713
4,468
29,127
50,679
44,741
14,750
55,672
18,619
55,727
72,742
21,693
17,722
52,717
70,714
44,528
15,504
58,608
20,660
20,510
55,605
55,698
15,728
39,634
43,635
57,526
1,574
43,502
7,417
51,372
63,537
66,473
43,432
55,544
17,282
39,589
39,337
17,557
50,224
50,710
14,721
23,626
53,385
54,529
58,405
49,395
46,426
59,617
29,595
55,671
9,552
48,515
57,666
6,667
72,551
6,615
50,603
37,683
33,522
7,569
20,680
72,505
17,627
24,516
17,723
46,686
59,466
55,719
5,725
58,689
44,637
55,564
45,568
37,286
55,306
28,464
28,453
66,436
56,313
28,28
41,329
39,77
40,218
58,268
58,494
58,440
58,514
59,449
44,769
38,378
39,65
38,783
58,598
7,700
37,625
58,720
57,654
48,662
44,452
53,597
20,256
40,438
47,105
13,240
73,673
20,590
59,612
42,638
49,533
5,622
72,565
49,563
59,664
55,506
5,670
39,692
39,675
57,348
56,541
49,381
59,459
16,584
45,618
28,548
7,546
67,650
3,384
50,408
40,358
38,312
17,779
7,27
65,642
49,718
39,441
51,740
56,592
60,300
59,518
53,227
56,211
52,628
56,213
2,99
12,443
52,639
4,677
3,35
72,155
59,392
55,195
59,98
59,174
12,30
27,462
54,237
58,393
54,422
52,226
49,542
19,298
7,376
55,294
57,305
29,580
64,198
31,331
31,336
55,134
52,192
56,315
54,196
64,682
48,540
57,591
30,148
42,391
29,271
60,547
64,567
7,653
56,704
50,418
49,280
55,630
60,415
37,463
4,687
32,594
58,357
52,360
67,434
59,550
17,629
16,536
7,490
39,368
30,140
41,520
21,125
55,302
39,458
72,11
43,100
55,517
24,141
7,343
29,480
31,308
37,325
44,461
16,245
55,623
66,531
15,364
58,497
45,521
14,534
51,684
28,460
4,601
35,620
13,543
57,715
58,139
59,420
55,212
27,142
29,610
27,651
55,586
5,151
43,425
24,423
7,508
69,73
52,401
47,347
56,539
52,498
43,399
50,561
56,538
60,640
54,621
59,487
58,475
39,649
39,562
56,575
55,571
59,611
58,316
40,648
16,633
72,712
55,442
55,613
39,407
56,350
59,409
52,554
17,410
11,489
5,122
8,176
5,448
57,607
43,501
58,695
19,614
72,532
57,446
55,560
60,301
56,194
57,205
26,207
20,162
59,582
56,335
55,168
6,143
43,208
4,369
60,103
50,588
58,573
59,397
72,281
67,555
58,248
55,307
27,344
59,108
6,25
5,332
17,279
5,362
6,230
50,55
58,12
55,363
57,530
58,323
16,81
57,373
57,513
58,545
48,328
42,527
36,173
58,375
59,152
60,394
15,219
55,359
57,604
34,479
57,341
56,587
48,299
55,330
12,241
48,234
55,370
39,471
55,600
55,503
55,412
3,636
5,467
5,658
5,674
5,193
58,470
53,36
56,8
57,201
55,20
48,246
59,214
31,69
58,435
5,292
58,437
23,295
4,225
16,197
55,317
5,238
59,356
55,112
59,94
59,297
49,60
60,95
72,183
38,342
58,43
5,85
55,191
58,274
24,215
58,189
74,164
56,175
58,101
72,19
58,167
55,411
7,239
5,760
72,652
16,86
4,396
55,365
6,380
58,107
52,229
55,153
52,377
55,158
45,456
55,293
54,483
59,137
54,172
4,252
7,52
59,190
64,304
59,303
55,257
5,314
30,146
55,171
55,92
7,91
27,382
47,79
4,414
58,185
55,145
58,147
58,265
56,113
58,150
55,7
5,129
55,242
60,26
55,138
72,309
60,477
60,157
72,184
55,41
3,10
59,136
4,254
40,2
13,126
57,154
58,61
27,266
5,3
47,144
72,71
5,128
55,272
59,439
10,178
59,121
58,102
5,643
5,339
7,324
55,83
43,80
5,88
58,296
58,288
55,259
72,6
59,42
55,495
60,232
55,163
55,1
55,366
4,4
58,261
11,29
55,119
55,519
55,289
57,419
55,51
55,48
55,402
58,22
54,54
24,40
58,97
58,333
55,32
17,578
7,602
5,131
55,135
57,57
55,132
55,18
57,14
58,179
59,275
55,349
58,283
7,455
58,481
55,285
59,210
58,59
58,104
55,9
56,263
58,39
55,284
57,220
55,5
58,233
55,264
5,223
58,222
55,398
55,576
5,451
59,231
59,253
34,374
55,16
5,556
4,277
59,367
59,244
59,44
55,114
55,353
55,318
7,90
58,120
55,186
55,523
5,249
59,118
72,68
59,93
55,64
59,404
30,267
55,250
26,310
5,361
56,430
5,177
59,72
55,371
55,78
7,270
58,273
60,31
59,47
55,62
55,17
58,96
54,161
72,74
58,334
55,46
5,156
55,116
55,23
5,75
60,56
58,216
26,326
55,255
57,67
55,37
55,478
59,278
55,159
4,209
58,379
59,200
55,509
59,319
59,235
55,447
72,221
55,228
55,188
55,702
58,49
59,269
55,133
58,87
5,428
55,688
55,581
55,596
54,389
58,655
58,553
72,599
55,549
59,641
55,570
55,124
60,646
55,579
55,388
53,676
59,624
5,678
55,705
43,287
72,482
71,387
5,525
72,491
59,492
59,485
55,558
58,400
62,406
58,416
55,390
5,465
7,665
7,450
60,165
7,322
55,496
55,320
55,170
55,354
55,352
5,431
55,58
55,243
55,340
55,559
55,444
55,609
55,457
55,403
60,507
55,276
5,476
53,38
5,202
55,351
55,355
72,433
58,111
55,109
58,338
55,50
55,182
58,203
5,33
55,386
55,474
55,795
55,701
55,781
55,262
59,792
55,794
7,793
55,770
55,290
55,115
7,524
65,34
55,13
58,21
5,15
55,708
72,797
7,737
7,736
55,180
55,786
59,773
55,745
55,771
58,734
55,709
55,731
55,772
55,251
55,743
55,236
55,748
55,749
55,798
55,787
72,445
55,187
55,217
72,732
72,493
7,566
7,657
72,656
7,454
55,427
7,585
7,535
72,659
55,697
54,149
55,84
55,789
7,321
8,744
7,488
55,106
55,199
7,82
7,751
55,429
72,616
55,785
55,593
55,778
55,469
55,765
72,484
55,738
55,204
62,311
55,733
55,726
72,327
72,729
72,345
55,258
55,730
72,707
55,631
7,768
7,500
7,644
7,791
55,110
55,681
72,166
55,764
72,424
55,757
55,413
7,647
55,784
55,472
72,763
72,776
7,572
7,66
55,53
7,117
55,645
72,70
7,247
7,346
7,181
7,24
55,291
7,421
7,160
