12,1288
9,1285
9,1229
11,1254
4,1294
11,1290
9,1302
11,1153
9,1242
9,1262
9,1292
9,1102
9,282
9,1185
12,1240
12,998
9,1197
9,1238
12,1300
12,1168
9,1174
9,1187
9,1303
12,1299
9,1210
9,1272
11,1280
4,645
9,1247
4,1271
9,1054
9,1037
9,238
9,613
12,670
12,1156
9,823
9,1189
11,1255
9,757
9,1276
11,1230
12,1307
4,1172
9,946
9,621
9,434
4,913
12,1219
9,685
4,860
9,1209
9,365
9,682
9,1148
9,956
12,1281
12,995
4,509
4,1109
9,636
9,1047
9,540
9,563
9,958
9,438
11,1184
12,405
12,651
9,1231
9,825
12,1139
9,528
9,1146
9,1186
9,1118
12,1092
9,845
9,925
4,1235
9,1130
11,1308
11,1261
9,1068
4,1074
9,700
9,1016
9,619
9,1266
12,921
9,982
11,1232
4,399
9,1076
9,417
4,1282
7,1151
4,1226
9,1287
9,853
12,1142
11,1049
12,379
12,288
10,1056
9,859
4,826
12,794
9,809
9,1190
9,1245
9,915
4,1160
9,1183
12,1202
9,666
11,591
11,1066
9,1220
4,353
12,467
12,616
4,635
9,862
4,833
12,800
9,485
9,1297
12,1257
9,1286
7,1234
4,1104
11,1162
4,1128
11,1216
4,691
4,751
12,448
9,964
9,708
4,866
4,1127
9,1144
6,1256
4,492
4,950
9,1199
9,1289
4,1295
4,1233
9,1277
4,1030
4,469
9,916
4,1205
4,941
4,1243
9,1225
4,345
9,1133
4,999
9,1081
9,1175
9,1293
4,1129
4,626
11,428
9,1201
4,1196
4,1070
4,1181
4,1284
11,1112
4,1131
9,502
9,1006
2,721
4,1000
9,1071
4,819
4,716
4,1055
9,962
11,1249
4,1052
9,1171
4,817
4,1214
9,1163
4,1032
4,326
1,1244
4,1122
4,799
9,523
4,877
4,697
9,1221
9,991
4,840
9,1173
9,1008
1,987
4,850
9,609
4,1278
4,1304
4,1157
12,949
4,801
4,1027
4,1119
4,1192
1,1105
4,1134
8,954
9,740
4,1028
12,977
4,679
4,899
4,208
4,297
9,906
4,805
4,765
4,934
4,1298
4,1296
9,1283
4,1301
4,1218
4,1228
4,544
4,161
4,1269
4,404
4,1018
9,886
11,611
4,443
4,959
4,1085
4,253
4,667
4,473
4,450
9,695
4,402
6,287
3,378
4,994
4,856
4,764
4,1087
4,1200
9,974
4,1147
4,930
4,631
4,1136
4,503
4,989
1,1023
4,815
4,1079
4,565
4,696
4,1152
12,975
4,1115
12,615
4,213
4,923
4,1050
4,395
4,1126
4,846
4,649
4,795
4,888
4,488
4,658
1,955
4,1239
4,1159
4,430
4,790
4,785
4,908
4,1241
4,383
4,1179
12,1188
4,1265
4,1258
4,984
4,1259
9,966
4,1203
4,706
9,1215
4,358
4,420
4,269
4,1043
4,919
4,1260
4,842
4,1044
4,654
1,407
4,1161
4,1072
4,331
4,185
4,477
4,394
9,910
4,603
9,396
4,624
4,577
4,735
4,699
4,980
4,914
4,607
4,971
4,324
4,836
4,944
4,802
4,755
4,928
4,715
9,1264
4,907
4,876
4,376
4,347
4,789
4,644
4,262
4,855
4,1154
4,705
4,1208
4,496
9,804
4,546
4,837
4,472
4,986
4,922
4,191
4,527
4,869
4,1073
4,236
4,254
4,759
4,973
4,320
4,357
4,549
4,798
4,863
4,676
4,532
4,316
4,444
4,895
9,838
5,688
4,243
2,662
4,366
4,988
4,215
4,1213
4,196
4,743
4,811
4,929
4,1123
4,1251
4,1270
4,604
4,981
4,722
4,963
4,1064
4,589
4,612
4,260
4,879
4,766
4,709
4,848
4,871
4,359
9,704
4,1167
4,1275
4,285
4,873
4,717
4,841
4,887
4,844
4,750
4,573
4,1077
4,538
4,812
4,931
4,594
4,1042
4,961
4,1057
4,336
4,632
4,249
4,574
4,1108
4,672
4,690
4,281
4,517
4,1021
4,1113
4,1191
4,1031
4,227
4,657
4,470
4,880
4,550
4,1083
4,1060
4,1194
4,1029
4,481
4,633
4,306
4,322
4,211
4,200
4,233
4,997
4,720
4,882
4,872
4,454
4,1124
12,663
4,1125
4,386
4,1279
4,978
4,1088
4,1141
4,453
4,1069
4,1250
4,380
4,1114
4,990
4,421
4,835
4,414
4,768
4,425
4,1246
4,1204
4,828
4,427
4,409
4,293
4,1001
4,460
4,356
4,1022
4,1003
9,993
12,1039
4,489
4,1010
4,520
4,796
4,329
9,1035
4,936
4,1099
4,767
4,983
4,318
4,729
4,397
4,752
4,687
4,1166
4,596
4,665
4,1121
4,1143
4,1075
4,1004
4,948
4,511
4,683
4,255
4,436
4,373
4,889
4,1135
4,480
4,821
4,622
12,728
4,416
4,967
4,1007
4,553
4,385
4,985
4,992
4,661
4,308
4,924
4,1116
4,797
4,733
4,564
4,774
4,1101
4,1176
4,419
4,222
4,300
4,363
4,898
4,338
4,829
4,507
4,1094
9,1137
4,933
4,599
9,937
4,656
4,461
4,225
4,491
4,277
4,1082
4,1045
4,874
4,1117
4,839
4,583
4,598
4,263
4,458
4,452
4,852
4,832
6,465
4,1053
4,957
4,1089
4,1149
4,335
4,951
9,769
4,431
4,814
9,782
4,349
4,433
4,628
4,266
9,398
4,142
4,157
4,680
4,593
4,432
4,555
4,343
4,578
4,568
4,515
4,572
4,466
4,439
4,793
4,206
4,543
4,271
4,435
4,370
4,242
4,235
4,352
4,602
4,518
4,557
4,146
4,938
4,451
4,884
9,508
4,495
4,777
4,423
4,671
4,120
4,145
4,762
4,745
4,711
4,702
4,810
4,1120
4,1046
4,1274
9,585
6,442
4,625
4,710
4,181
4,367
4,1180
4,787
4,1267
4,707
4,426
4,854
4,1019
4,415
4,581
4,535
4,344
4,1236
4,446
4,664
4,668
6,960
4,818
4,311
4,784
4,1038
4,1017
4,917
4,1111
4,1103
4,1252
4,552
4,542
4,1065
4,834
4,1150
4,1106
4,736
4,1014
4,703
4,808
4,422
4,355
4,806
4,424
4,1158
4,1237
4,516
4,279
4,510
4,659
4,410
4,412
4,501
4,223
4,372
4,524
4,459
4,342
4,730
4,878
4,497
4,827
4,1012
4,561
4,1227
4,234
4,533
4,483
4,783
4,776
4,1090
4,1178
4,775
4,259
4,870
4,830
4,570
4,713
4,327
4,1061
4,996
4,1140
4,885
4,881
4,362
4,559
4,674
4,820
4,911
4,935
4,901
4,1212
4,970
4,280
9,1051
4,525
4,1211
4,1005
4,296
4,354
4,478
4,246
4,900
4,113
4,560
4,303
4,732
4,307
4,231
4,455
4,731
4,861
12,726
4,1020
4,788
4,1198
4,298
4,779
4,610
4,953
4,851
4,1011
4,479
4,1132
4,725
4,675
9,447
4,741
4,896
4,1086
4,150
4,237
4,401
4,531
4,512
4,694
4,268
4,361
4,244
4,494
4,382
4,325
4,608
4,1033
4,539
4,332
4,758
4,292
4,218
4,229
4,152
4,718
4,575
4,723
4,673
4,772
4,341
4,681
4,927
4,778
4,754
4,1067
4,1138
4,1059
4,647
4,413
4,567
4,232
4,822
4,920
4,791
4,1080
4,351
4,639
4,744
4,623
4,945
4,640
4,1025
4,875
4,334
4,617
4,348
4,712
4,317
4,556
4,1096
4,1110
4,1155
4,698
4,943
4,952
4,1002
4,387
4,883
4,1036
4,865
4,734
4,1164
4,748
4,1058
4,212
4,660
4,1224
4,475
4,456
4,346
4,701
4,780
4,390
4,267
4,595
4,505
4,641
4,605
4,600
4,597
4,286
4,646
4,500
4,620
4,965
4,193
4,289
4,388
4,562
4,643
4,807
4,771
4,739
4,669
4,763
4,571
4,693
9,918
4,530
4,304
4,381
4,498
4,278
4,137
4,868
4,727
4,677
4,369
4,590
4,947
4,197
4,159
4,642
4,537
4,847
4,686
4,894
4,592
4,714
4,513
4,514
4,295
4,174
6,1024
4,1026
4,968
4,719
4,283
4,265
4,339
4,761
4,309
4,749
4,738
4,153
4,411
11,313
4,892
4,566
4,134
4,781
4,301
4,258
4,226
4,241
4,652
4,857
4,123
4,1009
4,178
4,59
4,476
4,1040
4,391
4,93
4,190
4,330
4,1177
4,891
4,471
4,172
4,1182
4,792
4,221
4,692
4,1195
4,1034
4,291
4,770
4,678
4,1098
4,773
12,1015
4,909
4,554
9,547
4,1100
4,449
4,932
4,586
4,526
4,482
4,429
4,1165
4,207
4,315
4,418
4,979
4,580
4,558
4,653
4,905
4,601
4,490
4,210
4,545
4,276
4,1091
4,393
4,171
4,831
4,522
4,333
4,816
4,893
7,541
4,389
4,618
4,536
6,684
4,824
4,484
4,637
4,867
4,519
4,323
4,360
4,474
4,1248
4,228
4,310
4,182
4,529
4,849
4,813
4,588
4,926
4,499
4,305
4,843
4,1169
4,441
4,368
4,194
4,655
4,437
4,1084
4,290
4,753
4,340
4,912
4,141
4,256
4,1253
4,1305
4,1291
11,1306
4,274
4,400
4,204
4,273
4,468
4,638
4,445
4,904
4,786
4,384
4,803
4,314
4,689
4,737
4,760
4,408
4,364
4,534
4,187
4,902
4,747
4,1041
4,587
4,275
4,1063
4,634
4,746
4,464
4,1273
4,440
4,247
4,462
4,406
4,582
8,169
4,858
4,1097
4,245
4,1268
4,1223
4,1062
4,252
4,220
4,132
4,940
4,149
4,463
4,969
4,506
4,1217
4,261
4,96
4,156
4,328
4,155
4,60
4,30
4,5
4,51
4,80
4,180
4,98
4,166
4,44
4,28
4,85
4,48
4,392
4,170
4,136
4,606
4,1312
4,1309
4,1310
4,1316
4,1314
4,1315
4,1313
4,1319
12,1318
4,125
9,504
4,371
4,648
4,627
4,165
4,897
4,107
4,188
4,1078
4,375
4,264
4,284
9,214
4,1193
4,1206
4,1263
4,312
4,192
4,203
4,177
4,377
4,251
4,976
4,630
4,144
4,250
4,890
4,650
4,569
4,199
4,202
4,201
4,164
4,50
4,205
4,95
4,576
4,579
4,1207
4,124
4,614
4,175
4,139
4,374
4,52
4,23
4,13
4,65
4,756
4,61
9,84
4,109
4,162
4,54
4,14
4,7
4,1325
4,25
4,47
4,76
4,34
4,319
4,1170
4,186
4,128
4,148
4,493
4,112
4,32
4,403
4,195
4,33
4,127
4,1330
4,22
9,45
4,1321
4,3
4,29
4,119
4,176
4,299
4,147
4,63
4,548
4,183
4,217
4,198
4,111
4,37
4,55
4,75
4,73
4,41
4,38
4,1335
4,1320
4,189
1,66
4,1329
4,86
4,143
4,2
4,12
4,26
4,163
4,79
4,91
4,106
4,31
4,18
1,62
9,40
4,230
4,78
4,151
4,64
4,89
4,74
4,629
4,584
4,1327
4,1328
4,100
4,116
4,53
4,140
11,71
4,158
4,1107
4,239
4,56
4,88
4,724
4,302
4,94
4,337
4,11
4,1334
4,1324
4,99
4,114
4,10
4,9
4,21
4,1331
4,70
4,154
4,110
4,87
4,17
4,224
4,168
4,486
4,321
4,551
4,1145
4,179
4,248
4,257
4,81
4,1095
4,160
4,864
4,350
4,130
4,46
4,942
1,131
4,97
4,972
4,1048
4,216
4,105
4,939
4,272
4,209
4,487
4,270
4,103
4,138
4,36
4,49
4,1311
4,69
4,57
4,101
4,219
4,77
4,72
4,121
4,35
4,122
4,19
4,457
4,294
4,24
4,115
4,104
4,126
4,68
4,742
4,129
4,20
4,15
4,1333
4,90
4,1323
4,58
4,1326
4,1336
4,1
4,1093
4,521
4,16
4,108
12,43
4,42
4,173
4,133
4,4
4,240
11,135
4,118
4,82
9,92
9,1332
11,1222
12,1013
9,39
9,67
12,6
9,27
9,1317
9,903
9,1322
9,102
11,8
12,117
9,167
9,83
12,184
