51,833
37,565
112,831
58,845
85,640
136,769
108,767
37,682
37,739
25,713
24,797
35,832
118,732
62,762
85,691
32,642
37,756
140,795
37,367
106,711
2,776
85,810
51,671
56,607
128,747
101,822
31,318
85,494
143,669
23,853
30,847
42,818
51,751
98,114
133,687
69,793
143,731
138,608
14,559
15,645
43,707
43,353
50,839
80,771
129,543
85,750
81,723
37,322
46,689
107,763
42,817
113,714
50,709
68,802
37,676
46,746
95,653
124,598
37,573
104,184
67,748
139,179
10,782
73,638
32,675
45,571
46,761
35,579
143,595
85,485
117,304
100,646
101,719
127,778
138,619
119,672
102,615
114,734
50,555
139,764
35,774
55,848
85,668
85,677
131,216
55,212
17,695
63,685
128,305
35,820
94,605
44,686
49,826
37,787
117,841
117,789
85,825
65,819
85,840
21,704
69,416
115,792
138,850
70,829
57,575
62,790
103,712
85,814
37,737
45,740
55,532
58,170
138,568
37,588
140,48
36,550
58,566
37,754
103,547
85,843
44,718
43,725
71,816
122,849
86,806
43,661
47,842
49,437
126,824
31,429
37,652
34,462
35,259
43,518
123,94
35,524
72,19
48,109
101,479
66,478
42,567
45,9
135,326
38,246
136,604
15,618
51,692
141,226
33,422
84,558
142,766
85,267
120,639
90,445
134,800
114,17
85,378
115,727
31,418
61,770
45,328
144,706
67,384
145,374
50,253
85,643
37,234
73,345
36,854
37,670
53,830
27,59
45,131
109,681
11,745
96,852
127,696
85,834
37,779
47,773
85,637
15,708
111,610
37,683
40,512
4,557
38,520
49,654
59,625
45,611
99,626
85,499
42,563
99,393
76,634
119,587
85,589
144,651
36,535
105,562
85,678
118,743
53,585
117,757
139,622
83,788
28,693
51,530
34,118
97,442
62,702
37,703
49,721
41,541
53,656
37,755
8,684
53,781
26,516
80,627
43,644
35,722
141,453
114,522
31,255
37,556
54,423
55,657
35,796
82,837
51,309
73,443
43,600
37,552
92,803
46,738
38,597
70,663
122,617
60,574
75,635
49,591
124,649
64,716
121,705
37,623
75,780
85,641
37,760
75,694
9,580
75,724
37,630
140,458
37,799
56,648
46,759
113,658
37,667
57,477
133,504
15,551
41,592
58,741
36,513
35,472
37,544
51,596
131,459
44,469
47,167
30,444
85,515
133,377
77,338
35,2
85,8
75,435
35,295
56,528
101,401
117,386
36,380
119,534
79,385
85,249
91,55
5,381
31,427
51,483
54,362
1,388
43,390
143,475
37,317
49,144
58,468
73,237
19,187
73,484
69,315
51,449
46,564
37,726
37,465
43,481
70,599
46,700
37,578
93,620
51,323
75,749
47,583
85,116
38,577
69,594
38,768
37,394
53,343
113,169
3,433
37,329
36,344
58,199
16,744
37,283
42,398
37,265
36,506
35,222
55,519
29,655
55,81
72,440
46,375
86,349
74,330
37,526
117,498
70,662
57,650
6,493
36,432
36,266
37,365
51,276
52,12
42,136
35,229
116,68
10,368
55,90
37,133
55,476
55,364
71,537
40,279
70,402
57,209
128,132
22,141
37,348
13,400
35,570
35,614
46,680
37,542
35,452
15,51
132,32
75,193
110,715
78,511
37,593
35,752
119,473
37,569
37,601
103,492
37,502
37,501
117,404
117,327
37,730
37,728
37,697
51,572
37,447
25,391
37,436
41,497
49,742
37,508
36,673
113,772
85,699
113,688
36,733
49,586
42,431
37,603
39,500
54,523
42,214
132,263
46,576
85,293
130,42
117,306
12,439
119,221
88,126
45,122
130,41
46,134
37,233
117,92
37,121
85,270
55,357
11,185
37,56
37,448
18,303
134,514
117,308
37,406
75,335
37,49
54,257
41,609
35,415
36,236
133,584
37,67
41,366
37,482
117,66
43,142
35,710
55,173
37,110
37,190
37,161
37,413
133,127
41,180
46,271
36,313
85,138
131,546
42,290
37,147
119,231
121,23
53,631
117,616
37,488
37,346
130,208
53,521
37,268
57,387
11,33
36,1
55,302
55,311
38,347
37,213
146,93
130,392
37,399
42,296
119,549
38,128
35,188
37,529
37,242
37,53
55,79
36,165
45,43
37,403
38,621
37,430
15,582
129,495
51,227
117,505
137,291
87,525
42,503
35,679
37,456
54,215
133,218
41,461
35,171
37,319
41,203
42,517
42,420
53,510
37,355
54,333
36,331
86,467
41,86
117,735
55,82
42,480
37,613
37,647
46,354
37,466
37,441
55,228
37,111
35,352
37,341
51,359
37,463
41,105
37,260
54,24
35,256
125,280
37,324
49,264
37,117
85,112
37,297
111,4
37,240
37,189
86,160
35,106
117,14
85,211
131,88
37,27
42,130
37,289
37,159
111,225
51,31
37,272
75,16
49,65
37,149
37,332
37,207
87,172
116,219
37,244
37,561
37,312
37,241
37,252
10,247
75,278
37,371
37,250
36,548
37,428
37,195
37,275
37,64
42,232
42,300
37,168
41,298
37,337
37,307
37,358
41,238
36,104
36,340
37,101
37,36
130,301
54,316
36,334
46,137
37,123
41,356
37,61
37,163
37,54
12,140
37,98
37,44
42,220
36,47
37,285
37,373
37,230
37,206
36,784
37,855
42,539
117,861
41,28
37,808
37,720
10,450
37,46
37,851
46,785
37,99
37,181
85,152
55,108
42,97
37,277
51,192
37,813
37,70
37,5
36,22
54,659
37,857
37,660
85,15
37,859
37,166
37,314
20,178
10,828
37,83
51,407
85,248
117,197
37,273
37,201
117,531
37,860
37,157
37,396
37,120
37,821
37,701
37,286
37,805
37,777
37,823
55,632
37,612
37,84
35,419
37,674
37,624
37,815
37,336
35,125
37,858
37,507
37,801
85,835
85,536
37,758
35,698
37,150
134,553
89,491
131,412
37,665
37,287
37,154
37,235
37,310
37,91
41,451
85,269
37,540
37,666
37,85
37,405
53,370
42,460
37,581
37,471
37,414
37,408
37,274
37,446
37,496
41,261
37,434
119,35
37,25
37,360
37,89
37,45
37,487
37,177
41,74
84,425
41,664
36,155
85,143
37,129
37,527
37,58
37,243
37,145
37,6
37,490
37,113
45,75
37,103
37,38
37,62
37,80
42,205
37,18
11,254
37,115
37,148
85,223
37,151
37,37
37,294
37,29
37,69
36,198
37,162
41,164
4,489
41,636
37,383
37,282
41,438
37,602
55,633
7,95
37,417
37,409
37,204
37,538
37,509
41,71
37,457
36,382
37,426
37,339
37,96
37,350
36,554
37,690
37,76
42,411
8,376
37,196
37,284
37,474
37,454
86,153
37,202
37,13
37,124
37,239
37,245
37,455
10,135
37,52
37,258
36,320
37,397
37,395
37,224
41,156
37,78
37,158
1,102
37,183
85,545
37,533
37,3
37,372
37,174
37,7
9,50
85,379
85,107
16,119
37,60
37,20
37,200
37,470
5,26
37,73
37,139
25,281
37,191
37,194
37,72
19,77
37,34
37,210
86,176
37,57
37,606
13,838
85,836
37,560
6,765
85,351
12,63
37,844
11,629
15,811
85,421
37,464
85,827
37,717
37,175
37,809
37,410
37,590
85,846
37,363
85,804
37,783
37,251
37,39
11,486
85,856
37,40
37,182
37,812
37,369
37,146
37,262
86,342
10,807
37,736
10,217
37,753
37,791
37,288
37,786
37,325
10,87
37,424
12,729
37,186
37,299
37,798
37,628
85,100
37,321
37,21
37,775
85,292
15,10
85,794
86,389
85,30
85,361
85,11
