1,26
6,16
5,29
1,15
1,33
1,22
6,12
1,13
1,21
1,31
1,4
1,6
1,32
7,38
1,40
1,24
1,36
1,42
1,20
1,10
1,1
1,39
1,18
1,8
1,5
1,9
1,17
1,19
1,27
8,28
1,34
1,35
1,51
1,25
1,41
1,11
2,23
1,66
1,67
1,94
1,48
1,61
2,113
6,54
2,57
7,53
2,49
2,112
2,110
2,47
1,59
6,55
2,65
2,50
2,107
2,43
2,58
2,64
2,63
2,69
2,60
2,68
2,62
2,45
2,37
2,56
2,92
2,101
2,76
7,70
5,90
3,74
7,86
7,84
7,97
7,105
7,77
7,80
7,91
7,88
7,81
7,102
7,87
7,73
7,14
7,82
7,93
7,83
7,89
7,96
7,46
7,75
7,78
2,103
7,85
7,79
7,95
3,30
5,7
4,2
7,52
7,44
7,114
3,99
7,3
3,71
2,111
3,98
3,104
2,72
3,109
2,106
2,108
5,100
