100,667
85,680
26,672
6,649
84,652
103,651
75,634
41,671
64,669
86,660
53,510
75,656
14,631
82,647
94,598
83,594
26,682
58,107
93,515
55,405
66,138
55,474
64,481
8,519
82,507
28,552
82,639
41,646
63,495
49,617
68,553
3,658
85,616
49,527
91,584
101,543
14,535
79,654
78,583
41,558
36,636
60,664
48,608
70,655
55,666
65,653
16,629
43,676
41,599
68,560
1,601
41,358
55,644
55,446
56,678
41,71
79,633
85,588
28,145
48,395
30,234
24,550
101,426
41,485
105,430
33,429
41,374
85,302
101,129
101,308
41,327
41,416
41,82
61,257
40,8
29,52
12,489
97,152
41,143
41,421
70,587
41,612
16,579
55,623
96,565
41,90
69,486
7,600
30,452
41,378
26,534
88,549
14,352
83,195
9,432
101,353
41,454
91,417
26,473
36,546
41,363
34,330
2,216
55,228
41,427
34,491
41,536
87,453
9,410
49,400
74,541
85,334
52,350
69,555
24,595
10,663
41,637
2,650
47,643
41,563
29,657
41,508
59,681
41,662
40,372
78,626
41,404
8,590
41,513
69,465
85,478
41,447
85,246
96,611
28,613
91,554
5,580
41,566
86,529
101,568
41,476
85,597
41,591
29,551
41,521
34,574
60,573
77,562
29,585
23,511
46,537
41,412
89,632
89,592
13,576
12,578
29,610
38,642
41,615
40,487
40,533
41,530
9,497
4,455
22,544
41,556
50,630
45,531
101,456
78,479
20,268
75,517
72,282
53,422
85,444
41,509
65,351
41,218
41,329
86,326
38,420
78,451
22,518
41,461
93,394
83,528
75,437
49,324
36,548
88,213
85,202
25,645
85,624
26,496
41,460
28,226
81,545
42,204
85,356
44,377
99,127
41,270
54,159
41,217
43,73
40,249
41,291
32,449
40,337
29,72
41,40
64,442
41,459
41,64
55,364
41,419
41,101
41,439
14,609
41,577
30,561
29,606
6,684
51,532
55,618
41,538
48,614
41,581
41,525
9,559
41,539
41,540
81,214
41,677
20,635
15,564
41,607
39,596
41,431
41,492
41,665
101,409
85,297
40,406
55,141
41,462
41,340
44,488
41,522
96,418
14,467
95,475
41,307
85,493
55,381
41,296
41,231
40,120
41,285
27,277
29,391
9,56
40,211
55,524
46,122
41,362
92,271
41,498
85,298
41,503
41,247
44,463
53,86
86,441
41,567
41,28
41,283
51,317
41,266
41,506
44,117
41,184
41,433
27,361
41,483
41,336
49,342
41,322
41,345
2,79
41,280
55,241
62,436
41,178
10,259
41,237
41,162
41,132
37,424
88,256
21,411
41,80
77,371
52,97
98,229
104,166
41,390
41,413
101,325
85,526
1,179
17,286
55,457
35,67
54,466
40,490
41,393
31,575
55,369
41,379
101,471
41,176
85,289
41,398
41,253
41,232
41,512
46,621
41,49
41,288
40,240
55,207
84,276
41,320
41,124
41,542
41,458
54,335
84,239
41,469
15,220
41,354
53,105
6,294
41,279
67,375
101,275
55,470
100,435
41,382
41,384
41,401
41,516
41,161
55,263
41,206
44,386
41,316
11,209
86,125
41,258
41,75
41,331
41,370
45,244
19,160
90,198
55,48
41,205
40,248
41,357
41,494
45,200
41,281
41,272
101,168
41,365
41,373
41,151
90,328
41,265
40,119
33,227
40,43
101,60
40,30
5,188
93,110
52,34
41,438
41,287
71,167
41,238
41,434
41,181
80,158
76,41
41,189
72,100
41,299
40,304
55,113
102,389
41,224
41,278
41,501
73,675
33,679
41,619
41,245
41,500
41,480
41,520
101,686
85,640
41,628
41,589
41,502
41,45
41,402
41,104
41,20
55,319
41,53
93,255
41,332
41,355
85,225
41,22
41,292
41,313
41,685
41,368
39,423
40,54
41,84
41,348
49,215
41,586
85,264
41,55
41,338
85,203
41,315
18,482
41,11
41,273
101,174
41,343
98,499
41,66
41,408
41,383
41,468
41,208
41,472
41,146
41,106
41,102
41,314
41,89
41,61
41,221
101,318
41,261
41,210
41,121
33,222
41,144
40,76
41,157
32,149
41,26
41,196
41,59
41,135
18,284
41,260
41,91
55,17
41,194
54,3
41,99
101,235
41,171
41,301
41,445
41,477
41,366
41,47
41,83
41,312
41,115
44,62
41,192
41,183
41,165
41,150
57,37
55,93
55,219
55,13
41,251
91,341
101,236
41,77
41,156
41,155
41,295
41,116
41,359
41,230
41,109
85,163
41,262
40,95
41,128
41,24
41,4
55,223
41,344
41,387
101,137
41,88
41,290
41,118
41,103
41,311
41,51
41,32
41,164
41,68
41,415
41,133
41,175
41,33
41,191
41,254
41,112
41,193
41,243
41,428
41,199
41,269
41,131
41,323
101,440
41,443
41,310
41,58
41,2
41,142
41,514
41,333
41,5
41,339
101,274
41,10
41,360
41,180
41,139
41,16
41,186
41,94
41,108
41,380
41,367
41,153
99,154
101,92
101,190
101,300
41,136
41,35
41,98
41,504
41,267
41,425
41,19
41,185
41,388
101,134
41,250
41,85
41,252
55,15
41,25
41,27
55,14
41,233
41,197
41,38
101,57
41,396
41,126
41,182
41,170
41,39
41,148
41,303
41,78
101,87
101,114
101,130
104,50
41,31
41,44
41,81
41,392
41,638
41,407
41,173
41,399
41,111
41,7
41,172
41,12
41,187
55,397
101,212
41,9
101,23
41,177
41,46
101,346
41,21
100,42
55,147
41,123
41,18
41,293
41,74
41,29
41,140
41,604
41,376
41,622
73,347
41,670
55,523
102,464
41,661
41,321
41,602
41,582
41,96
41,36
101,683
41,69
41,625
41,570
41,448
41,659
41,648
41,414
41,63
41,620
41,385
101,603
41,572
101,593
41,309
41,505
41,484
41,668
41,674
41,547
101,169
41,571
101,242
41,557
41,70
98,641
101,403
55,627
41,349
41,1
41,569
55,201
41,6
41,305
41,673
101,450
41,605
55,306
55,65
