1,825
37,1225
55,1247
59,1178
1,1182
37,1177
38,1222
1,996
1,1236
38,1239
55,1061
55,546
37,1097
37,1246
1,1112
1,856
1,1055
37,1185
38,1244
37,1046
37,1167
38,446
1,971
38,1229
1,1232
37,1224
1,987
1,1206
55,1184
38,520
1,1253
2,1179
1,968
38,1252
1,1077
38,1238
1,932
55,1191
55,1176
1,1085
38,619
37,988
38,913
55,1139
1,1140
38,1205
55,568
38,1223
1,1022
55,1148
55,414
1,776
37,670
55,1218
38,1168
57,1133
38,1195
57,667
59,804
1,623
55,964
38,1128
51,1159
1,632
1,865
1,783
55,586
38,843
55,1157
1,976
41,979
1,1033
36,1111
38,949
1,947
41,871
38,755
38,1132
59,516
1,502
40,322
1,1102
19,1180
37,901
38,937
41,848
38,1221
38,391
55,889
38,1203
51,1153
40,1169
38,535
38,1090
38,739
1,874
58,867
2,982
2,744
59,759
38,1149
1,407
38,1110
38,1109
1,1240
57,955
1,462
1,1227
1,727
38,558
9,1065
55,1219
40,1213
2,1135
37,1151
38,1241
1,615
40,1141
1,607
38,1173
1,270
39,752
54,765
39,1114
15,1188
1,767
1,894
53,594
2,1198
1,842
38,296
38,832
2,970
6,823
40,641
1,1142
38,785
40,773
40,725
39,1129
37,421
11,1117
2,1175
40,1234
2,1200
40,1230
1,1040
40,1212
56,1174
1,521
38,926
41,669
55,868
38,251
40,1171
40,1158
3,1120
40,466
37,927
1,675
1,552
17,940
55,792
1,1093
1,1044
1,455
1,571
38,981
40,953
24,510
13,1197
2,1030
40,1025
40,1026
1,1087
39,935
1,345
1,1215
20,529
40,1056
40,898
40,777
1,365
40,1201
16,1242
1,1235
1,951
55,756
40,797
37,610
37,1143
40,341
38,748
41,651
1,816
40,980
39,808
44,719
40,423
2,908
40,1125
40,1154
40,896
40,966
44,303
21,880
40,628
2,318
41,1181
2,1095
2,1138
40,872
40,1013
40,1192
40,1237
55,499
38,914
40,1243
38,794
40,1051
40,1103
1,1052
55,531
41,828
40,1163
40,1152
34,604
9,1228
7,385
5,1122
40,509
40,1194
58,1189
40,1116
22,1131
30,663
2,668
40,775
29,681
40,1001
47,995
40,1210
40,830
38,1127
40,1170
4,905
40,1130
40,1211
33,1078
40,409
40,1084
31,977
35,271
45,638
55,873
40,393
40,1193
41,1119
11,1092
40,672
38,699
40,403
14,892
40,1164
40,1049
8,1012
25,1249
40,1006
40,938
40,761
40,969
40,847
40,350
40,354
28,430
40,406
40,899
26,637
38,1126
40,993
40,1183
40,974
55,386
40,674
1,1144
40,1081
2,989
40,973
40,355
40,572
40,608
40,442
40,213
40,189
40,1220
40,286
2,272
48,513
9,309
38,850
40,508
40,852
40,737
40,944
40,1094
40,434
41,844
40,401
40,357
40,684
40,923
40,612
40,1079
40,702
55,616
40,720
40,500
40,860
40,321
40,791
40,904
40,811
40,717
40,232
40,734
40,1024
40,707
40,424
40,1075
40,729
40,269
40,747
40,602
40,790
2,419
40,538
40,240
40,360
40,362
39,489
40,273
44,329
40,1072
40,460
40,382
40,465
40,812
40,353
40,344
40,786
40,802
40,593
40,855
40,829
40,566
41,963
40,473
40,264
40,1156
40,965
40,554
40,1108
44,1136
40,939
40,408
40,343
40,585
40,447
40,262
40,916
40,936
38,858
40,550
40,439
40,461
9,247
40,644
2,945
40,718
40,486
40,338
40,551
40,664
40,478
40,528
40,577
40,656
40,870
18,1104
10,960
40,284
46,849
40,443
40,1004
40,781
40,250
41,879
40,691
40,763
40,706
40,1039
40,925
40,517
40,714
40,787
40,771
40,1050
40,220
40,890
40,692
40,503
40,1002
40,768
40,622
40,613
40,1123
40,475
40,324
40,745
40,1106
40,437
40,749
40,950
40,1187
40,754
1,713
40,1038
40,545
39,626
40,911
40,328
36,295
40,780
40,640
40,1034
40,203
40,201
31,444
40,441
40,560
40,840
40,857
40,959
40,582
44,736
40,906
40,900
13,511
40,798
40,770
40,1209
40,793
40,313
40,690
40,245
40,339
12,361
23,1003
40,796
40,620
40,415
40,716
40,351
40,288
40,396
40,305
40,789
40,479
40,603
40,530
40,834
40,310
40,555
40,693
40,268
40,910
40,526
40,817
40,1009
40,678
40,864
40,590
55,595
40,564
40,753
40,494
40,553
40,377
40,534
40,533
40,156
40,519
1,962
40,459
40,405
40,598
40,882
40,346
40,1019
40,398
40,512
40,1216
40,676
40,1186
40,639
40,501
40,922
40,1214
40,467
40,1035
40,1199
40,665
40,609
38,575
40,1029
40,983
40,601
2,381
40,199
40,645
40,492
40,930
40,687
40,998
40,347
40,282
40,741
40,1059
40,348
40,801
40,333
40,371
40,686
40,751
40,482
40,778
44,304
40,758
40,624
40,1060
40,184
40,174
40,204
41,562
40,1076
40,1172
40,760
40,319
1,234
40,853
40,942
40,1071
40,231
40,541
40,683
40,374
40,248
40,450
42,671
40,1010
1,573
40,182
40,148
40,1070
40,420
40,611
40,642
40,866
40,1018
40,722
40,402
40,144
40,81
42,158
40,180
40,312
40,334
40,135
40,958
40,515
40,428
40,155
40,113
40,146
40,118
40,139
40,173
40,196
40,138
40,218
40,862
40,1053
40,818
40,655
40,703
40,788
40,440
40,631
40,918
40,588
40,657
40,967
40,694
40,557
60,648
40,1047
40,934
40,306
40,367
40,876
40,505
40,289
40,316
40,984
40,618
40,1005
40,1100
40,454
40,1099
40,723
40,539
40,779
40,715
40,652
44,221
40,277
40,1020
40,799
40,731
40,1226
40,412
40,543
40,281
40,477
40,764
40,1000
40,659
40,294
40,456
40,504
40,822
40,358
40,733
40,851
40,827
40,1115
40,433
40,567
40,302
40,1107
40,366
40,359
40,1037
40,861
40,757
40,1165
40,885
40,774
40,909
40,952
40,330
40,845
40,488
40,1101
40,480
40,730
40,1063
40,709
40,394
40,831
40,742
40,743
40,810
40,915
40,1086
40,1150
40,666
40,524
40,833
40,795
40,819
40,649
40,917
40,507
40,411
40,311
40,416
41,314
40,495
40,474
40,746
40,425
40,1091
40,1096
43,721
40,1098
11,807
8,581
40,1008
40,634
31,711
40,308
40,336
40,895
2,836
40,1088
40,673
40,565
40,1146
40,1067
40,1137
40,946
40,1105
40,1204
40,370
40,451
40,929
40,536
40,893
40,331
40,498
40,547
40,696
40,436
40,682
40,954
40,1054
42,978
40,888
40,704
40,265
40,469
40,679
40,735
40,379
40,726
40,540
12,712
40,375
40,387
40,225
40,293
40,238
40,1048
40,592
40,578
40,903
40,1202
40,661
46,1166
40,383
40,1021
40,496
40,576
40,1155
40,869
40,803
40,327
40,907
40,589
40,1023
40,1162
40,897
40,636
40,491
40,453
40,548
40,468
40,838
40,485
40,732
38,878
40,1124
40,487
40,471
40,1118
40,1042
40,766
40,591
40,580
40,629
40,584
40,991
40,650
40,762
40,826
40,1069
40,912
40,369
40,997
40,606
40,373
40,242
40,332
40,452
40,404
40,902
40,556
40,212
40,859
40,532
40,633
40,990
40,689
40,323
40,214
40,563
40,839
55,256
40,1036
40,1073
40,449
8,1082
1,1031
40,614
40,708
40,527
40,384
40,941
40,400
42,349
40,685
40,846
40,325
40,887
40,627
40,597
40,948
40,646
40,260
40,368
40,291
40,472
40,975
2,740
40,986
32,388
40,630
40,587
40,418
8,884
40,933
40,579
40,806
40,992
40,464
40,92
40,215
40,417
40,202
40,654
40,257
40,399
40,643
40,1217
40,985
40,1017
40,463
40,600
40,1134
40,207
40,972
40,596
40,292
40,635
40,280
40,660
40,337
40,863
40,1043
40,647
40,583
40,1007
40,542
40,700
40,1064
1,490
40,800
40,710
40,1014
40,677
40,569
40,919
40,999
40,470
40,522
40,724
40,617
40,1058
40,784
40,301
40,181
40,924
40,431
40,931
40,883
40,782
40,920
40,680
40,886
40,599
40,653
40,1190
40,422
40,805
40,621
40,1028
40,192
40,881
40,380
40,352
40,891
40,1041
40,525
40,769
40,243
40,875
40,957
40,484
40,658
42,1068
40,326
40,820
40,435
40,1032
40,317
40,276
38,427
40,943
40,290
40,570
40,476
40,320
40,497
40,662
40,410
40,523
40,815
40,824
40,364
40,506
40,274
40,413
40,226
40,395
40,854
40,481
40,169
40,224
40,397
40,209
40,307
40,152
40,71
40,76
27,1290
40,86
40,194
40,688
40,356
6,258
40,544
40,124
40,1062
40,122
40,176
40,429
40,340
40,1207
40,197
40,140
40,537
40,1045
40,1147
40,1089
40,1066
40,342
40,445
40,1080
40,198
40,205
40,363
40,625
40,1208
40,559
40,728
40,574
40,821
40,921
40,1113
40,695
40,254
40,103
1,85
40,219
40,90
40,101
40,168
40,95
40,772
40,78
40,46
40,120
40,137
40,300
40,94
40,372
40,928
40,93
40,151
2,261
40,77
40,55
40,514
46,279
2,131
40,154
40,244
40,217
40,104
40,30
40,10
40,74
40,110
40,88
40,68
2,132
40,57
40,87
40,36
40,116
40,193
40,43
40,1273
40,62
40,1276
40,22
40,1284
40,1277
40,24
40,1279
40,19
40,41
40,7
44,34
40,1298
40,1289
40,48
40,18
40,115
40,21
40,141
40,1283
40,6
40,1278
40,2
52,14
40,159
40,191
40,53
40,84
39,1272
40,190
40,20
40,1297
44,1282
40,1291
40,42
40,1145
40,26
40,13
40,1015
40,392
12,750
40,241
40,298
40,73
40,432
40,1260
44,1255
40,1254
40,1258
12,1259
40,1264
40,1257
40,1261
40,1256
40,1263
44,1262
40,701
40,252
40,438
40,837
40,249
40,227
40,253
40,206
40,179
40,235
40,170
40,458
40,267
40,239
40,275
40,956
40,278
40,236
40,89
40,51
40,61
40,44
40,216
42,283
40,483
40,255
40,47
40,50
40,39
40,153
40,3
2,38
40,69
40,12
40,315
40,11
40,1270
40,54
40,163
40,188
40,223
40,112
40,809
40,67
40,29
40,149
40,58
40,1275
40,106
40,56
40,233
40,97
40,1285
40,1271
40,1286
37,79
40,4
44,59
40,100
40,1299
40,1057
40,1161
40,1268
40,91
40,63
40,1245
40,128
40,123
40,605
40,83
2,389
52,147
40,814
40,178
40,25
40,177
40,70
40,160
40,493
40,164
40,426
40,167
40,33
40,31
40,1274
40,1281
40,166
40,35
40,1266
40,1294
40,60
40,105
40,15
40,107
40,102
40,80
40,1265
40,72
40,8
40,17
40,5
40,23
40,186
40,65
40,1292
40,45
8,1
40,16
40,1295
40,52
40,37
40,1280
40,1296
40,1293
40,1288
40,1267
40,165
39,9
42,1269
40,285
40,195
40,1287
40,187
40,108
40,136
40,49
40,121
40,64
40,161
40,222
40,175
40,1233
40,877
40,994
40,549
40,126
40,183
40,561
40,130
40,119
40,96
13,109
40,28
1,66
40,117
40,27
40,82
40,127
40,75
40,40
40,150
40,208
40,98
40,145
40,143
51,1160
40,211
40,297
13,99
40,1011
13,172
13,32
40,1300
40,378
49,1121
49,287
49,237
49,133
49,200
49,335
49,114
49,518
50,1027
49,705
49,1016
1,210
1,835
1,129
52,157
1,246
55,230
59,1074
37,738
38,1083
1,457
57,259
38,697
38,142
37,1231
38,1250
1,171
1,448
37,1248
37,1251
38,698
59,813
59,1196
1,266
1,841
38,228
41,299
37,111
1,376
1,134
1,961
1,229
1,390
37,125
38,263
59,185
2,162
