119,667
100,680
28,672
6,649
99,652
123,651
87,634
46,671
72,669
101,660
60,510
86,656
15,631
96,647
111,598
97,594
29,682
66,107
110,515
63,405
75,138
63,474
72,481
8,519
95,507
31,552
95,639
46,646
71,495
56,617
77,553
3,658
100,616
56,527
108,584
120,543
15,535
92,654
90,583
46,558
40,636
68,664
54,608
79,655
63,666
73,653
17,629
48,676
46,599
77,560
1,601
46,358
63,644
62,446
64,678
46,71
92,633
100,588
31,145
54,395
34,234
26,550
120,426
46,485
125,430
37,429
46,374
100,302
120,129
121,308
46,327
46,416
46,82
69,257
44,8
32,52
13,489
115,152
46,143
46,421
79,587
46,612
17,579
62,623
114,565
46,90
78,486
7,600
34,452
46,378
29,534
104,549
15,352
98,195
9,432
120,353
46,454
108,417
28,473
40,546
46,363
38,330
2,216
63,228
45,427
38,491
46,536
103,453
9,410
56,400
85,541
100,334
59,350
78,555
26,595
10,663
46,637
2,650
53,643
46,563
32,657
46,508
67,681
46,662
44,372
91,626
46,404
8,590
46,513
78,465
100,478
46,447
100,246
113,611
31,613
108,554
5,580
46,566
102,529
120,568
46,476
100,597
46,591
32,551
46,521
38,574
68,573
89,562
33,585
25,511
51,537
46,412
106,632
106,592
14,576
13,578
33,610
42,642
46,615
44,487
44,533
46,530
9,497
4,455
24,544
46,556
57,630
50,531
120,456
90,479
21,268
87,517
82,282
60,422
100,444
46,509
74,351
46,218
46,329
101,326
42,420
91,451
24,518
46,461
110,394
97,528
86,437
56,324
40,548
104,213
100,202
27,645
100,624
29,496
46,460
31,226
94,545
47,204
100,356
49,377
118,127
46,270
61,159
46,217
48,73
44,249
46,291
36,449
44,337
32,72
46,40
72,442
46,459
46,64
62,364
46,419
46,101
46,439
15,609
45,577
34,561
32,606
6,684
58,532
63,618
46,538
54,614
46,581
46,525
9,559
46,539
46,540
94,214
46,677
22,635
16,564
46,607
43,596
45,431
46,492
46,665
120,409
100,297
44,406
63,141
46,462
46,340
49,488
46,522
113,418
15,467
112,475
46,307
100,493
63,381
46,296
46,231
44,120
46,285
30,277
32,391
9,56
44,211
62,524
52,122
46,362
109,271
46,498
100,298
46,503
46,247
49,463
60,86
101,441
45,567
46,28
46,283
58,317
45,266
46,506
49,117
46,184
46,433
30,361
46,483
46,336
55,342
46,322
46,345
2,79
46,280
62,241
70,436
45,178
11,259
46,237
46,162
46,132
41,424
105,256
23,411
46,80
89,371
59,97
116,229
124,166
46,390
46,413
120,325
100,526
1,179
18,286
62,457
39,67
61,466
44,490
46,393
35,575
63,369
46,379
120,471
46,176
100,289
46,398
46,253
46,232
46,512
51,621
46,49
46,288
44,240
63,207
99,276
46,320
45,124
46,542
46,458
61,335
99,239
46,469
16,220
46,354
60,105
6,294
46,279
76,375
120,275
62,470
119,435
46,382
46,384
46,401
46,516
45,161
63,263
46,206
49,386
46,316
12,209
101,125
46,258
46,75
46,331
46,370
50,244
20,160
107,198
62,48
46,205
44,248
46,357
46,494
50,200
46,281
45,272
120,168
46,365
46,373
46,151
107,328
46,265
44,119
37,227
44,43
120,60
44,30
5,188
110,110
59,34
46,438
46,287
80,167
46,238
46,434
46,181
93,158
88,41
46,189
81,100
46,299
44,304
63,113
122,389
46,224
46,278
46,501
83,675
37,679
46,619
46,245
46,500
46,480
46,520
120,686
100,640
46,628
46,589
46,502
46,45
46,402
46,104
46,20
62,319
46,53
110,255
46,332
46,355
100,225
46,22
46,292
46,313
46,685
46,368
43,423
44,54
46,84
46,348
55,215
46,586
100,264
46,55
46,338
100,203
46,315
19,482
46,11
46,273
120,174
46,343
117,499
46,66
46,408
46,383
46,468
46,208
46,472
46,146
45,106
46,102
46,314
46,89
46,61
46,221
120,318
46,261
46,210
46,121
37,222
45,144
44,76
46,157
36,149
46,26
46,196
46,59
46,135
19,284
46,260
46,91
63,17
46,194
61,3
46,99
120,235
46,171
46,301
46,445
46,477
46,366
46,47
46,83
46,312
46,115
49,62
46,192
46,183
46,165
46,150
65,37
63,93
63,219
63,13
46,251
108,341
120,236
46,77
46,156
46,155
46,295
46,116
46,359
46,230
46,109
100,163
46,262
44,95
46,128
46,24
46,4
63,223
46,344
46,387
120,137
46,88
46,290
46,118
46,103
46,311
46,51
46,32
46,164
46,68
46,415
46,133
46,175
46,33
46,191
46,254
46,112
46,193
46,243
45,428
46,199
46,269
46,131
46,323
120,440
46,443
46,310
46,58
46,2
46,142
46,514
46,333
46,5
46,339
120,274
46,10
46,360
46,180
46,139
46,16
46,186
46,94
46,108
46,380
46,367
46,153
118,154
120,92
120,190
120,300
46,136
46,35
46,98
46,504
46,267
46,425
46,19
46,185
46,388
120,134
46,250
46,85
46,252
62,15
46,25
46,27
63,14
46,233
46,197
46,38
120,57
46,396
46,126
46,182
46,170
46,39
46,148
46,303
46,78
120,87
120,114
120,130
124,50
46,31
46,44
46,81
46,392
46,638
46,407
46,173
46,399
46,111
46,7
46,172
46,12
46,187
63,397
120,212
46,9
120,23
46,177
46,46
120,346
46,21
119,42
63,147
46,123
46,18
46,293
46,74
46,29
46,140
46,604
46,376
46,622
84,347
46,670
63,523
122,464
46,661
46,321
46,602
46,582
46,96
46,36
120,683
46,69
46,625
46,570
46,448
46,659
46,648
46,414
46,63
46,620
46,385
120,603
46,572
120,593
46,309
46,505
46,484
46,668
46,674
46,547
120,169
46,571
120,242
46,557
46,70
116,641
120,403
63,627
46,349
46,1
46,569
63,201
46,6
46,305
46,673
120,450
46,605
62,306
63,65
