17,135
11,167
2,130
6,219
5,278
26,276
17,223
36,192
14,162
10,325
37,201
36,287
29,343
19,265
14,299
7,319
4,235
7,382
11,341
7,141
5,123
7,182
6,381
4,304
6,395
16,418
5,378
11,448
9,222
4,298
6,349
17,449
36,396
12,87
27,406
29,76
36,455
7,405
5,364
6,397
7,311
19,458
7,463
19,473
36,467
16,13
19,36
7,215
36,153
5,344
36,432
26,438
7,371
26,322
4,279
14,216
36,194
16,307
19,294
36,121
36,208
6,470
27,421
15,474
14,54
36,6
16,52
19,303
5,138
20,224
36,380
36,433
16,63
15,110
36,331
33,379
20,315
15,35
36,353
5,246
20,321
36,360
19,317
20,392
19,146
36,372
33,269
7,180
36,460
19,387
7,206
20,189
5,273
14,383
19,231
19,357
36,242
12,476
20,258
12,237
36,184
36,106
36,103
19,115
12,114
36,156
20,295
19,89
36,462
27,339
36,61
5,176
36,79
36,97
36,197
7,165
7,318
14,227
16,290
14,270
25,388
5,301
32,400
36,284
12,232
19,267
36,347
6,257
20,183
32,332
5,209
5,255
7,291
16,217
32,327
19,384
19,158
26,456
16,239
19,316
32,359
20,305
4,8
20,342
19,60
27,401
36,336
19,323
20,187
19,233
19,252
16,157
29,101
19,124
19,296
36,171
36,72
36,49
5,179
37,127
19,109
32,57
5,113
20,37
36,166
36,147
32,86
36,45
16,111
19,82
36,186
36,102
5,33
20,168
19,71
36,51
12,320
16,66
36,75
27,172
16,408
32,12
36,454
36,361
20,466
36,338
36,414
7,160
21,459
6,354
5,461
32,434
20,11
25,425
14,377
19,398
36,435
6,285
5,328
19,90
32,196
19,281
19,253
12,211
19,203
21,272
19,329
25,247
36,429
19,345
19,245
12,236
19,370
19,373
29,148
25,261
36,251
12,250
32,404
15,170
19,243
31,326
32,140
26,205
6,260
7,221
36,126
19,154
20,155
14,14
22,293
36,375
36,202
12,42
32,297
19,367
36,175
16,362
36,145
5,210
12,150
23,151
19,200
12,161
19,83
27,96
19,207
16,213
12,137
19,214
19,330
36,104
19,108
16,59
36,313
5,85
36,47
36,95
20,136
19,228
19,68
20,44
6,300
12,366
32,363
16,457
36,465
5,444
27,346
36,259
15,283
19,144
21,142
12,174
17,314
32,193
14,149
32,164
25,262
17,356
19,185
12,81
20,92
36,107
19,229
14,129
32,70
5,84
5,352
36,77
36,99
12,351
19,306
25,58
36,139
36,248
19,119
31,152
32,238
19,181
36,374
16,254
26,302
32,134
36,310
20,169
25,451
12,427
9,73
16,67
30,26
6,46
19,178
20,391
27,266
36,440
27,424
36,422
32,348
36,416
27,7
28,478
36,32
12,280
32,1
19,376
36,275
19,439
19,389
19,446
27,407
36,472
6,218
5,204
5,241
36,264
12,274
35,105
36,100
8,177
32,282
36,125
32,368
28,442
19,34
18,369
36,420
16,355
34,244
8,98
20,234
20,249
27,337
37,324
12,308
20,402
23,212
5,292
36,413
27,65
35,56
19,195
19,230
30,9
5,415
19,94
19,394
12,15
12,277
19,286
28,118
27,120
19,436
16,417
19,64
17,78
38,74
31,220
27,426
26,477
32,271
32,410
22,365
36,334
4,335
11,412
21,288
36,112
17,132
6,464
16,256
27,431
1,358
14,173
31,268
34,131
30,447
19,468
6,199
36,289
36,471
12,445
9,163
19,430
30,27
33,21
17,80
36,423
10,93
5,191
6,50
5,69
13,240
35,122
14,39
17,159
14,5
31,31
4,40
12,23
25,263
16,4
5,225
16,411
38,312
15,469
16,190
7,399
19,333
5,437
5,62
28,128
26,198
37,390
19,25
14,30
6,24
28,17
17,55
16,143
1,450
12,385
3,419
18,41
5,20
17,428
5,133
31,117
34,226
4,453
16,91
3,53
7,43
36,48
30,22
36,18
19,88
30,116
37,16
21,38
37,188
36,309
29,403
5,29
18,340
35,350
29,441
5,393
6,3
25,452
5,443
17,19
29,28
25,386
10,2
24,409
15,475
17,10
