30,833
25,565
68,831
33,845
49,640
79,769
66,767
25,682
25,739
18,713
17,797
25,832
71,732
36,762
49,691
22,642
25,756
81,795
25,367
65,711
2,776
49,810
30,671
33,607
76,747
60,822
21,318
49,494
83,669
16,853
21,847
27,818
30,751
59,114
77,687
41,793
83,731
80,608
7,559
8,645
27,707
27,353
30,839
46,771
76,543
49,750
46,723
25,322
28,689
66,763
27,817
69,714
30,709
40,802
25,676
28,746
57,653
74,598
25,573
63,184
40,748
80,179
7,782
43,638
22,675
28,571
28,761
25,579
83,595
49,485
70,304
60,646
60,719
75,778
80,619
71,672
61,615
69,734
30,555
80,764
25,774
32,848
49,668
49,677
77,216
32,212
10,695
37,685
76,305
25,820
56,605
27,686
30,826
25,787
70,841
70,789
49,825
39,819
49,840
14,704
41,416
69,792
80,850
41,829
33,575
36,790
62,712
49,814
25,737
28,740
32,532
33,170
80,568
25,588
81,48
25,550
33,566
25,754
62,547
49,843
27,718
27,725
42,816
72,849
49,806
27,661
29,842
30,437
74,824
21,429
25,652
24,462
25,259
27,518
73,94
25,524
42,19
29,109
60,479
39,478
27,567
28,9
78,326
25,246
79,604
8,618
30,692
81,226
23,422
49,558
82,766
49,267
71,639
53,445
78,800
69,17
49,378
69,727
21,418
35,770
28,328
83,706
40,384
84,374
30,253
49,643
25,234
43,345
25,854
25,670
31,830
19,59
28,131
67,681
7,745
58,852
75,696
49,834
25,779
29,773
49,637
8,708
68,610
25,683
27,512
4,557
25,520
30,654
34,625
28,611
60,626
49,499
27,563
60,393
44,634
71,587
49,589
83,651
25,535
64,562
49,678
71,743
31,585
70,757
80,622
48,788
20,693
30,530
24,118
59,442
36,702
25,703
30,721
27,541
31,656
25,755
6,684
31,781
19,516
46,627
27,644
25,722
81,453
69,522
21,255
25,556
31,423
32,657
25,796
47,837
30,309
43,443
27,600
25,552
54,803
28,738
25,597
41,663
72,617
34,574
44,635
30,591
74,649
38,716
72,705
25,623
44,780
49,641
25,760
44,694
7,580
44,724
25,630
81,458
25,799
33,648
28,759
69,658
25,667
33,477
77,504
8,551
27,592
33,741
25,513
25,472
25,544
30,596
77,459
27,469
29,167
21,444
49,515
77,377
44,338
25,2
49,8
44,435
25,295
33,528
60,401
70,386
25,380
71,534
45,385
49,249
53,55
5,381
21,427
30,483
31,362
1,388
27,390
83,475
25,317
30,144
33,468
43,237
12,187
43,484
41,315
30,449
28,564
25,726
25,465
27,481
41,599
28,700
25,578
55,620
30,323
44,749
29,583
49,116
25,577
41,594
25,768
25,394
31,343
69,169
3,433
25,329
25,344
33,199
9,744
25,283
27,398
25,265
25,506
25,222
32,519
20,655
32,81
42,440
28,375
49,349
43,330
25,526
70,498
41,662
33,650
6,493
25,432
25,266
25,365
30,276
30,12
27,136
25,229
70,68
7,368
32,90
25,133
32,476
32,364
42,537
27,279
41,402
33,209
76,132
15,141
25,348
7,400
25,570
25,614
28,680
25,542
25,452
8,51
77,32
44,193
67,715
45,511
25,593
25,752
71,473
25,569
25,601
62,492
25,502
25,501
70,404
70,327
25,730
25,728
25,697
30,572
25,447
18,391
25,436
27,497
30,742
25,508
25,673
69,772
49,699
69,688
25,733
30,586
27,431
25,603
26,500
31,523
27,214
77,263
28,576
49,293
77,42
70,306
7,439
71,221
51,126
28,122
77,41
28,134
25,233
70,92
25,121
49,270
32,357
7,185
25,56
25,448
11,303
78,514
70,308
25,406
44,335
25,49
31,257
27,609
25,415
25,236
77,584
25,67
27,366
25,482
70,66
27,142
25,710
32,173
25,110
25,190
25,161
25,413
77,127
27,180
28,271
25,313
49,138
77,546
27,290
25,147
71,231
72,23
31,631
70,616
25,488
25,346
77,208
31,521
25,268
33,387
7,33
25,1
32,302
32,311
25,347
25,213
85,93
77,392
25,399
27,296
71,549
25,128
25,188
25,529
25,242
25,53
32,79
25,165
28,43
25,403
25,621
25,430
8,582
76,495
30,227
70,505
79,291
50,525
27,503
25,679
25,456
31,215
77,218
27,461
25,171
25,319
27,203
27,517
27,420
31,510
25,355
31,333
25,331
49,467
27,86
70,735
32,82
27,480
25,613
25,647
28,354
25,466
25,441
32,228
25,111
25,352
25,341
30,359
25,463
27,105
25,260
31,24
25,256
74,280
25,324
30,264
25,117
49,112
25,297
68,4
25,240
25,189
49,160
25,106
70,14
49,211
77,88
25,27
27,130
25,289
25,159
68,225
30,31
25,272
44,16
30,65
25,149
25,332
25,207
50,172
70,219
25,244
25,561
25,312
25,241
25,252
7,247
44,278
25,371
25,250
25,548
25,428
25,195
25,275
25,64
27,232
27,300
25,168
27,298
25,337
25,307
25,358
27,238
25,104
25,340
25,101
25,36
77,301
31,316
25,334
28,137
25,123
27,356
25,61
25,163
25,54
7,140
25,98
25,44
27,220
25,47
25,285
25,373
25,230
25,206
25,784
25,855
27,539
70,861
27,28
25,808
25,720
7,450
25,46
25,851
28,785
25,99
25,181
49,152
32,108
27,97
25,277
30,192
25,813
25,70
25,5
25,22
31,659
25,857
25,660
49,15
25,859
25,166
25,314
13,178
7,828
25,83
30,407
49,248
70,197
25,273
25,201
70,531
25,860
25,157
25,396
25,120
25,821
25,701
25,286
25,805
25,777
25,823
32,632
25,612
25,84
25,419
25,674
25,624
25,815
25,336
25,125
25,858
25,507
25,801
49,835
49,536
25,758
25,698
25,150
78,553
52,491
77,412
25,665
25,287
25,154
25,235
25,310
25,91
27,451
49,269
25,540
25,666
25,85
25,405
31,370
27,460
25,581
25,471
25,414
25,408
25,274
25,446
25,496
27,261
25,434
71,35
25,25
25,360
25,89
25,45
25,487
25,177
27,74
49,425
27,664
25,155
49,143
25,129
25,527
25,58
25,243
25,145
25,6
25,490
25,113
28,75
25,103
25,38
25,62
25,80
27,205
25,18
7,254
25,115
25,148
49,223
25,151
25,37
25,294
25,29
25,69
25,198
25,162
27,164
4,489
27,636
25,383
25,282
27,438
25,602
32,633
6,95
25,417
25,409
25,204
25,538
25,509
27,71
25,457
25,382
25,426
25,339
25,96
25,350
25,554
25,690
25,76
27,411
6,376
25,196
25,284
25,474
25,454
49,153
25,202
25,13
25,124
25,239
25,245
25,455
7,135
25,52
25,258
25,320
25,397
25,395
25,224
27,156
25,78
25,158
1,102
25,183
49,545
25,533
25,3
25,372
25,174
25,7
7,50
49,379
49,107
9,119
25,60
25,20
25,200
25,470
5,26
25,73
25,139
18,281
25,191
25,194
25,72
12,77
25,34
25,210
49,176
25,57
25,606
7,838
49,836
25,560
6,765
49,351
7,63
25,844
7,629
8,811
49,421
25,464
49,827
25,717
25,175
25,809
25,410
25,590
49,846
25,363
49,804
25,783
25,251
25,39
7,486
49,856
25,40
25,182
25,812
25,369
25,146
25,262
49,342
7,807
25,736
7,217
25,753
25,791
25,288
25,786
25,325
7,87
25,424
7,729
25,186
25,299
25,798
25,628
49,100
25,321
25,21
25,775
49,292
8,10
49,794
49,389
49,30
49,361
49,11
