58,753
57,746
60,76
33,762
40,775
59,512
49,668
69,486
40,706
56,696
79,758
78,699
11,780
38,260
11,711
46,691
20,499
38,796
66,45
69,130
11,206
32,89
28,669
90,632
78,735
50,703
73,724
74,790
33,756
76,782
19,754
35,169
4,777
11,716
71,759
83,761
31,123
5,755
40,774
32,663
54,661
59,788
68,583
44,511
74,739
28,694
19,577
34,690
88,606
10,752
33,767
52,747
94,685
32,383
78,766
26,63
39,713
6,468
40,127
67,679
60,741
19,750
74,672
25,619
74,727
94,742
30,693
24,722
69,717
92,714
60,528
22,504
79,608
28,660
29,510
74,605
74,698
21,728
53,634
59,635
78,526
1,574
59,502
11,417
68,372
85,537
88,473
59,432
74,544
24,282
52,589
52,337
24,557
67,224
67,710
20,721
32,626
70,385
72,529
79,405
66,395
62,426
81,617
40,595
74,671
13,552
64,515
78,666
10,667
94,551
10,615
67,603
49,683
45,522
11,569
28,680
94,505
24,627
33,516
24,723
62,686
80,466
74,719
8,725
79,689
60,637
74,564
61,568
49,286
74,306
39,464
39,453
88,436
77,313
39,28
56,329
52,77
55,218
79,268
79,494
79,440
79,514
81,449
60,769
51,378
52,65
51,783
79,598
11,700
49,625
79,720
78,654
64,662
60,452
71,597
28,256
54,438
63,105
18,240
95,673
28,590
81,612
58,638
66,533
8,622
94,565
66,563
81,664
74,506
7,670
52,692
52,675
78,348
76,541
66,381
80,459
23,584
61,618
38,548
11,546
89,650
4,384
67,408
54,358
51,312
24,779
11,27
87,642
66,718
52,441
68,740
77,592
82,300
81,518
70,227
77,211
69,628
77,213
2,99
17,443
69,639
5,677
4,35
94,155
81,392
74,195
81,98
81,174
17,30
37,462
72,237
79,393
72,422
69,226
66,542
26,298
11,376
74,294
78,305
40,580
86,198
43,331
43,336
74,134
69,192
76,315
72,196
86,682
64,540
78,591
41,148
58,391
40,271
82,547
86,567
11,653
76,704
67,418
65,280
74,630
82,415
50,463
6,687
44,594
79,357
69,360
89,434
81,550
24,629
23,536
11,490
52,368
42,140
56,520
30,125
74,302
52,458
94,11
59,100
74,517
33,141
11,343
40,480
43,308
49,325
60,461
23,245
74,623
88,531
21,364
79,497
61,521
19,534
68,684
38,460
5,601
47,620
18,543
78,715
79,139
81,420
74,212
36,142
40,610
37,651
74,586
8,151
59,425
33,423
11,508
91,73
69,401
63,347
76,539
69,498
59,399
67,561
76,538
82,640
72,621
81,487
79,475
52,649
52,562
76,575
74,571
81,611
79,316
55,648
23,633
94,712
73,442
74,613
52,407
77,350
80,409
69,554
24,410
15,489
7,122
12,176
7,448
78,607
59,501
79,695
27,614
94,532
78,446
74,560
82,301
77,194
78,205
35,207
28,162
81,582
77,335
74,168
10,143
59,208
6,369
82,103
67,588
79,573
81,397
94,281
89,555
79,248
74,307
36,344
80,108
10,25
9,332
24,279
9,362
10,230
67,55
79,12
73,363
78,530
79,323
23,81
78,373
78,513
79,545
64,328
58,527
48,173
79,375
81,152
82,394
22,219
74,359
78,604
46,479
78,341
76,587
64,299
74,330
17,241
64,234
74,370
53,471
74,600
73,503
74,412
3,636
8,467
8,658
8,674
8,193
79,470
70,36
76,8
78,201
74,20
64,246
81,214
43,69
79,435
8,292
79,437
32,295
5,225
23,197
74,317
8,238
80,356
73,112
80,94
80,297
65,60
82,95
94,183
51,342
79,43
8,85
74,191
79,274
33,215
79,189
96,164
76,175
79,101
94,19
79,167
74,411
11,239
8,760
94,652
23,86
6,396
74,365
10,380
79,107
69,229
74,153
69,377
74,158
61,456
74,293
72,483
80,137
72,172
6,252
11,52
80,190
86,304
80,303
74,257
8,314
41,146
74,171
74,92
11,91
36,382
63,79
6,414
79,185
75,145
79,147
79,265
76,113
79,150
74,7
8,129
74,242
82,26
74,138
94,309
82,477
82,157
94,184
74,41
3,10
80,136
5,254
55,2
18,126
78,154
79,61
36,266
8,3
63,144
94,71
8,128
74,272
80,439
14,178
80,121
79,102
8,643
8,339
11,324
74,83
59,80
7,88
79,296
79,288
74,259
94,6
80,42
74,495
82,232
74,163
74,1
74,366
5,4
79,261
16,29
74,119
74,519
74,289
78,419
74,51
74,48
74,402
79,22
72,54
33,40
79,97
79,333
74,32
24,578
11,602
8,131
74,135
78,57
74,132
74,18
78,14
79,179
80,275
74,349
79,283
11,455
79,481
74,285
80,210
79,59
79,104
74,9
76,263
79,39
74,284
78,220
73,5
79,233
73,264
8,223
79,222
74,398
74,576
8,451
80,231
81,253
46,374
74,16
8,556
6,277
80,367
80,244
80,44
74,114
74,353
74,318
11,90
79,120
74,186
74,523
8,249
80,118
94,68
81,93
74,64
80,404
41,267
74,250
35,310
8,361
77,430
8,177
81,72
74,371
73,78
11,270
79,273
82,31
81,47
74,62
74,17
79,96
72,161
94,74
79,334
74,46
8,156
74,116
74,23
8,75
82,56
79,216
35,326
74,255
78,67
74,37
74,478
80,278
74,159
6,209
79,379
80,200
74,509
80,319
80,235
74,447
94,221
74,228
73,188
74,702
79,49
80,269
74,133
79,87
8,428
74,688
74,581
74,596
72,389
79,655
79,553
94,599
74,549
80,641
74,570
74,124
82,646
74,579
74,388
71,676
80,624
8,678
73,705
59,287
94,482
93,387
8,525
94,491
80,492
80,485
73,558
79,400
84,406
79,416
74,390
8,465
11,665
11,450
82,165
11,322
74,496
74,320
74,170
74,354
74,352
8,431
74,58
74,243
74,340
74,559
74,444
74,609
74,457
74,403
82,507
74,276
8,476
71,38
8,202
74,351
74,355
94,433
79,111
74,109
79,338
74,50
74,182
79,203
8,33
74,386
74,474
74,795
74,701
74,781
74,262
80,792
74,794
11,793
74,770
74,290
74,115
11,524
87,34
74,13
79,21
8,15
74,708
94,797
11,737
11,736
74,180
74,786
80,773
74,745
74,771
79,734
74,709
74,731
73,772
74,251
74,743
74,236
74,748
74,749
74,798
74,787
94,445
74,187
74,217
94,732
94,493
11,566
11,657
94,656
11,454
74,427
11,585
11,535
94,659
74,697
72,149
74,84
74,789
11,321
12,744
11,488
74,106
74,199
11,82
11,751
74,429
94,616
74,785
74,593
74,778
74,469
74,765
94,484
74,738
74,204
84,311
74,733
74,726
94,327
94,729
94,345
74,258
74,730
94,707
74,631
11,768
11,500
11,644
11,791
74,110
74,681
94,166
74,764
94,424
73,757
74,413
11,647
74,784
74,472
94,763
94,776
11,572
11,66
74,53
11,117
74,645
94,70
11,247
11,346
11,181
11,24
74,291
11,421
11,160
