10,753
10,746
10,76
7,762
8,775
10,512
10,668
12,486
8,706
10,696
12,758
12,699
2,780
7,260
2,711
9,691
5,499
7,796
12,45
12,130
2,206
7,89
6,669
16,632
12,735
10,703
12,724
12,790
7,756
12,782
5,754
7,169
2,777
2,716
12,759
12,761
6,123
2,755
8,774
7,663
10,661
10,788
12,583
9,511
12,739
6,694
5,577
7,690
15,606
2,752
7,767
10,747
17,685
7,383
12,766
6,63
7,713
2,468
8,127
12,679
10,741
5,750
12,672
5,619
12,727
17,742
6,693
5,722
12,717
17,714
10,528
5,504
12,608
6,660
6,510
12,605
12,698
5,728
10,634
10,635
12,526
1,574
10,502
2,417
12,372
13,537
15,473
10,432
12,544
5,282
10,589
10,337
5,557
12,224
12,710
5,721
7,626
12,385
12,529
12,405
12,395
10,426
12,617
8,595
12,671
3,552
11,515
12,666
2,667
17,551
2,615
12,603
10,683
9,522
2,569
6,680
17,505
5,627
7,516
5,723
10,686
12,466
12,719
2,725
12,689
10,637
12,564
10,568
10,286
12,306
7,464
7,453
15,436
12,313
7,28
10,329
10,77
10,218
12,268
12,494
12,440
12,514
12,449
10,769
10,378
10,65
10,783
12,598
2,700
10,625
12,720
12,654
11,662
10,452
12,597
6,256
10,438
11,105
4,240
18,673
6,590
12,612
10,638
12,533
2,622
17,565
12,563
12,664
12,506
2,670
10,692
10,675
12,348
12,541
12,381
12,459
5,584
10,618
7,548
2,546
16,650
2,384
12,408
10,358
10,312
5,779
2,27
14,642
12,718
10,441
12,740
12,592
12,300
12,518
12,227
12,211
12,628
12,213
1,99
4,443
12,639
2,677
2,35
17,155
12,392
12,195
12,98
12,174
4,30
7,462
12,237
12,393
12,422
12,226
12,542
6,298
2,376
12,294
12,305
8,580
14,198
8,331
8,336
12,134
12,192
12,315
12,196
14,682
11,540
12,591
8,148
10,391
8,271
12,547
14,567
2,653
12,704
12,418
12,280
12,630
12,415
10,463
2,687
9,594
12,357
12,360
16,434
12,550
5,629
5,536
2,490
10,368
8,140
10,520
6,125
12,302
10,458
17,11
10,100
12,517
7,141
2,343
8,480
8,308
10,325
10,461
5,245
12,623
15,531
5,364
12,497
10,521
5,534
12,684
7,460
2,601
9,620
4,543
12,715
12,139
12,420
12,212
7,142
8,610
7,651
12,586
2,151
10,425
7,423
2,508
16,73
12,401
11,347
12,539
12,498
10,399
12,561
12,538
12,640
12,621
12,487
12,475
10,649
10,562
12,575
12,571
12,611
12,316
10,648
5,633
17,712
12,442
12,613
10,407
12,350
12,409
12,554
5,410
4,489
2,122
2,176
2,448
12,607
10,501
12,695
6,614
17,532
12,446
12,560
12,301
12,194
12,205
7,207
6,162
12,582
12,335
12,168
2,143
10,208
2,369
12,103
12,588
12,573
12,397
17,281
16,555
12,248
12,307
7,344
12,108
2,25
2,332
5,279
2,362
2,230
12,55
12,12
12,363
12,530
12,323
5,81
12,373
12,513
12,545
11,328
10,527
9,173
12,375
12,152
12,394
5,219
12,359
12,604
9,479
12,341
12,587
11,299
12,330
4,241
11,234
12,370
10,471
12,600
12,503
12,412
2,636
2,467
2,658
2,674
2,193
12,470
12,36
12,8
12,201
12,20
11,246
12,214
8,69
12,435
2,292
12,437
7,295
2,225
5,197
12,317
2,238
12,356
12,112
12,94
12,297
12,60
12,95
17,183
10,342
12,43
2,85
12,191
12,274
7,215
12,189
19,164
12,175
12,101
17,19
12,167
12,411
2,239
2,760
17,652
5,86
2,396
12,365
2,380
12,107
12,229
12,153
12,377
12,158
10,456
12,293
12,483
12,137
12,172
2,252
2,52
12,190
14,304
12,303
12,257
2,314
8,146
12,171
12,92
2,91
7,382
11,79
2,414
12,185
12,145
12,147
12,265
12,113
12,150
12,7
2,129
12,242
12,26
12,138
17,309
12,477
12,157
17,184
12,41
2,10
12,136
2,254
10,2
4,126
12,154
12,61
7,266
2,3
11,144
17,71
2,128
12,272
12,439
3,178
12,121
12,102
2,643
2,339
2,324
12,83
10,80
2,88
12,296
12,288
12,259
17,6
12,42
12,495
12,232
12,163
12,1
12,366
2,4
12,261
4,29
12,119
12,519
12,289
12,419
12,51
12,48
12,402
12,22
12,54
7,40
12,97
12,333
12,32
5,578
2,602
2,131
12,135
12,57
12,132
12,18
12,14
12,179
12,275
12,349
12,283
2,455
12,481
12,285
12,210
12,59
12,104
12,9
12,263
12,39
12,284
12,220
12,5
12,233
12,264
2,223
12,222
12,398
12,576
2,451
12,231
12,253
9,374
12,16
2,556
2,277
12,367
12,244
12,44
12,114
12,353
12,318
2,90
12,120
12,186
12,523
2,249
12,118
17,68
12,93
12,64
12,404
8,267
12,250
7,310
2,361
12,430
2,177
12,72
12,371
12,78
2,270
12,273
12,31
12,47
12,62
12,17
12,96
12,161
17,74
12,334
12,46
2,156
12,116
12,23
2,75
12,56
12,216
7,326
12,255
12,67
12,37
12,478
12,278
12,159
2,209
12,379
12,200
12,509
12,319
12,235
12,447
17,221
12,228
12,188
12,702
12,49
12,269
12,133
12,87
2,428
12,688
12,581
12,596
12,389
12,655
12,553
17,599
12,549
12,641
12,570
12,124
12,646
12,579
12,388
12,676
12,624
2,678
12,705
10,287
17,482
17,387
2,525
17,491
12,492
12,485
12,558
12,400
13,406
12,416
12,390
2,465
2,665
2,450
12,165
2,322
12,496
12,320
12,170
12,354
12,352
2,431
12,58
12,243
12,340
12,559
12,444
12,609
12,457
12,403
12,507
12,276
2,476
12,38
2,202
12,351
12,355
17,433
12,111
12,109
12,338
12,50
12,182
12,203
2,33
12,386
12,474
12,795
12,701
12,781
12,262
12,792
12,794
2,793
12,770
12,290
12,115
2,524
14,34
12,13
12,21
2,15
12,708
17,797
2,737
2,736
12,180
12,786
12,773
12,745
12,771
12,734
12,709
12,731
12,772
12,251
12,743
12,236
12,748
12,749
12,798
12,787
17,445
12,187
12,217
17,732
17,493
2,566
2,657
17,656
2,454
12,427
2,585
2,535
17,659
12,697
12,149
12,84
12,789
2,321
2,744
2,488
12,106
12,199
2,82
2,751
12,429
17,616
12,785
12,593
12,778
12,469
12,765
17,484
12,738
12,204
13,311
12,733
12,726
17,327
17,729
17,345
12,258
12,730
17,707
12,631
2,768
2,500
2,644
2,791
12,110
12,681
17,166
12,764
17,424
12,757
12,413
2,647
12,784
12,472
17,763
17,776
2,572
2,66
12,53
2,117
12,645
17,70
2,247
2,346
2,181
2,24
12,291
2,421
2,160
