1,1206
2,1208
2,1210
2,1064
2,1219
1,1236
2,703
2,1232
2,1207
2,1157
2,1199
1,1082
2,1112
2,1212
2,1095
2,889
2,1144
2,1227
2,876
2,1118
2,1005
2,954
2,1089
2,1042
2,561
2,1087
2,591
2,1223
2,1139
2,928
1,1222
1,908
2,784
2,1077
2,891
2,1056
2,912
1,1228
2,1215
2,655
2,946
2,970
2,996
2,532
2,581
1,485
2,722
1,751
2,829
2,1192
2,1194
2,514
2,831
2,1197
2,633
2,967
2,500
2,1030
2,952
1,386
2,1221
2,880
2,1032
2,1166
2,1001
2,697
2,1133
2,659
2,993
2,1163
2,1196
2,1053
2,520
2,978
2,1204
2,1147
2,798
2,981
2,1101
2,850
2,1060
2,1153
2,1079
2,1195
2,1022
2,1010
2,1205
2,1116
2,636
1,701
2,1052
2,927
2,602
2,522
2,1094
1,853
2,351
2,745
2,811
2,1067
2,583
2,772
2,1086
2,863
2,716
2,564
2,385
2,816
2,725
2,580
2,1231
2,1176
2,882
2,411
2,660
2,920
2,913
2,374
2,288
2,631
2,683
2,393
2,518
2,621
2,400
2,577
2,1046
2,667
2,1114
2,554
2,456
2,723
2,720
2,953
2,959
2,1122
2,937
2,1058
2,543
2,982
2,578
2,791
2,511
2,1049
2,740
2,1098
2,692
2,727
2,593
2,427
2,415
2,493
2,430
2,1115
2,841
2,1031
2,919
2,861
2,1217
1,1224
2,1161
1,773
2,823
2,565
2,626
2,1120
2,991
2,979
2,1076
2,1182
2,526
2,1008
2,894
2,830
2,969
2,947
2,999
2,1105
2,704
2,512
2,428
2,612
2,486
2,744
2,1132
2,466
2,842
2,980
2,1063
2,817
2,1029
2,775
2,568
2,681
2,730
2,781
2,851
2,1068
2,762
2,608
3,729
2,690
2,1141
2,944
2,767
2,611
2,930
2,1016
2,549
2,1121
2,609
2,790
2,865
2,825
2,1143
2,1047
2,845
2,984
2,1119
2,888
2,590
2,843
2,708
2,641
2,685
1,574
2,1211
2,1225
2,642
2,1198
2,1202
2,1226
2,698
2,972
2,1051
2,1156
2,1184
2,837
2,684
2,1177
2,713
2,1229
2,1164
2,1126
2,801
2,924
2,917
2,1216
2,1235
2,1218
2,1158
2,872
2,1209
2,1185
2,1136
2,916
2,1017
2,1234
2,1138
2,1036
2,1104
2,1220
2,709
2,1175
2,800
2,1088
2,921
2,584
2,465
2,1146
2,1169
2,918
2,962
2,1142
2,788
2,1055
2,1129
2,765
2,1128
2,802
2,629
2,777
2,1075
2,1018
2,669
2,896
2,824
2,938
2,529
2,388
2,792
2,854
2,535
2,1069
2,878
2,1180
2,810
2,1170
2,1171
2,285
2,915
2,1151
2,1092
2,652
2,1154
2,1168
2,334
2,1173
1,645
2,412
2,657
2,846
2,503
2,995
2,318
2,866
2,1109
2,983
1,910
2,1125
2,809
2,1145
2,625
2,505
2,732
2,1004
2,771
2,968
2,1024
2,855
2,956
2,743
2,1083
2,1045
2,1131
2,640
2,933
2,524
2,1165
2,1000
2,760
2,1174
2,617
2,1187
2,955
2,884
2,904
2,1048
2,752
2,844
2,536
2,632
2,1044
2,1200
2,587
2,1034
2,828
2,1123
1,717
2,813
2,869
2,974
2,1003
2,840
2,1090
2,1135
2,1084
2,769
1,1040
2,964
2,502
2,1021
2,1106
2,754
2,1006
3,1113
2,966
2,832
2,594
2,682
2,691
2,618
2,1137
2,1189
2,1002
2,712
2,1213
2,793
2,961
2,895
2,1230
2,1214
2,677
2,348
2,1178
2,936
2,934
2,932
2,1188
2,395
2,734
2,1152
2,1111
2,997
2,1043
2,758
1,906
2,676
2,903
2,646
2,1148
2,925
2,668
2,1071
2,949
2,1140
2,540
2,875
2,322
2,735
2,747
2,544
2,390
2,1097
2,1183
2,569
2,941
2,702
3,893
2,582
1,647
2,1059
2,1134
2,768
2,960
2,858
2,929
2,990
2,672
2,1130
2,1020
2,864
2,551
2,282
2,601
2,886
2,513
2,449
2,1110
2,623
2,988
2,779
2,736
2,572
2,1124
2,320
2,586
2,275
2,384
2,812
2,592
2,635
2,380
2,1167
2,1062
2,746
2,883
2,1033
2,506
2,958
2,852
2,976
2,494
2,562
2,497
2,898
2,527
2,870
3,731
2,530
2,787
2,987
2,794
2,897
2,573
2,1093
2,733
2,689
2,403
2,501
2,822
2,1054
2,902
2,821
2,627
2,662
2,780
2,671
2,710
2,445
2,839
2,539
2,566
2,1023
2,948
2,1149
2,877
2,686
2,890
2,867
2,911
2,885
2,776
2,973
2,1014
2,1091
2,1072
2,567
2,1028
2,1027
2,1080
2,498
1,695
2,600
2,940
2,488
2,496
2,558
2,556
2,408
2,432
2,439
2,437
2,674
2,795
2,1057
2,1150
2,579
2,576
2,738
2,441
2,422
2,198
2,93
2,95
2,286
2,489
2,257
2,157
2,236
2,311
2,477
2,806
2,696
2,610
2,994
2,724
2,458
2,860
2,596
2,1099
2,785
2,820
2,1009
2,504
2,1107
2,835
2,826
2,805
2,679
2,656
2,763
2,541
2,721
2,1061
2,418
2,650
2,753
2,649
2,766
2,874
2,750
2,922
2,957
2,783
2,926
2,807
2,1085
2,899
2,847
2,943
2,1100
2,986
2,670
2,764
2,654
2,510
2,665
2,818
2,387
2,862
2,588
2,658
2,827
2,310
2,375
2,680
2,394
2,223
2,1038
2,571
2,705
2,473
2,247
2,749
2,620
2,129
2,86
2,232
2,280
2,315
2,484
2,675
2,538
2,545
2,459
2,302
2,172
2,255
2,343
2,434
2,333
2,1015
2,585
2,971
2,546
2,859
2,624
2,507
2,266
2,209
2,349
1,219
2,517
2,443
2,435
2,292
2,104
2,354
2,552
1,542
2,164
2,214
2,188
2,151
2,297
2,347
2,737
2,550
2,416
2,848
2,360
1,371
2,598
2,352
2,267
2,338
2,128
2,433
2,487
2,834
2,296
2,871
2,977
2,799
2,856
2,1041
2,1073
2,475
2,139
2,833
2,401
2,1070
2,350
2,604
2,321
3,471
2,85
2,98
2,312
2,189
2,234
2,242
2,560
2,190
2,367
2,357
2,225
3,206
2,238
2,328
2,180
2,341
2,589
2,362
2,303
2,379
2,460
2,84
2,246
3,261
2,326
2,786
2,638
2,1103
2,256
2,942
2,814
2,399
2,548
2,218
2,173
2,193
2,141
2,143
2,279
2,277
2,78
2,63
2,313
2,363
2,105
2,472
2,220
2,688
2,605
2,323
2,421
2,1162
2,442
2,905
2,426
2,91
2,797
2,452
2,366
2,340
2,892
2,719
2,327
2,1190
2,998
2,228
2,224
2,210
2,254
2,339
2,474
2,715
2,270
2,121
2,213
2,186
2,289
2,202
2,290
2,252
2,378
2,112
2,308
2,156
2,273
2,836
1,1096
2,204
2,230
2,265
2,65
2,881
2,229
2,448
2,163
2,222
2,97
2,171
2,89
2,755
2,69
2,335
2,88
2,678
2,287
2,241
2,179
2,127
2,140
2,276
2,212
2,203
2,492
2,200
2,476
2,92
2,353
2,547
2,165
2,262
2,317
2,570
2,192
2,184
2,531
2,615
2,653
2,346
2,796
2,329
2,324
2,849
2,240
2,300
2,248
2,417
2,306
2,344
2,634
2,185
2,616
2,307
2,707
2,178
2,301
2,628
2,243
2,939
2,907
2,450
2,409
2,414
2,272
2,161
2,446
2,482
2,1159
2,706
2,253
2,264
2,490
2,951
2,603
2,423
2,398
2,413
2,1127
2,613
2,365
3,444
2,463
2,170
2,259
2,274
2,137
2,94
2,174
2,169
2,71
2,64
2,258
2,516
2,382
2,183
2,208
3,480
2,108
2,138
2,838
2,368
2,700
2,176
2,103
2,249
2,109
2,250
2,117
2,742
2,931
2,131
2,373
2,110
2,130
2,56
2,211
2,99
2,464
2,694
2,757
2,1155
2,1026
2,756
2,1025
2,622
2,1035
2,714
2,639
2,356
2,759
2,316
2,396
2,607
2,1181
2,739
2,559
2,533
2,1108
2,508
2,521
2,644
2,761
2,1065
2,619
2,331
2,661
2,606
2,168
2,455
2,614
2,741
2,555
2,406
2,782
2,525
2,519
2,726
2,963
3,231
2,693
2,673
2,804
2,1037
2,914
2,453
2,534
2,381
2,563
2,391
2,372
2,770
2,597
2,803
2,887
2,965
2,748
2,945
2,553
2,336
2,425
2,778
2,528
2,819
2,537
2,1201
2,1012
2,1013
2,950
2,451
2,599
2,278
2,495
2,637
2,728
2,361
2,467
2,901
2,330
2,197
2,975
2,1039
2,1203
2,461
2,868
2,1233
2,342
2,293
2,575
2,1019
2,291
2,181
2,195
2,111
2,216
2,251
2,648
2,436
2,457
2,364
2,470
2,392
2,808
2,478
2,900
2,389
2,1007
2,1172
2,1193
2,36
2,66
2,13
2,74
2,37
2,124
3,35
2,58
2,22
2,177
2,75
2,30
2,45
2,39
2,43
2,53
2,115
2,664
2,125
2,199
2,40
2,73
2,15
2,989
2,61
2,23
2,33
2,383
2,299
2,19
2,20
2,28
2,10
2,50
2,42
2,52
2,55
2,102
2,404
2,284
2,447
2,126
2,215
2,76
2,245
2,175
2,440
2,595
2,410
2,509
2,217
2,44
2,149
2,1066
2,304
2,499
2,332
2,298
2,194
2,227
2,419
2,1186
2,1078
2,167
2,54
2,152
2,187
2,221
2,81
2,1081
2,233
2,114
2,260
2,57
2,483
2,150
2,294
2,370
2,24
2,132
2,3
2,144
2,5
2,7
2,1237
2,9
2,4
2,70
2,2
2,79
2,153
2,14
2,72
2,25
2,8
2,21
2,26
3,51
2,17
2,1238
2,47
2,27
2,424
2,120
2,122
2,134
2,789
2,909
2,397
2,182
2,481
2,630
2,454
2,100
2,101
2,283
2,133
2,207
2,59
2,239
2,268
2,159
2,281
2,62
2,337
2,49
2,718
2,83
2,118
2,191
2,16
2,491
2,146
2,87
2,469
2,123
2,82
2,515
2,80
2,557
2,68
2,295
2,1191
2,879
2,666
2,325
2,992
2,420
2,462
2,1074
2,355
2,136
2,358
2,269
2,67
2,271
2,1117
2,1160
2,438
2,244
2,11
2,18
2,235
2,155
2,237
2,305
2,402
2,116
2,148
2,263
2,34
2,145
2,166
2,205
3,405
2,41
2,985
2,107
2,154
2,923
2,314
2,345
2,113
2,158
2,815
2,142
2,77
2,468
2,377
2,135
2,119
2,29
2,106
2,147
2,1050
2,196
2,1102
2,857
2,479
2,376
2,1179
2,1011
2,687
2,711
2,429
2,699
2,935
2,201
2,873
2,319
2,60
2,162
2,651
2,90
2,369
2,663
2,309
2,643
2,523
2,160
2,48
2,407
2,774
2,226
2,38
2,6
2,359
2,431
2,12
2,32
2,1
2,46
2,31
2,96
