9,712
9,728
9,737
15,724
9,701
9,600
29,618
9,508
9,646
9,654
9,656
10,505
9,719
9,739
9,643
9,669
9,664
9,504
29,686
9,616
9,729
9,677
29,596
9,633
29,734
28,718
9,715
9,723
9,702
29,545
9,685
9,671
9,722
15,571
9,406
9,720
9,512
9,756
9,735
29,727
9,370
9,546
9,364
9,427
9,621
29,564
9,351
9,521
14,632
9,732
29,687
9,659
5,526
9,604
9,731
12,705
4,615
9,601
14,506
9,672
9,714
9,611
9,644
29,708
29,479
9,648
9,559
9,588
9,547
29,710
9,667
9,581
10,469
9,553
10,647
29,636
9,638
9,562
9,688
9,585
29,520
9,262
9,630
9,560
8,613
9,419
9,699
9,476
9,590
9,456
9,529
9,570
9,623
14,662
11,272
9,401
9,524
28,403
4,609
29,321
9,346
9,649
9,645
8,386
8,368
9,661
9,652
13,706
9,461
43,284
9,625
29,550
6,586
29,670
9,634
9,610
10,703
2,543
15,683
27,352
11,721
29,568
29,363
9,208
9,535
42,541
9,379
29,497
6,418
19,528
9,444
27,640
9,695
9,607
9,655
9,591
34,680
9,573
9,673
26,696
23,593
46,400
6,709
9,658
1,657
9,540
9,446
9,393
39,319
33,453
9,660
29,438
9,462
33,507
21,744
17,675
9,287
3,264
9,192
3,484
9,679
33,347
11,460
6,605
8,390
31,382
16,405
9,236
11,454
3,578
3,247
29,488
27,378
18,522
33,407
33,425
33,502
9,330
29,373
33,276
33,483
33,285
9,274
33,435
33,491
10,249
8,415
33,515
33,441
9,514
38,374
33,486
33,327
43,381
33,377
33,487
33,429
33,574
37,542
33,463
33,525
33,450
33,455
9,493
9,220
33,238
33,320
33,243
33,413
9,387
33,316
33,354
33,443
29,492
25,397
9,189
3,412
29,150
44,404
33,248
33,537
9,241
33,385
33,299
33,211
14,408
33,232
33,306
31,430
33,464
33,577
33,494
7,567
9,258
33,384
33,255
33,627
33,235
33,270
33,181
33,177
33,532
33,594
32,608
3,421
9,296
33,383
33,694
33,414
3,503
33,411
33,556
33,442
33,513
33,361
33,642
40,209
33,329
33,348
33,325
33,475
33,227
33,449
33,283
33,436
33,307
33,239
33,162
33,266
33,434
36,212
33,297
33,196
33,184
33,301
33,223
33,345
33,259
33,500
33,197
22,490
33,579
33,554
33,392
33,641
33,576
33,480
33,228
33,290
33,288
33,253
43,372
33,440
33,350
33,225
33,375
33,252
32,278
33,176
33,598
33,575
33,395
24,626
33,472
33,416
33,231
33,206
33,595
33,240
35,628
33,561
33,268
33,582
9,277
33,275
33,154
33,201
33,603
33,185
33,750
33,747
33,755
33,745
33,758
33,653
33,760
33,757
33,753
33,742
33,748
33,752
33,746
33,749
33,751
29,743
34,761
9,523
33,552
9,527
33,467
31,332
33,549
33,451
33,530
33,353
33,366
33,221
33,359
33,256
33,322
33,555
33,254
33,280
33,202
33,485
9,291
33,237
45,355
33,300
33,424
33,340
33,519
33,580
33,459
33,389
33,614
33,282
33,544
43,265
33,433
1,380
33,289
33,589
33,305
33,439
33,651
33,311
33,309
33,637
33,639
33,445
33,224
33,668
33,344
33,597
33,587
33,251
33,207
33,315
33,230
33,631
33,195
33,312
33,295
33,698
9,516
33,388
33,313
33,612
33,399
33,509
33,563
33,367
33,583
33,557
33,409
33,716
33,398
33,394
33,622
33,432
33,437
33,465
33,635
33,458
33,410
41,293
33,468
33,539
9,267
33,334
45,349
33,343
33,362
33,428
43,606
33,338
33,302
33,260
33,242
41,357
33,308
33,342
33,518
33,717
33,331
33,182
33,175
33,279
33,261
33,365
33,689
33,510
33,551
33,423
33,304
29,326
33,318
33,726
33,697
33,269
33,681
33,707
33,317
33,617
33,693
3,692
33,629
33,725
33,730
33,676
33,496
33,323
33,666
33,736
33,691
33,733
33,569
33,682
33,665
33,489
33,538
29,548
9,402
33,599
33,481
43,263
45,452
33,572
33,482
33,584
33,558
33,498
33,213
33,501
33,200
33,391
33,376
33,624
33,704
33,324
33,678
33,273
33,360
3,180
33,470
33,690
33,198
43,333
33,740
33,466
33,471
33,328
33,294
33,188
33,286
33,448
33,203
33,193
33,244
9,592
33,684
33,565
33,663
33,536
33,298
9,137
33,336
33,341
33,166
33,229
33,310
33,271
33,199
33,763
33,764
33,754
33,149
33,191
33,257
9,194
33,499
42,110
9,292
33,426
32,369
33,477
33,602
33,219
33,422
33,478
33,358
33,142
33,711
33,533
33,126
33,431
33,417
33,64
33,112
33,172
33,65
33,114
33,25
33,218
33,81
33,741
33,122
33,23
33,46
33,152
33,566
33,30
33,70
32,123
29,179
33,76
33,100
33,7
33,214
33,128
33,473
33,447
33,335
33,650
33,19
33,51
33,770
33,40
33,98
33,26
33,173
33,132
33,120
33,700
33,738
33,303
33,215
33,155
33,713
33,281
32,141
33,140
33,5
33,79
33,15
33,115
33,337
33,420
33,54
33,127
43,102
33,31
33,69
33,517
33,67
33,216
33,8
33,33
33,74
33,29
33,55
33,14
33,89
33,32
33,84
33,28
33,72
14,1
8,47
33,3
33,41
33,97
33,90
33,6
33,39
33,133
33,82
33,762
33,11
33,27
33,21
33,125
33,765
33,44
33,769
33,43
33,768
33,135
33,183
33,190
33,68
33,161
33,159
33,124
33,92
33,234
33,168
33,246
29,147
33,531
33,134
33,66
33,153
33,106
33,60
33,77
33,20
33,22
33,2
33,10
33,93
32,45
33,109
33,101
33,78
33,131
33,58
33,157
33,144
33,24
33,103
33,35
1,146
33,62
33,48
33,18
33,767
33,13
33,87
33,36
33,17
33,37
32,63
33,83
33,9
33,16
33,42
33,136
33,766
33,339
33,205
33,71
33,396
33,178
33,52
33,222
33,356
33,116
24,107
33,474
33,96
33,511
33,534
33,314
33,204
33,138
33,91
33,151
33,50
46,139
33,148
20,88
33,38
33,111
33,80
33,86
33,210
33,61
33,12
33,117
33,73
33,186
33,75
33,620
33,105
33,165
33,85
33,104
33,187
33,163
33,121
33,95
33,169
33,108
33,56
33,143
24,164
33,113
33,129
29,233
33,226
33,759
33,619
33,94
33,59
33,49
33,119
33,34
33,4
33,160
33,250
33,495
30,158
33,245
33,457
33,171
33,217
14,170
33,57
33,99
9,53
30,674
30,371
9,145
9,118
9,167
9,174
9,156
29,130
