1,712
1,728
1,737
1,724
1,701
1,600
5,618
1,508
1,646
1,654
1,656
1,505
1,719
1,739
1,643
1,669
1,664
1,504
5,686
1,616
1,729
1,677
5,596
1,633
5,734
5,718
1,715
1,723
1,702
5,545
1,685
1,671
1,722
1,571
1,406
1,720
1,512
1,756
1,735
5,727
1,370
1,546
1,364
1,427
1,621
5,564
1,351
1,521
1,632
1,732
5,687
1,659
1,526
1,604
1,731
1,705
1,615
1,601
1,506
1,672
1,714
1,611
1,644
5,708
5,479
1,648
1,559
1,588
1,547
5,710
1,667
1,581
1,469
1,553
1,647
5,636
1,638
1,562
1,688
1,585
5,520
1,262
1,630
1,560
1,613
1,419
1,699
1,476
1,590
1,456
1,529
1,570
1,623
1,662
1,272
1,401
1,524
5,403
1,609
5,321
1,346
1,649
1,645
1,386
1,368
1,661
1,652
1,706
1,461
6,284
1,625
5,550
1,586
5,670
1,634
1,610
1,703
1,543
1,683
5,352
1,721
5,568
5,363
1,208
1,535
6,541
1,379
5,497
1,418
2,528
1,444
5,640
1,695
1,607
1,655
1,591
6,680
1,573
1,673
4,696
3,593
6,400
1,709
1,658
1,657
1,540
1,446
1,393
6,319
6,453
1,660
5,438
1,462
6,507
3,744
1,675
1,287
1,264
1,192
1,484
1,679
6,347
1,460
1,605
1,390
6,382
1,405
1,236
1,454
1,578
1,247
5,488
5,378
1,522
6,407
6,425
6,502
1,330
5,373
6,276
6,483
6,285
1,274
6,435
6,491
1,249
1,415
6,515
6,441
1,514
6,374
6,486
6,327
6,381
6,377
6,487
6,429
6,574
6,542
6,463
6,525
6,450
6,455
1,493
1,220
6,238
6,320
6,243
6,413
1,387
6,316
6,354
6,443
5,492
3,397
1,189
1,412
5,150
6,404
6,248
6,537
1,241
6,385
6,299
6,211
1,408
6,232
6,306
6,430
6,464
6,577
6,494
1,567
1,258
6,384
6,255
6,627
6,235
6,270
6,181
6,177
6,532
6,594
6,608
1,421
1,296
6,383
6,694
6,414
1,503
6,411
6,556
6,442
6,513
6,361
6,642
6,209
6,329
6,348
6,325
6,475
6,227
6,449
6,283
6,436
6,307
6,239
6,162
6,266
6,434
6,212
6,297
6,196
6,184
6,301
6,223
6,345
6,259
6,500
6,197
3,490
6,579
6,554
6,392
6,641
6,576
6,480
6,228
6,290
6,288
6,253
6,372
6,440
6,350
6,225
6,375
6,252
6,278
6,176
6,598
6,575
6,395
3,626
6,472
6,416
6,231
6,206
6,595
6,240
6,628
6,561
6,268
6,582
1,277
6,275
6,154
6,201
6,603
6,185
6,750
6,747
6,755
6,745
6,758
6,653
6,760
6,757
6,753
6,742
6,748
6,752
6,746
6,749
6,751
5,743
6,761
1,523
6,552
1,527
6,467
6,332
6,549
6,451
6,530
6,353
6,366
6,221
6,359
6,256
6,322
6,555
6,254
6,280
6,202
6,485
1,291
6,237
6,355
6,300
6,424
6,340
6,519
6,580
6,459
6,389
6,614
6,282
6,544
6,265
6,433
1,380
6,289
6,589
6,305
6,439
6,651
6,311
6,309
6,637
6,639
6,445
6,224
6,668
6,344
6,597
6,587
6,251
6,207
6,315
6,230
6,631
6,195
6,312
6,295
6,698
1,516
6,388
6,313
6,612
6,399
6,509
6,563
6,367
6,583
6,557
6,409
6,716
6,398
6,394
6,622
6,432
6,437
6,465
6,635
6,458
6,410
6,293
6,468
6,539
1,267
6,334
6,349
6,343
6,362
6,428
6,606
6,338
6,302
6,260
6,242
6,357
6,308
6,342
6,518
6,717
6,331
6,182
6,175
6,279
6,261
6,365
6,689
6,510
6,551
6,423
6,304
5,326
6,318
6,726
6,697
6,269
6,681
6,707
6,317
6,617
6,693
1,692
6,629
6,725
6,730
6,676
6,496
6,323
6,666
6,736
6,691
6,733
6,569
6,682
6,665
6,489
6,538
5,548
1,402
6,599
6,481
6,263
6,452
6,572
6,482
6,584
6,558
6,498
6,213
6,501
6,200
6,391
6,376
6,624
6,704
6,324
6,678
6,273
6,360
1,180
6,470
6,690
6,198
6,333
6,740
6,466
6,471
6,328
6,294
6,188
6,286
6,448
6,203
6,193
6,244
1,592
6,684
6,565
6,663
6,536
6,298
1,137
6,336
6,341
6,166
6,229
6,310
6,271
6,199
6,763
6,764
6,754
6,149
6,191
6,257
1,194
6,499
6,110
1,292
6,426
6,369
6,477
6,602
6,219
6,422
6,478
6,358
6,142
6,711
6,533
6,126
6,431
6,417
6,64
6,112
6,172
6,65
6,114
6,25
6,218
6,81
6,741
6,122
6,23
6,46
6,152
6,566
6,30
6,70
6,123
5,179
6,76
6,100
6,7
6,214
6,128
6,473
6,447
6,335
6,650
6,19
6,51
6,770
6,40
6,98
6,26
6,173
6,132
6,120
6,700
6,738
6,303
6,215
6,155
6,713
6,281
6,141
6,140
6,5
6,79
6,15
6,115
6,337
6,420
6,54
6,127
6,102
6,31
6,69
6,517
6,67
6,216
6,8
6,33
6,74
6,29
6,55
6,14
6,89
6,32
6,84
6,28
6,72
1,1
1,47
6,3
6,41
6,97
6,90
6,6
6,39
6,133
6,82
6,762
6,11
6,27
6,21
6,125
6,765
6,44
6,769
6,43
6,768
6,135
6,183
6,190
6,68
6,161
6,159
6,124
6,92
6,234
6,168
6,246
5,147
6,531
6,134
6,66
6,153
6,106
6,60
6,77
6,20
6,22
6,2
6,10
6,93
6,45
6,109
6,101
6,78
6,131
6,58
6,157
6,144
6,24
6,103
6,35
1,146
6,62
6,48
6,18
6,767
6,13
6,87
6,36
6,17
6,37
6,63
6,83
6,9
6,16
6,42
6,136
6,766
6,339
6,205
6,71
6,396
6,178
6,52
6,222
6,356
6,116
3,107
6,474
6,96
6,511
6,534
6,314
6,204
6,138
6,91
6,151
6,50
6,139
6,148
3,88
6,38
6,111
6,80
6,86
6,210
6,61
6,12
6,117
6,73
6,186
6,75
6,620
6,105
6,165
6,85
6,104
6,187
6,163
6,121
6,95
6,169
6,108
6,56
6,143
3,164
6,113
6,129
5,233
6,226
6,759
6,619
6,94
6,59
6,49
6,119
6,34
6,4
6,160
6,250
6,495
6,158
6,245
6,457
6,171
6,217
1,170
6,57
6,99
1,53
6,674
6,371
1,145
1,118
1,167
1,174
1,156
5,130
