1,825
6,1225
7,1247
7,1178
1,1182
6,1177
6,1222
1,996
1,1236
6,1239
7,1061
7,546
6,1097
6,1246
1,1112
1,856
1,1055
6,1185
6,1244
6,1046
6,1167
6,446
1,971
6,1229
1,1232
6,1224
1,987
1,1206
7,1184
6,520
1,1253
1,1179
1,968
6,1252
1,1077
6,1238
1,932
7,1191
7,1176
1,1085
6,619
6,988
6,913
7,1139
1,1140
6,1205
7,568
6,1223
1,1022
7,1148
7,414
1,776
6,670
7,1218
6,1168
7,1133
6,1195
7,667
7,804
1,623
7,964
6,1128
7,1159
1,632
1,865
1,783
7,586
6,843
7,1157
1,976
6,979
1,1033
6,1111
6,949
1,947
6,871
6,755
6,1132
7,516
1,502
6,322
1,1102
3,1180
6,901
6,937
6,848
6,1221
6,391
7,889
6,1203
7,1153
6,1169
6,535
6,1090
6,739
1,874
7,867
1,982
1,744
7,759
6,1149
1,407
6,1110
6,1109
1,1240
7,955
1,462
1,1227
1,727
6,558
2,1065
7,1219
6,1213
1,1135
6,1151
6,1241
1,615
6,1141
1,607
6,1173
1,270
6,752
7,765
6,1114
2,1188
1,767
1,894
7,594
1,1198
1,842
6,296
6,832
1,970
2,823
6,641
1,1142
6,785
6,773
6,725
6,1129
6,421
2,1117
1,1175
6,1234
1,1200
6,1230
1,1040
6,1212
7,1174
1,521
6,926
6,669
7,868
6,251
6,1171
6,1158
1,1120
6,466
6,927
1,675
1,552
2,940
7,792
1,1093
1,1044
1,455
1,571
6,981
6,953
4,510
2,1197
1,1030
6,1025
6,1026
1,1087
6,935
1,345
1,1215
4,529
6,1056
6,898
6,777
1,365
6,1201
2,1242
1,1235
1,951
7,756
6,797
6,610
6,1143
6,341
6,748
6,651
1,816
6,980
6,808
6,719
6,423
1,908
6,1125
6,1154
6,896
6,966
6,303
4,880
6,628
1,318
6,1181
1,1095
1,1138
6,872
6,1013
6,1192
6,1237
7,499
6,914
6,1243
6,794
6,1051
6,1103
1,1052
7,531
6,828
6,1163
6,1152
6,604
2,1228
2,385
1,1122
6,509
6,1194
7,1189
6,1116
4,1131
5,663
1,668
6,775
5,681
6,1001
6,995
6,1210
6,830
6,1127
6,1170
1,905
6,1130
6,1211
6,1078
6,409
6,1084
6,977
6,271
6,638
7,873
6,393
6,1193
6,1119
2,1092
6,672
6,699
6,403
2,892
6,1164
6,1049
2,1012
4,1249
6,1006
6,938
6,761
6,969
6,847
6,350
6,354
5,430
6,406
6,899
5,637
6,1126
6,993
6,1183
6,974
7,386
6,674
1,1144
6,1081
1,989
6,973
6,355
6,572
6,608
6,442
6,213
6,189
6,1220
6,286
1,272
6,513
2,309
6,850
6,508
6,852
6,737
6,944
6,1094
6,434
6,844
6,401
6,357
6,684
6,923
6,612
6,1079
6,702
7,616
6,720
6,500
6,860
6,321
6,791
6,904
6,811
6,717
6,232
6,734
6,1024
6,707
6,424
6,1075
6,729
6,269
6,747
6,602
6,790
1,419
6,538
6,240
6,360
6,362
6,489
6,273
6,329
6,1072
6,460
6,382
6,465
6,812
6,353
6,344
6,786
6,802
6,593
6,855
6,829
6,566
6,963
6,473
6,264
6,1156
6,965
6,554
6,1108
6,1136
6,939
6,408
6,343
6,585
6,447
6,262
6,916
6,936
6,858
6,550
6,439
6,461
2,247
6,644
1,945
6,718
6,486
6,338
6,551
6,664
6,478
6,528
6,577
6,656
6,870
3,1104
2,960
6,284
6,849
6,443
6,1004
6,781
6,250
6,879
6,691
6,763
6,706
6,1039
6,925
6,517
6,714
6,787
6,771
6,1050
6,220
6,890
6,692
6,503
6,1002
6,768
6,622
6,613
6,1123
6,475
6,324
6,745
6,1106
6,437
6,749
6,950
6,1187
6,754
1,713
6,1038
6,545
6,626
6,911
6,328
6,295
6,780
6,640
6,1034
6,203
6,201
6,444
6,441
6,560
6,840
6,857
6,959
6,582
6,736
6,906
6,900
2,511
6,798
6,770
6,1209
6,793
6,313
6,690
6,245
6,339
2,361
4,1003
6,796
6,620
6,415
6,716
6,351
6,288
6,396
6,305
6,789
6,479
6,603
6,530
6,834
6,310
6,555
6,693
6,268
6,910
6,526
6,817
6,1009
6,678
6,864
6,590
7,595
6,564
6,753
6,494
6,553
6,377
6,534
6,533
6,156
6,519
1,962
6,459
6,405
6,598
6,882
6,346
6,1019
6,398
6,512
6,1216
6,676
6,1186
6,639
6,501
6,922
6,1214
6,467
6,1035
6,1199
6,665
6,609
6,575
6,1029
6,983
6,601
1,381
6,199
6,645
6,492
6,930
6,687
6,998
6,347
6,282
6,741
6,1059
6,348
6,801
6,333
6,371
6,686
6,751
6,482
6,778
6,304
6,758
6,624
6,1060
6,184
6,174
6,204
6,562
6,1076
6,1172
6,760
6,319
1,234
6,853
6,942
6,1071
6,231
6,541
6,683
6,374
6,248
6,450
6,671
6,1010
1,573
6,182
6,148
6,1070
6,420
6,611
6,642
6,866
6,1018
6,722
6,402
6,144
6,81
6,158
6,180
6,312
6,334
6,135
6,958
6,515
6,428
6,155
6,113
6,146
6,118
6,139
6,173
6,196
6,138
6,218
6,862
6,1053
6,818
6,655
6,703
6,788
6,440
6,631
6,918
6,588
6,657
6,967
6,694
6,557
8,648
6,1047
6,934
6,306
6,367
6,876
6,505
6,289
6,316
6,984
6,618
6,1005
6,1100
6,454
6,1099
6,723
6,539
6,779
6,715
6,652
6,221
6,277
6,1020
6,799
6,731
6,1226
6,412
6,543
6,281
6,477
6,764
6,1000
6,659
6,294
6,456
6,504
6,822
6,358
6,733
6,851
6,827
6,1115
6,433
6,567
6,302
6,1107
6,366
6,359
6,1037
6,861
6,757
6,1165
6,885
6,774
6,909
6,952
6,330
6,845
6,488
6,1101
6,480
6,730
6,1063
6,709
6,394
6,831
6,742
6,743
6,810
6,915
6,1086
6,1150
6,666
6,524
6,833
6,795
6,819
6,649
6,917
6,507
6,411
6,311
6,416
6,314
6,495
6,474
6,746
6,425
6,1091
6,1096
6,721
6,1098
2,807
2,581
6,1008
6,634
6,711
6,308
6,336
6,895
1,836
6,1088
6,673
6,565
6,1146
6,1067
6,1137
6,946
6,1105
6,1204
6,370
6,451
6,929
6,536
6,893
6,331
6,498
6,547
6,696
6,436
6,682
6,954
6,1054
6,978
6,888
6,704
6,265
6,469
6,679
6,735
6,379
6,726
6,540
2,712
6,375
6,387
6,225
6,293
6,238
6,1048
6,592
6,578
6,903
6,1202
6,661
6,1166
6,383
6,1021
6,496
6,576
6,1155
6,869
6,803
6,327
6,907
6,589
6,1023
6,1162
6,897
6,636
6,491
6,453
6,548
6,468
6,838
6,485
6,732
6,878
6,1124
6,487
6,471
6,1118
6,1042
6,766
6,591
6,580
6,629
6,584
6,991
6,650
6,762
6,826
6,1069
6,912
6,369
6,997
6,606
6,373
6,242
6,332
6,452
6,404
6,902
6,556
6,212
6,859
6,532
6,633
6,990
6,689
6,323
6,214
6,563
6,839
7,256
6,1036
6,1073
6,449
2,1082
1,1031
6,614
6,708
6,527
6,384
6,941
6,400
6,349
6,685
6,846
6,325
6,887
6,627
6,597
6,948
6,646
6,260
6,368
6,291
6,472
6,975
1,740
6,986
6,388
6,630
6,587
6,418
2,884
6,933
6,579
6,806
6,992
6,464
6,92
6,215
6,417
6,202
6,654
6,257
6,399
6,643
6,1217
6,985
6,1017
6,463
6,600
6,1134
6,207
6,972
6,596
6,292
6,635
6,280
6,660
6,337
6,863
6,1043
6,647
6,583
6,1007
6,542
6,700
6,1064
1,490
6,800
6,710
6,1014
6,677
6,569
6,919
6,999
6,470
6,522
6,724
6,617
6,1058
6,784
6,301
6,181
6,924
6,431
6,931
6,883
6,782
6,920
6,680
6,886
6,599
6,653
6,1190
6,422
6,805
6,621
6,1028
6,192
6,881
6,380
6,352
6,891
6,1041
6,525
6,769
6,243
6,875
6,957
6,484
6,658
6,1068
6,326
6,820
6,435
6,1032
6,317
6,276
6,427
6,943
6,290
6,570
6,476
6,320
6,497
6,662
6,410
6,523
6,815
6,824
6,364
6,506
6,274
6,413
6,226
6,395
6,854
6,481
6,169
6,224
6,397
6,209
6,307
6,152
6,71
6,76
5,1290
6,86
6,194
6,688
6,356
2,258
6,544
6,124
6,1062
6,122
6,176
6,429
6,340
6,1207
6,197
6,140
6,537
6,1045
6,1147
6,1089
6,1066
6,342
6,445
6,1080
6,198
6,205
6,363
6,625
6,1208
6,559
6,728
6,574
6,821
6,921
6,1113
6,695
6,254
6,103
1,85
6,219
6,90
6,101
6,168
6,95
6,772
6,78
6,46
6,120
6,137
6,300
6,94
6,372
6,928
6,93
6,151
1,261
6,77
6,55
6,514
6,279
1,131
6,154
6,244
6,217
6,104
6,30
6,10
6,74
6,110
6,88
6,68
1,132
6,57
6,87
6,36
6,116
6,193
6,43
6,1273
6,62
6,1276
6,22
6,1284
6,1277
6,24
6,1279
6,19
6,41
6,7
6,34
6,1298
6,1289
6,48
6,18
6,115
6,21
6,141
6,1283
6,6
6,1278
6,2
7,14
6,159
6,191
6,53
6,84
6,1272
6,190
6,20
6,1297
6,1282
6,1291
6,42
6,1145
6,26
6,13
6,1015
6,392
2,750
6,241
6,298
6,73
6,432
6,1260
6,1255
6,1254
6,1258
2,1259
6,1264
6,1257
6,1261
6,1256
6,1263
6,1262
6,701
6,252
6,438
6,837
6,249
6,227
6,253
6,206
6,179
6,235
6,170
6,458
6,267
6,239
6,275
6,956
6,278
6,236
6,89
6,51
6,61
6,44
6,216
6,283
6,483
6,255
6,47
6,50
6,39
6,153
6,3
1,38
6,69
6,12
6,315
6,11
6,1270
6,54
6,163
6,188
6,223
6,112
6,809
6,67
6,29
6,149
6,58
6,1275
6,106
6,56
6,233
6,97
6,1285
6,1271
6,1286
6,79
6,4
6,59
6,100
6,1299
6,1057
6,1161
6,1268
6,91
6,63
6,1245
6,128
6,123
6,605
6,83
1,389
7,147
6,814
6,178
6,25
6,177
6,70
6,160
6,493
6,164
6,426
6,167
6,33
6,31
6,1274
6,1281
6,166
6,35
6,1266
6,1294
6,60
6,105
6,15
6,107
6,102
6,80
6,1265
6,72
6,8
6,17
6,5
6,23
6,186
6,65
6,1292
6,45
2,1
6,16
6,1295
6,52
6,37
6,1280
6,1296
6,1293
6,1288
6,1267
6,165
6,9
6,1269
6,285
6,195
6,1287
6,187
6,108
6,136
6,49
6,121
6,64
6,161
6,222
6,175
6,1233
6,877
6,994
6,549
6,126
6,183
6,561
6,130
6,119
6,96
2,109
6,28
1,66
6,117
6,27
6,82
6,127
6,75
6,40
6,150
6,208
6,98
6,145
6,143
7,1160
6,211
6,297
2,99
6,1011
2,172
2,32
6,1300
6,378
6,1121
6,287
6,237
6,133
6,200
6,335
6,114
6,518
6,1027
6,705
6,1016
1,210
1,835
1,129
7,157
1,246
7,230
7,1074
6,738
6,1083
1,457
7,259
6,697
6,142
6,1231
6,1250
1,171
1,448
6,1248
6,1251
6,698
7,813
7,1196
1,266
1,841
6,228
6,299
6,111
1,376
1,134
1,961
1,229
1,390
6,125
6,263
7,185
1,162
