28,374
37,735
37,664
16,665
18,710
16,704
10,660
37,326
8,699
28,672
8,650
12,602
15,356
45,540
20,667
16,599
28,617
20,638
23,716
34,695
29,655
29,693
10,555
29,627
29,697
8,696
21,621
14,588
28,604
29,589
8,132
2,570
16,259
19,289
23,401
8,571
10,56
23,622
35,568
29,493
28,728
26,647
17,709
21,734
8,670
8,629
28,714
20,715
39,700
22,686
29,720
17,712
31,579
33,536
28,631
8,541
37,293
8,637
16,733
8,731
10,633
35,657
37,603
16,616
8,576
45,479
26,572
23,598
45,452
12,587
31,724
24,623
29,727
8,708
29,711
45,674
35,651
45,600
34,713
22,565
37,702
16,701
37,634
37,684
21,654
28,669
35,630
23,680
23,543
28,510
23,492
29,594
29,561
31,721
21,546
8,641
34,258
31,535
45,460
14,688
29,642
18,692
8,433
29,517
5,521
29,440
28,485
37,482
8,624
26,325
9,564
28,529
24,620
18,530
29,575
28,26
34,671
23,658
8,321
8,656
28,628
40,524
29,538
7,478
29,126
8,380
10,198
10,218
8,367
34,430
34,416
8,409
39,539
35,498
27,652
28,368
28,515
14,648
22,501
14,406
5,109
17,509
21,673
20,668
8,593
10,698
3,690
10,542
17,608
30,488
43,646
26,581
8,606
38,679
45,722
26,247
10,96
32,360
33,534
8,338
14,580
28,643
41,619
28,551
26,459
9,601
25,613
28,442
20,516
7,456
41,46
26,591
18,188
35,508
29,649
32,103
28,424
8,322
37,553
36,566
3,635
5,585
10,502
8,717
28,597
20,489
12,659
8,514
12,560
35,499
4,567
16,497
22,388
22,494
23,145
10,398
6,473
8,435
28,413
10,486
29,454
38,531
10,662
39,389
11,339
28,528
19,470
26,120
23,309
35,429
28,436
45,420
39,396
35,350
3,507
28,372
20,294
8,184
10,242
45,385
29,300
1,487
23,618
10,523
8,316
10,370
10,466
30,450
29,65
8,395
26,519
45,513
28,36
5,58
39,45
28,563
10,160
8,677
10,644
26,544
10,490
8,547
37,341
28,353
8,462
37,60
8,74
29,245
29,153
35,586
10,506
29,449
26,314
34,477
31,238
22,329
28,511
8,392
8,549
35,432
16,362
29,504
28,292
38,505
4,394
1,277
37,354
8,554
43,230
5,471
5,422
28,483
45,268
10,343
32,11
17,330
8,9
26,423
10,129
1,481
23,178
42,290
28,225
40,439
43,119
28,31
11,166
22,111
8,170
8,324
28,550
8,315
8,124
8,375
4,303
39,61
10,146
22,384
37,319
8,200
44,219
45,279
10,311
22,467
46,469
29,444
23,453
28,127
8,334
26,455
10,274
39,227
5,239
8,474
7,237
8,37
28,297
11,148
10,226
28,157
8,224
8,128
28,520
7,661
8,345
8,7
28,23
23,203
8,251
8,241
28,196
28,183
29,234
10,426
26,313
28,271
28,141
8,270
8,182
29,105
8,191
11,265
8,295
28,215
10,181
26,147
35,197
6,348
45,573
8,552
37,605
37,415
8,537
8,443
35,512
8,386
22,557
45,412
11,390
8,522
28,187
8,363
12,189
26,558
26,12
23,70
8,451
8,427
29,441
8,491
26,468
8,205
29,342
8,556
10,318
26,287
28,359
29,28
22,138
8,403
26,140
28,100
28,161
10,13
8,6
12,4
17,33
8,16
8,192
12,59
43,64
8,261
37,82
8,52
8,276
8,149
30,142
8,43
45,387
28,102
8,114
38,173
14,5
29,266
29,222
8,280
21,32
29,465
8,582
45,437
38,425
12,336
8,233
37,211
12,361
8,286
45,495
28,636
33,382
8,400
29,607
8,480
8,484
8,323
28,337
5,185
13,331
43,272
8,344
8,383
26,162
8,17
8,136
45,244
8,418
8,615
28,463
45,283
8,545
8,496
11,86
8,291
12,236
10,41
26,320
26,90
39,168
28,257
8,377
8,1
12,112
8,29
10,263
8,116
10,177
8,47
28,475
29,121
8,327
8,216
38,55
8,448
28,308
29,332
28,137
8,206
10,10
11,592
10,457
8,199
8,317
29,107
8,164
10,369
28,249
29,404
8,106
8,248
8,306
28,378
8,373
8,737
8,685
28,405
8,125
8,458
8,421
8,626
8,22
8,262
11,408
8,93
8,340
8,123
28,476
28,518
8,333
8,75
8,92
29,175
8,683
8,229
38,25
8,104
8,40
8,24
8,718
8,51
8,101
8,464
8,569
12,666
8,610
8,574
8,639
8,675
8,625
29,632
8,221
10,73
8,730
12,726
8,676
8,115
45,682
45,691
45,472
8,736
8,596
8,583
8,577
43,500
45,611
8,612
8,252
8,201
12,30
8,21
8,19
8,89
8,91
8,209
8,366
8,88
28,281
8,223
8,195
45,307
8,118
7,68
8,35
12,328
8,38
8,379
8,50
11,194
12,256
12,80
45,288
8,139
8,298
45,193
8,304
8,357
8,85
8,44
8,143
8,27
29,95
8,407
8,278
8,445
12,584
29,364
8,365
8,253
29,67
45,446
8,152
8,208
8,110
28,335
29,431
26,376
8,310
8,42
8,346
8,172
8,165
45,381
8,156
28,240
8,231
8,371
45,135
29,72
8,113
8,167
8,217
8,18
8,15
8,186
8,169
8,144
12,48
8,34
28,207
8,2
45,84
29,267
29,246
29,393
8,243
44,299
28,414
8,8
8,83
8,3
8,351
8,63
8,179
8,352
8,57
8,81
29,108
29,202
8,503
8,411
8,402
8,154
8,264
29,461
8,204
8,133
8,312
28,447
8,49
8,296
29,213
45,235
8,122
8,284
8,355
8,174
43,190
8,347
8,39
8,260
8,214
8,62
8,210
8,134
45,87
8,77
8,250
8,79
8,130
8,20
8,117
8,97
10,254
8,131
45,180
8,159
8,419
29,54
8,94
8,98
8,53
8,255
8,71
8,158
8,176
8,275
29,397
29,228
8,150
45,723
8,548
8,76
45,527
29,706
29,438
8,562
29,732
8,66
45,78
8,725
45,578
8,703
29,410
8,434
8,707
45,694
8,349
8,705
8,533
8,719
8,417
8,689
8,220
8,399
45,729
8,559
45,155
45,678
45,302
8,687
8,358
8,609
8,526
8,273
8,681
8,653
8,525
8,212
8,640
29,595
45,69
8,590
8,99
8,14
45,663
8,232
45,305
29,614
8,301
8,151
45,391
29,285
8,532
45,428
8,645
8,269
8,163
29,171
29,282
