5,135
3,167
1,130
2,219
2,278
7,276
5,223
10,192
4,162
3,325
10,201
10,287
8,343
5,265
4,299
2,319
2,235
2,382
3,341
2,141
2,123
2,182
2,381
2,304
2,395
5,418
2,378
3,448
2,222
2,298
2,349
5,449
10,396
4,87
7,406
8,76
10,455
2,405
2,364
2,397
2,311
5,458
2,463
5,473
10,467
5,13
5,36
2,215
10,153
2,344
10,432
7,438
2,371
7,322
2,279
4,216
10,194
5,307
5,294
10,121
10,208
2,470
7,421
4,474
4,54
10,6
5,52
5,303
2,138
5,224
10,380
10,433
5,63
4,110
10,331
9,379
5,315
4,35
10,353
2,246
5,321
10,360
5,317
5,392
5,146
10,372
9,269
2,180
10,460
5,387
2,206
5,189
2,273
4,383
5,231
5,357
10,242
4,476
5,258
4,237
10,184
10,106
10,103
5,115
4,114
10,156
5,295
5,89
10,462
7,339
10,61
2,176
10,79
10,97
10,197
2,165
2,318
4,227
5,290
4,270
7,388
2,301
9,400
10,284
4,232
5,267
10,347
2,257
5,183
9,332
2,209
2,255
2,291
5,217
9,327
5,384
5,158
7,456
5,239
5,316
9,359
5,305
2,8
5,342
5,60
7,401
10,336
5,323
5,187
5,233
5,252
5,157
8,101
5,124
5,296
10,171
10,72
10,49
2,179
10,127
5,109
9,57
2,113
5,37
10,166
10,147
9,86
10,45
5,111
5,82
10,186
10,102
2,33
5,168
5,71
10,51
4,320
5,66
10,75
7,172
5,408
9,12
10,454
10,361
5,466
10,338
10,414
2,160
6,459
2,354
2,461
9,434
5,11
7,425
4,377
5,398
10,435
2,285
2,328
5,90
9,196
5,281
5,253
4,211
5,203
6,272
5,329
7,247
10,429
5,345
5,245
4,236
5,370
5,373
8,148
7,261
10,251
4,250
9,404
4,170
5,243
9,326
9,140
7,205
2,260
2,221
10,126
5,154
5,155
4,14
6,293
10,375
10,202
4,42
9,297
5,367
10,175
5,362
10,145
2,210
4,150
6,151
5,200
4,161
5,83
7,96
5,207
5,213
4,137
5,214
5,330
10,104
5,108
5,59
10,313
2,85
10,47
10,95
5,136
5,228
5,68
5,44
2,300
4,366
9,363
5,457
10,465
2,444
7,346
10,259
4,283
5,144
6,142
4,174
5,314
9,193
4,149
9,164
7,262
5,356
5,185
4,81
5,92
10,107
5,229
4,129
9,70
2,84
2,352
10,77
10,99
4,351
5,306
7,58
10,139
10,248
5,119
9,152
9,238
5,181
10,374
5,254
7,302
9,134
10,310
5,169
7,451
4,427
2,73
5,67
9,26
2,46
5,178
5,391
7,266
10,440
7,424
10,422
9,348
10,416
7,7
8,478
10,32
4,280
9,1
5,376
10,275
5,439
5,389
5,446
7,407
10,472
2,218
2,204
2,241
10,264
4,274
10,105
10,100
2,177
9,282
10,125
9,368
8,442
5,34
5,369
10,420
5,355
9,244
2,98
5,234
5,249
7,337
10,324
4,308
5,402
6,212
2,292
10,413
7,65
10,56
5,195
5,230
9,9
2,415
5,94
5,394
4,15
4,277
5,286
8,118
7,120
5,436
5,417
5,64
5,78
10,74
9,220
7,426
7,477
9,271
9,410
6,365
10,334
2,335
3,412
6,288
10,112
5,132
2,464
5,256
7,431
1,358
4,173
9,268
9,131
9,447
5,468
2,199
10,289
10,471
4,445
2,163
5,430
9,27
9,21
5,80
10,423
3,93
2,191
2,50
2,69
4,240
10,122
4,39
5,159
4,5
9,31
2,40
4,23
7,263
5,4
2,225
5,411
10,312
4,469
5,190
2,399
5,333
2,437
2,62
8,128
7,198
10,390
5,25
4,30
2,24
8,17
5,55
5,143
1,450
4,385
1,419
5,41
2,20
5,428
2,133
9,117
9,226
2,453
5,91
1,53
2,43
10,48
9,22
10,18
5,88
9,116
10,16
6,38
10,188
10,309
8,403
2,29
5,340
10,350
8,441
2,393
2,3
7,452
2,443
5,19
8,28
7,386
3,2
6,409
4,475
5,10
