11,712
11,728
11,737
18,724
11,701
11,600
33,618
11,508
11,646
11,654
11,656
12,505
11,719
11,739
11,643
11,669
11,664
11,504
33,686
11,616
11,729
11,677
33,596
11,633
33,734
32,718
11,715
11,723
11,702
33,545
11,685
11,671
11,722
18,571
11,406
11,720
11,512
11,756
11,735
33,727
11,370
11,546
11,364
11,427
11,621
33,564
11,351
11,521
17,632
11,732
33,687
11,659
7,526
11,604
11,731
15,705
6,615
11,601
17,506
11,672
11,714
11,611
11,644
33,708
33,479
11,648
11,559
11,588
11,547
33,710
11,667
11,581
12,469
11,553
12,647
33,636
11,638
11,562
11,688
11,585
33,520
11,262
11,630
11,560
10,613
11,419
11,699
11,476
11,590
11,456
11,529
11,570
11,623
17,662
13,272
11,401
11,524
32,403
6,609
33,321
11,346
11,649
11,645
10,386
10,368
11,661
11,652
16,706
11,461
47,284
11,625
33,550
8,586
33,670
11,634
11,610
12,703
3,543
18,683
31,352
14,721
33,568
33,363
11,208
11,535
46,541
11,379
33,497
8,418
22,528
11,444
30,640
11,695
11,607
11,655
11,591
38,680
11,573
11,673
29,696
26,593
50,400
8,709
11,658
2,657
11,540
11,446
11,393
43,319
37,453
11,660
33,438
11,462
37,507
24,744
20,675
11,287
4,264
11,192
4,484
11,679
37,347
14,460
8,605
10,390
35,382
19,405
11,236
13,454
5,578
5,247
33,488
30,378
21,522
37,407
37,425
37,502
11,330
33,373
37,276
37,483
37,285
11,274
37,435
37,491
12,249
10,415
37,515
37,441
11,514
42,374
37,486
37,327
47,381
37,377
37,487
37,429
37,574
41,542
37,463
37,525
37,450
37,455
11,493
11,220
37,238
37,320
37,243
37,413
11,387
37,316
37,354
37,443
33,492
28,397
11,189
5,412
33,150
48,404
37,248
37,537
11,241
37,385
37,299
37,211
17,408
37,232
37,306
35,430
37,464
37,577
37,494
9,567
11,258
37,384
37,255
37,627
37,235
37,270
37,181
37,177
37,532
37,594
36,608
4,421
11,296
37,383
37,694
37,414
4,503
37,411
37,556
37,442
37,513
37,361
37,642
44,209
37,329
37,348
37,325
37,475
37,227
37,449
37,283
37,436
37,307
37,239
37,162
37,266
37,434
40,212
37,297
37,196
37,184
37,301
37,223
37,345
37,259
37,500
37,197
25,490
37,579
37,554
37,392
37,641
37,576
37,480
37,228
37,290
37,288
37,253
47,372
37,440
37,350
37,225
37,375
37,252
36,278
37,176
37,598
37,575
37,395
27,626
37,472
37,416
37,231
37,206
37,595
37,240
39,628
37,561
37,268
37,582
11,277
37,275
37,154
37,201
37,603
37,185
37,750
37,747
37,755
37,745
37,758
37,653
37,760
37,757
37,753
37,742
37,748
37,752
37,746
37,749
37,751
33,743
38,761
11,523
37,552
11,527
37,467
35,332
37,549
37,451
37,530
37,353
37,366
37,221
37,359
37,256
37,322
37,555
37,254
37,280
37,202
37,485
11,291
37,237
49,355
37,300
37,424
37,340
37,519
37,580
37,459
37,389
37,614
37,282
37,544
47,265
37,433
1,380
37,289
37,589
37,305
37,439
37,651
37,311
37,309
37,637
37,639
37,445
37,224
37,668
37,344
37,597
37,587
37,251
37,207
37,315
37,230
37,631
37,195
37,312
37,295
37,698
11,516
37,388
37,313
37,612
37,399
37,509
37,563
37,367
37,583
37,557
37,409
37,716
37,398
37,394
37,622
37,432
37,437
37,465
37,635
37,458
37,410
45,293
37,468
37,539
11,267
37,334
49,349
37,343
37,362
37,428
47,606
37,338
37,302
37,260
37,242
45,357
37,308
37,342
37,518
37,717
37,331
37,182
37,175
37,279
37,261
37,365
37,689
37,510
37,551
37,423
37,304
33,326
37,318
37,726
37,697
37,269
37,681
37,707
37,317
37,617
37,693
4,692
37,629
37,725
37,730
37,676
37,496
37,323
37,666
37,736
37,691
37,733
37,569
37,682
37,665
37,489
37,538
33,548
11,402
37,599
37,481
47,263
49,452
37,572
37,482
37,584
37,558
37,498
37,213
37,501
37,200
37,391
37,376
37,624
37,704
37,324
37,678
37,273
37,360
4,180
37,470
37,690
37,198
47,333
37,740
37,466
37,471
37,328
37,294
37,188
37,286
37,448
37,203
37,193
37,244
11,592
37,684
37,565
37,663
37,536
37,298
11,137
37,336
37,341
37,166
37,229
37,310
37,271
37,199
37,763
37,764
37,754
37,149
37,191
37,257
11,194
37,499
46,110
11,292
37,426
36,369
37,477
37,602
37,219
37,422
37,478
37,358
37,142
37,711
37,533
37,126
37,431
37,417
37,64
37,112
37,172
37,65
37,114
37,25
37,218
37,81
37,741
37,122
37,23
37,46
37,152
37,566
37,30
37,70
36,123
33,179
37,76
37,100
37,7
37,214
37,128
37,473
37,447
37,335
37,650
37,19
37,51
37,770
37,40
37,98
37,26
37,173
37,132
37,120
37,700
37,738
37,303
37,215
37,155
37,713
37,281
36,141
37,140
37,5
37,79
37,15
37,115
37,337
37,420
37,54
37,127
47,102
37,31
37,69
37,517
37,67
37,216
37,8
37,33
37,74
37,29
37,55
37,14
37,89
37,32
37,84
37,28
37,72
17,1
10,47
37,3
37,41
37,97
37,90
37,6
37,39
37,133
37,82
37,762
37,11
37,27
37,21
37,125
37,765
37,44
37,769
37,43
37,768
37,135
37,183
37,190
37,68
37,161
37,159
37,124
37,92
37,234
37,168
37,246
33,147
37,531
37,134
37,66
37,153
37,106
37,60
37,77
37,20
37,22
37,2
37,10
37,93
36,45
37,109
37,101
37,78
37,131
37,58
37,157
37,144
37,24
37,103
37,35
1,146
37,62
37,48
37,18
37,767
37,13
37,87
37,36
37,17
37,37
36,63
37,83
37,9
37,16
37,42
37,136
37,766
37,339
37,205
37,71
37,396
37,178
37,52
37,222
37,356
37,116
27,107
37,474
37,96
37,511
37,534
37,314
37,204
37,138
37,91
37,151
37,50
50,139
37,148
23,88
37,38
37,111
37,80
37,86
37,210
37,61
37,12
37,117
37,73
37,186
37,75
37,620
37,105
37,165
37,85
37,104
37,187
37,163
37,121
37,95
37,169
37,108
37,56
37,143
27,164
37,113
37,129
33,233
37,226
37,759
37,619
37,94
37,59
37,49
37,119
37,34
37,4
37,160
37,250
37,495
34,158
37,245
37,457
37,171
37,217
17,170
37,57
37,99
11,53
34,674
34,371
11,145
11,118
11,167
11,174
11,156
33,130
