4,1206
78,1208
80,1210
78,1064
80,1219
8,1236
80,703
85,1232
78,1207
66,1157
27,1199
4,1082
68,1112
77,1212
68,1095
29,889
84,1144
27,1227
66,876
66,1118
85,1005
68,954
68,1089
80,1042
77,561
85,1087
82,591
66,1223
13,1139
68,928
6,1222
4,908
68,784
21,1077
68,891
68,1056
68,912
10,1228
68,1215
68,655
16,946
67,970
68,996
47,532
68,581
5,485
82,722
2,751
29,829
66,1192
84,1194
69,514
68,831
43,1197
69,633
62,967
81,500
68,1030
31,952
1,386
68,1221
29,880
62,1032
62,1166
62,1001
68,697
25,1133
37,659
62,993
78,1163
62,1196
77,1053
68,520
68,978
68,1204
71,1147
15,798
62,981
78,1101
35,850
43,1060
36,1153
29,1079
62,1195
62,1022
62,1010
36,1205
62,1116
62,636
1,701
62,1052
62,927
62,602
62,522
62,1094
7,853
62,351
62,745
62,811
34,1067
31,583
69,772
62,1086
62,863
62,716
14,564
16,385
62,816
62,725
62,580
51,1231
62,1176
16,882
81,411
68,660
22,920
62,913
29,374
13,288
83,631
62,683
86,393
36,518
68,621
68,400
69,577
62,1046
62,667
62,1114
62,554
62,456
80,723
31,720
33,953
18,959
41,1122
62,937
62,1058
62,543
62,982
62,578
15,791
62,511
80,1049
21,740
36,1098
12,692
22,727
47,593
81,427
62,415
43,493
79,430
16,1115
27,841
62,1031
62,919
16,861
30,1217
1,1224
62,1161
1,773
62,823
62,565
62,626
21,1120
45,991
63,979
62,1076
62,1182
62,526
62,1008
62,894
62,830
72,969
62,947
68,999
62,1105
62,704
62,512
51,428
33,612
62,486
62,744
62,1132
62,466
43,842
62,980
62,1063
62,817
29,1029
62,775
62,568
46,681
51,730
19,781
52,851
62,1068
68,762
62,608
98,729
62,690
62,1141
62,944
20,767
62,611
31,930
62,1016
62,549
62,1121
62,609
62,790
62,865
62,825
70,1143
51,1047
47,845
62,984
62,1119
62,888
43,590
62,843
62,708
62,641
62,685
9,574
44,1211
62,1225
62,642
62,1198
59,1202
62,1226
81,698
62,972
27,1051
62,1156
28,1184
62,837
30,684
62,1177
62,713
62,1229
62,1164
27,1126
71,801
62,924
62,917
62,1216
62,1235
62,1218
50,1158
62,872
62,1209
62,1185
62,1136
62,916
62,1017
62,1234
62,1138
81,1036
62,1104
62,1220
24,709
62,1175
62,800
62,1088
62,921
30,584
25,465
62,1146
25,1169
62,918
62,962
62,1142
62,788
62,1055
62,1129
53,765
62,1128
62,802
32,629
62,777
31,1075
69,1018
62,669
62,896
62,824
62,938
62,529
62,388
51,792
62,854
51,535
81,1069
38,878
62,1180
62,810
46,1170
68,1171
62,285
62,915
62,1151
62,1092
46,652
23,1154
62,1168
62,334
62,1173
1,645
62,412
62,657
62,846
62,503
16,995
62,318
63,866
62,1109
62,983
1,910
62,1125
62,809
62,1145
62,625
62,505
38,732
62,1004
62,771
62,968
62,1024
52,855
63,956
46,743
62,1083
62,1045
62,1131
54,640
29,933
62,524
62,1165
62,1000
62,760
51,1174
62,617
62,1187
16,955
62,884
62,904
62,1048
62,752
62,844
62,536
62,632
62,1044
62,1200
42,587
63,1034
62,828
25,1123
8,717
62,813
53,869
62,974
62,1003
65,840
62,1090
62,1135
62,1084
62,769
1,1040
81,964
62,502
56,1021
62,1106
62,754
62,1006
94,1113
15,966
62,832
62,594
62,682
56,691
62,618
68,1137
62,1189
62,1002
62,712
62,1213
62,793
48,961
62,895
56,1230
65,1214
62,677
62,348
62,1178
63,936
33,934
62,932
62,1188
62,395
62,734
23,1152
62,1111
69,997
20,1043
58,758
3,906
62,676
62,903
75,646
62,1148
62,925
62,668
62,1071
62,949
62,1140
62,540
62,875
44,322
38,735
62,747
62,544
62,390
82,1097
54,1183
62,569
62,941
62,702
95,893
62,582
8,647
62,1059
62,1134
62,768
62,960
50,858
62,929
26,990
62,672
73,1130
62,1020
62,864
62,551
62,282
62,601
62,886
69,513
62,449
62,1110
62,623
53,988
62,779
56,736
33,572
58,1124
62,320
65,586
62,275
62,384
62,812
51,592
39,635
62,380
61,1167
62,1062
62,746
53,883
15,1033
36,506
65,958
62,852
62,976
62,494
62,562
62,497
62,898
62,527
48,870
93,731
62,530
33,787
62,987
81,794
62,897
62,573
62,1093
62,733
62,689
62,403
62,501
36,822
62,1054
62,902
62,821
53,627
62,662
62,780
62,671
46,710
62,445
62,839
62,539
62,566
62,1023
62,948
62,1149
62,877
63,686
47,890
62,867
62,911
62,885
62,776
62,973
35,1014
62,1091
62,1072
62,567
58,1028
62,1027
63,1080
62,498
1,695
62,600
58,940
62,488
62,496
54,558
62,556
62,408
62,432
62,439
63,437
56,674
62,795
62,1057
64,1150
62,579
62,576
62,738
62,441
62,422
62,198
62,93
62,95
62,286
62,489
62,257
62,157
62,236
62,311
62,477
54,806
62,696
58,610
62,994
35,724
62,458
63,860
62,596
62,1099
62,785
56,820
62,1009
62,504
62,1107
62,835
62,826
62,805
62,679
62,656
62,763
62,541
62,721
51,1061
62,418
62,650
62,753
62,649
62,766
62,874
62,750
62,922
62,957
62,783
62,926
62,807
62,1085
62,899
62,847
62,943
62,1100
62,986
62,670
74,764
62,654
57,510
62,665
53,818
62,387
62,862
62,588
62,658
62,827
62,310
63,375
63,680
62,394
62,223
62,1038
62,571
62,705
62,473
58,247
62,749
62,620
62,129
62,86
63,232
62,280
62,315
63,484
62,675
62,538
62,545
62,459
62,302
62,172
62,255
33,343
62,434
62,333
62,1015
62,585
62,971
62,546
53,859
62,624
63,507
62,266
62,209
62,349
1,219
63,517
62,443
62,435
62,292
50,104
62,354
62,552
1,542
62,164
62,214
62,188
62,151
62,297
62,347
62,737
62,550
62,416
63,848
62,360
1,371
68,598
62,352
38,267
62,338
62,128
62,433
62,487
62,834
62,296
56,871
62,977
62,799
62,856
62,1041
62,1073
62,475
62,139
62,833
62,401
62,1070
62,350
62,604
62,321
89,471
62,85
62,98
62,312
62,189
62,234
60,242
61,560
62,190
62,367
62,357
62,225
97,206
62,238
62,328
62,180
62,341
62,589
62,362
62,303
62,379
62,460
62,84
62,246
90,261
62,326
62,786
63,638
62,1103
62,256
62,942
29,814
62,399
62,548
62,218
62,173
62,193
62,141
62,143
58,279
62,277
53,78
62,63
62,313
62,363
62,105
62,472
62,220
62,688
62,605
62,323
62,421
63,1162
62,442
58,905
62,426
62,91
62,797
62,452
62,366
62,340
54,892
62,719
62,327
62,1190
62,998
62,228
62,224
62,210
63,254
61,339
62,474
63,715
62,270
63,121
62,213
62,186
62,289
62,202
62,290
62,252
62,378
62,112
56,308
62,156
62,273
62,836
9,1096
62,204
62,230
62,265
54,65
62,881
62,229
62,448
58,163
62,222
62,97
62,171
62,89
62,755
62,69
33,335
62,88
62,678
62,287
62,241
62,179
62,127
62,140
62,276
62,212
62,203
62,492
62,200
62,476
57,92
56,353
62,547
62,165
62,262
48,317
62,570
62,192
62,184
62,531
62,615
62,653
17,346
62,796
62,329
62,324
55,849
62,240
62,300
62,248
62,417
62,306
62,344
62,634
62,185
62,616
62,307
62,707
62,178
62,301
62,628
62,243
62,939
62,907
62,450
62,409
62,414
62,272
62,161
62,446
62,482
62,1159
62,706
62,253
62,264
62,490
62,951
62,603
62,423
62,398
62,413
62,1127
62,613
62,365
91,444
62,463
62,170
62,259
62,274
62,137
62,94
62,174
62,169
62,71
62,64
51,258
62,516
62,382
62,183
62,208
99,480
62,108
62,138
62,838
62,368
62,700
38,176
62,103
62,249
62,109
62,250
62,117
62,742
62,931
54,131
62,373
62,110
62,130
62,56
62,211
62,99
62,464
62,694
62,757
62,1155
62,1026
62,756
48,1025
53,622
62,1035
62,714
62,639
62,356
62,759
62,316
62,396
33,607
62,1181
62,739
62,559
62,533
56,1108
62,508
62,521
62,644
62,761
62,1065
62,619
62,331
62,661
16,606
62,168
62,455
62,614
62,741
62,555
62,406
62,782
62,525
62,519
62,726
62,963
96,231
62,693
62,673
62,804
62,1037
62,914
62,453
62,534
62,381
62,563
54,391
62,372
62,770
62,597
62,803
53,887
62,965
62,748
62,945
62,553
62,336
62,425
62,778
62,528
62,819
62,537
62,1201
62,1012
58,1013
62,950
54,451
62,599
62,278
62,495
62,637
62,728
62,361
62,467
62,901
62,330
51,197
62,975
62,1039
62,1203
62,461
62,868
62,1233
62,342
62,293
62,575
16,1019
62,291
62,181
62,195
68,111
62,216
62,251
38,648
62,436
62,457
62,364
62,470
62,392
62,808
62,478
62,900
62,389
62,1007
62,1172
62,1193
62,36
62,66
48,13
62,74
62,37
62,124
87,35
53,58
53,22
62,177
62,75
62,30
62,45
62,39
51,43
62,53
62,115
62,664
62,125
62,199
63,40
63,73
62,15
62,989
62,61
62,23
62,33
62,383
62,299
62,19
63,20
62,28
56,10
62,50
51,42
62,52
62,55
62,102
62,404
62,284
62,447
62,126
62,215
62,76
62,245
11,175
62,440
62,595
62,410
62,509
62,217
62,44
62,149
62,1066
62,304
62,499
62,332
62,298
62,194
62,227
63,419
47,1186
62,1078
62,167
62,54
62,152
62,187
62,221
62,81
40,1081
62,233
62,114
62,260
44,57
62,483
62,150
76,294
62,370
62,24
62,132
62,3
62,144
62,5
62,7
62,1237
62,9
62,4
62,70
62,2
62,79
62,153
62,14
62,72
62,25
62,8
62,21
62,26
92,51
62,17
62,1238
62,47
62,27
62,424
63,120
62,122
62,134
62,789
62,909
62,397
62,182
62,481
62,630
25,454
62,100
62,101
62,283
62,133
62,207
62,59
62,239
62,268
62,159
62,281
62,62
62,337
62,49
62,718
62,83
62,118
62,191
62,16
62,491
62,146
62,87
62,469
62,123
62,82
62,515
62,80
62,557
62,68
62,295
62,1191
62,879
62,666
62,325
62,992
62,420
62,462
62,1074
63,355
62,136
62,358
62,269
62,67
25,271
62,1117
62,1160
62,438
62,244
62,11
62,18
62,235
62,155
62,237
62,305
62,402
48,116
62,148
62,263
62,34
62,145
62,166
62,205
88,405
62,41
63,985
62,107
62,154
62,923
62,314
44,345
62,113
62,158
62,815
62,142
38,77
62,468
49,377
62,135
62,119
62,29
62,106
62,147
62,1050
62,196
53,1102
62,857
51,479
62,376
62,1179
62,1011
62,687
62,711
62,429
62,699
62,935
62,201
62,873
62,319
62,60
62,162
62,651
62,90
62,369
62,663
62,309
62,643
62,523
62,160
62,48
62,407
62,774
62,226
62,38
62,6
62,359
62,431
51,12
62,32
62,1
62,46
80,31
84,96
