128,667
108,680
29,672
6,649
107,652
133,651
95,634
50,671
79,669
110,660
66,510
94,656
16,631
104,647
120,598
105,594
30,682
73,107
119,515
70,405
83,138
70,474
80,481
8,519
103,507
32,552
103,639
50,646
78,495
62,617
85,553
3,658
108,616
62,527
117,584
129,543
16,535
100,654
98,583
50,558
43,636
75,664
60,608
87,655
70,666
81,653
18,629
54,676
49,599
85,560
1,601
50,358
70,644
68,446
71,678
50,71
100,633
108,588
32,145
60,395
36,234
27,550
129,426
50,485
135,430
40,429
50,374
108,302
129,129
131,308
50,327
50,416
50,82
76,257
47,8
34,52
14,489
124,152
50,143
50,421
87,587
50,612
18,579
68,623
123,565
50,90
86,486
7,600
36,452
50,378
30,534
113,549
16,352
106,195
9,432
129,353
50,454
117,417
29,473
43,546
50,363
41,330
2,216
70,228
48,427
41,491
50,536
112,453
9,410
62,400
93,541
108,334
65,350
86,555
27,595
10,663
50,637
2,650
59,643
50,563
34,657
50,508
74,681
52,662
47,372
99,626
50,404
8,590
50,513
86,465
108,478
50,447
108,246
122,611
33,613
117,554
5,580
50,566
111,529
129,568
50,476
109,597
50,591
34,551
50,521
41,574
75,573
97,562
35,585
26,511
57,537
50,412
115,632
115,592
15,576
13,578
35,610
45,642
50,615
47,487
47,533
50,530
9,497
4,455
25,544
50,556
63,630
56,531
129,456
98,479
22,268
95,517
90,282
66,422
108,444
50,509
82,351
50,218
50,329
110,326
45,420
99,451
25,518
50,461
119,394
105,528
94,437
62,324
43,548
113,213
108,202
28,645
108,624
30,496
50,460
32,226
102,545
53,204
108,356
55,377
127,127
50,270
67,159
50,217
54,73
47,249
51,291
39,449
47,337
34,72
50,40
79,442
50,459
50,64
68,364
50,419
50,101
50,439
16,609
48,577
37,561
34,606
6,684
64,532
70,618
50,538
60,614
50,581
50,525
9,559
50,539
50,540
102,214
50,677
23,635
17,564
50,607
46,596
48,431
51,492
50,665
130,409
108,297
47,406
70,141
50,462
50,340
55,488
50,522
122,418
16,467
121,475
50,307
108,493
70,381
50,296
50,231
47,120
50,285
31,277
34,391
9,56
47,211
69,524
58,122
50,362
118,271
50,498
108,298
50,503
50,247
55,463
66,86
110,441
48,567
52,28
50,283
64,317
48,266
50,506
55,117
50,184
50,433
31,361
50,483
50,336
61,342
51,322
50,345
2,79
50,280
68,241
77,436
48,178
11,259
50,237
50,162
50,132
44,424
114,256
24,411
50,80
97,371
65,97
125,229
134,166
50,390
50,413
129,325
108,526
1,179
19,286
68,457
42,67
67,466
47,490
50,393
38,575
70,369
52,379
129,471
50,176
108,289
50,398
50,253
50,232
50,512
57,621
50,49
50,288
47,240
70,207
107,276
50,320
48,124
50,542
50,458
67,335
107,239
50,469
17,220
50,354
66,105
6,294
50,279
84,375
129,275
68,470
128,435
50,382
50,384
50,401
50,516
48,161
70,263
50,206
55,386
50,316
12,209
110,125
50,258
50,75
50,331
50,370
56,244
21,160
116,198
68,48
50,205
47,248
50,357
50,494
56,200
50,281
48,272
129,168
50,365
50,373
50,151
116,328
50,265
47,119
40,227
47,43
129,60
47,30
5,188
119,110
65,34
50,438
50,287
88,167
50,238
50,434
50,181
101,158
96,41
50,189
89,100
50,299
47,304
70,113
132,389
50,224
50,278
50,501
91,675
40,679
50,619
50,245
50,500
50,480
50,520
129,686
108,640
50,628
50,589
50,502
50,45
50,402
50,104
50,20
68,319
50,53
119,255
50,332
50,355
108,225
50,22
50,292
50,313
50,685
50,368
46,423
47,54
50,84
50,348
61,215
50,586
108,264
50,55
50,338
108,203
50,315
20,482
50,11
50,273
129,174
50,343
126,499
50,66
50,408
50,383
50,468
50,208
50,472
50,146
48,106
50,102
50,314
50,89
50,61
50,221
129,318
50,261
50,210
50,121
40,222
48,144
47,76
50,157
39,149
50,26
50,196
50,59
50,135
20,284
50,260
50,91
70,17
50,194
67,3
50,99
129,235
50,171
50,301
50,445
50,477
50,366
50,47
50,83
50,312
50,115
55,62
50,192
50,183
50,165
50,150
72,37
70,93
70,219
70,13
50,251
117,341
129,236
50,77
50,156
50,155
50,295
50,116
50,359
50,230
50,109
109,163
50,262
47,95
50,128
50,24
50,4
70,223
50,344
50,387
129,137
50,88
50,290
50,118
50,103
50,311
50,51
50,32
50,164
50,68
50,415
50,133
50,175
50,33
50,191
50,254
50,112
50,193
50,243
48,428
50,199
50,269
50,131
50,323
129,440
50,443
50,310
50,58
50,2
50,142
50,514
50,333
50,5
50,339
130,274
50,10
50,360
50,180
50,139
50,16
50,186
50,94
50,108
50,380
50,367
50,153
127,154
129,92
129,190
129,300
50,136
50,35
50,98
50,504
50,267
50,425
50,19
50,185
50,388
129,134
50,250
50,85
50,252
68,15
50,25
50,27
70,14
50,233
50,197
50,38
129,57
50,396
50,126
50,182
50,170
50,39
50,148
50,303
50,78
129,87
129,114
129,130
134,50
50,31
50,44
50,81
50,392
50,638
50,407
50,173
50,399
50,111
50,7
50,172
50,12
50,187
70,397
129,212
49,9
129,23
50,177
50,46
129,346
50,21
128,42
70,147
50,123
50,18
50,293
50,74
50,29
50,140
50,604
50,376
50,622
92,347
50,670
70,523
132,464
50,661
50,321
50,602
50,582
50,96
50,36
129,683
50,69
50,625
50,570
50,448
50,659
50,648
50,414
50,63
50,620
50,385
129,603
50,572
129,593
50,309
50,505
50,484
50,668
50,674
50,547
129,169
50,571
129,242
50,557
50,70
125,641
129,403
70,627
50,349
50,1
50,569
70,201
50,6
50,305
50,673
129,450
50,605
68,306
70,65
