12,374
16,735
16,664
7,665
8,710
7,704
5,660
16,326
5,699
12,672
5,650
6,602
6,356
20,540
9,667
7,599
12,617
9,638
10,716
15,695
12,655
12,693
5,555
12,627
12,697
5,696
10,621
6,588
12,604
12,589
5,132
2,570
7,259
9,289
10,401
5,571
5,56
10,622
15,568
12,493
12,728
11,647
7,709
10,734
5,670
5,629
12,714
9,715
16,700
10,686
12,720
7,712
13,579
14,536
12,631
5,541
16,293
5,637
7,733
5,731
5,633
15,657
16,603
7,616
5,576
20,479
11,572
10,598
20,452
6,587
13,724
11,623
12,727
5,708
12,711
20,674
15,651
20,600
15,713
10,565
16,702
7,701
16,634
16,684
10,654
12,669
15,630
10,680
10,543
12,510
10,492
12,594
12,561
13,721
10,546
5,641
15,258
13,535
20,460
6,688
12,642
8,692
5,433
12,517
3,521
12,440
12,485
16,482
5,624
11,325
5,564
12,529
11,620
8,530
12,575
12,26
15,671
10,658
5,321
5,656
12,628
17,524
12,538
5,478
12,126
5,380
5,198
5,218
5,367
15,430
15,416
5,409
16,539
15,498
11,652
12,368
12,515
6,648
10,501
6,406
3,109
7,509
10,673
9,668
5,593
5,698
3,690
5,542
7,608
13,488
18,646
11,581
5,606
16,679
20,722
11,247
5,96
13,360
14,534
5,338
6,580
12,643
18,619
12,551
11,459
5,601
11,613
12,442
9,516
5,456
18,46
11,591
8,188
15,508
12,649
13,103
12,424
5,322
16,553
15,566
3,635
3,585
5,502
5,717
12,597
9,489
6,659
5,514
6,560
15,499
3,567
7,497
10,388
10,494
10,145
5,398
4,473
5,435
12,413
5,486
12,454
16,531
5,662
16,389
6,339
12,528
9,470
11,120
10,309
15,429
12,436
20,420
16,396
15,350
3,507
12,372
9,294
5,184
5,242
20,385
12,300
1,487
10,618
5,523
5,316
5,370
5,466
13,450
12,65
5,395
11,519
20,513
12,36
3,58
16,45
12,563
5,160
5,677
5,644
11,544
5,490
5,547
16,341
12,353
5,462
16,60
5,74
12,245
12,153
15,586
5,506
12,449
11,314
15,477
13,238
10,329
12,511
5,392
5,549
15,432
7,362
12,504
12,292
16,505
3,394
1,277
16,354
5,554
18,230
3,471
3,422
12,483
20,268
5,343
13,11
7,330
5,9
11,423
5,129
1,481
10,178
18,290
12,225
17,439
18,119
12,31
6,166
10,111
5,170
5,324
12,550
5,315
5,124
5,375
3,303
16,61
5,146
10,384
16,319
5,200
19,219
20,279
5,311
10,467
20,469
12,444
10,453
12,127
5,334
11,455
5,274
16,227
3,239
5,474
5,237
5,37
12,297
6,148
5,226
12,157
5,224
5,128
12,520
5,661
5,345
5,7
12,23
10,203
5,251
5,241
12,196
12,183
12,234
5,426
11,313
12,271
12,141
5,270
5,182
12,105
5,191
6,265
5,295
12,215
5,181
11,147
15,197
4,348
20,573
5,552
16,605
16,415
5,537
5,443
15,512
5,386
10,557
20,412
6,390
5,522
12,187
5,363
6,189
11,558
11,12
10,70
5,451
5,427
12,441
5,491
11,468
5,205
12,342
5,556
5,318
11,287
12,359
12,28
10,138
5,403
11,140
12,100
12,161
5,13
5,6
6,4
7,33
5,16
5,192
6,59
18,64
5,261
16,82
5,52
5,276
5,149
13,142
5,43
20,387
12,102
5,114
16,173
6,5
12,266
12,222
5,280
10,32
12,465
5,582
20,437
16,425
6,336
5,233
16,211
6,361
5,286
20,495
12,636
14,382
5,400
12,607
5,480
5,484
5,323
12,337
3,185
6,331
18,272
5,344
5,383
11,162
5,17
5,136
20,244
5,418
5,615
12,463
20,283
5,545
5,496
6,86
5,291
6,236
5,41
11,320
11,90
16,168
12,257
5,377
5,1
6,112
5,29
5,263
5,116
5,177
5,47
12,475
12,121
5,327
5,216
16,55
5,448
12,308
12,332
12,137
5,206
5,10
6,592
5,457
5,199
5,317
12,107
5,164
5,369
12,249
12,404
5,106
5,248
5,306
12,378
5,373
5,737
5,685
12,405
5,125
5,458
5,421
5,626
5,22
5,262
6,408
5,93
5,340
5,123
12,476
12,518
5,333
5,75
5,92
12,175
5,683
5,229
16,25
5,104
5,40
5,24
5,718
5,51
5,101
5,464
5,569
6,666
5,610
5,574
5,639
5,675
5,625
12,632
5,221
5,73
5,730
6,726
5,676
5,115
20,682
20,691
20,472
5,736
5,596
5,583
5,577
18,500
20,611
5,612
5,252
5,201
6,30
5,21
5,19
5,89
5,91
5,209
5,366
5,88
12,281
5,223
5,195
20,307
5,118
5,68
5,35
6,328
5,38
5,379
5,50
6,194
6,256
6,80
20,288
5,139
5,298
20,193
5,304
5,357
5,85
5,44
5,143
5,27
12,95
5,407
5,278
5,445
6,584
12,364
5,365
5,253
12,67
20,446
5,152
5,208
5,110
12,335
12,431
11,376
5,310
5,42
5,346
5,172
5,165
20,381
5,156
12,240
5,231
5,371
20,135
12,72
5,113
5,167
5,217
5,18
5,15
5,186
5,169
5,144
6,48
5,34
12,207
5,2
20,84
12,267
12,246
12,393
5,243
19,299
12,414
5,8
5,83
5,3
5,351
5,63
5,179
5,352
5,57
5,81
12,108
12,202
5,503
5,411
5,402
5,154
5,264
12,461
5,204
5,133
5,312
12,447
5,49
5,296
12,213
20,235
5,122
5,284
5,355
5,174
18,190
5,347
5,39
5,260
5,214
5,62
5,210
5,134
20,87
5,77
5,250
5,79
5,130
5,20
5,117
5,97
5,254
5,131
20,180
5,159
5,419
12,54
5,94
5,98
5,53
5,255
5,71
5,158
5,176
5,275
12,397
12,228
5,150
20,723
5,548
5,76
20,527
12,706
12,438
5,562
12,732
5,66
20,78
5,725
20,578
5,703
12,410
5,434
5,707
20,694
5,349
5,705
5,533
5,719
5,417
5,689
5,220
5,399
20,729
5,559
20,155
20,678
20,302
5,687
5,358
5,609
5,526
5,273
5,681
5,653
5,525
5,212
5,640
12,595
20,69
5,590
5,99
5,14
20,663
5,232
20,305
12,614
5,301
5,151
20,391
12,285
5,532
20,428
5,645
5,269
5,163
12,171
12,282
