6,135
4,167
1,130
2,219
2,278
8,276
6,223
11,192
5,162
4,325
12,201
11,287
9,343
6,265
5,299
3,319
2,235
3,382
4,341
3,141
2,123
3,182
2,381
2,304
2,395
6,418
2,378
4,448
3,222
2,298
2,349
6,449
11,396
5,87
8,406
9,76
11,455
3,405
2,364
2,397
3,311
6,458
3,463
6,473
11,467
6,13
6,36
3,215
11,153
2,344
11,432
8,438
3,371
8,322
2,279
5,216
11,194
6,307
6,294
11,121
11,208
2,470
8,421
5,474
5,54
11,6
6,52
6,303
2,138
6,224
11,380
11,433
6,63
5,110
11,331
10,379
6,315
5,35
11,353
2,246
6,321
11,360
6,317
6,392
6,146
11,372
10,269
3,180
11,460
6,387
3,206
6,189
2,273
5,383
6,231
6,357
11,242
5,476
6,258
5,237
11,184
11,106
11,103
6,115
5,114
11,156
6,295
6,89
11,462
8,339
11,61
2,176
11,79
11,97
11,197
3,165
3,318
5,227
6,290
5,270
8,388
2,301
10,400
11,284
5,232
6,267
11,347
2,257
6,183
10,332
2,209
2,255
3,291
6,217
10,327
6,384
6,158
8,456
6,239
6,316
10,359
6,305
2,8
6,342
6,60
8,401
11,336
6,323
6,187
6,233
6,252
6,157
9,101
6,124
6,296
11,171
11,72
11,49
2,179
12,127
6,109
10,57
2,113
6,37
11,166
11,147
10,86
11,45
6,111
6,82
11,186
11,102
2,33
6,168
6,71
11,51
5,320
6,66
11,75
8,172
6,408
10,12
11,454
11,361
6,466
11,338
11,414
3,160
7,459
2,354
2,461
10,434
6,11
8,425
5,377
6,398
11,435
2,285
2,328
6,90
10,196
6,281
6,253
5,211
6,203
7,272
6,329
8,247
11,429
6,345
6,245
5,236
6,370
6,373
9,148
8,261
11,251
5,250
10,404
5,170
6,243
10,326
10,140
8,205
2,260
3,221
11,126
6,154
6,155
5,14
7,293
11,375
11,202
5,42
10,297
6,367
11,175
6,362
11,145
2,210
5,150
7,151
6,200
5,161
6,83
8,96
6,207
6,213
5,137
6,214
6,330
11,104
6,108
6,59
11,313
2,85
11,47
11,95
6,136
6,228
6,68
6,44
2,300
5,366
10,363
6,457
11,465
2,444
8,346
11,259
5,283
6,144
7,142
5,174
6,314
10,193
5,149
10,164
8,262
6,356
6,185
5,81
6,92
11,107
6,229
5,129
10,70
2,84
2,352
11,77
11,99
5,351
6,306
8,58
11,139
11,248
6,119
10,152
10,238
6,181
11,374
6,254
8,302
10,134
11,310
6,169
8,451
5,427
3,73
6,67
10,26
2,46
6,178
6,391
8,266
11,440
8,424
11,422
10,348
11,416
8,7
9,478
11,32
5,280
10,1
6,376
11,275
6,439
6,389
6,446
8,407
11,472
2,218
2,204
2,241
11,264
5,274
11,105
11,100
3,177
10,282
11,125
10,368
9,442
6,34
6,369
11,420
6,355
10,244
3,98
6,234
6,249
8,337
12,324
5,308
6,402
7,212
2,292
11,413
8,65
11,56
6,195
6,230
10,9
2,415
6,94
6,394
5,15
5,277
6,286
9,118
8,120
6,436
6,417
6,64
6,78
12,74
10,220
8,426
8,477
10,271
10,410
7,365
11,334
2,335
4,412
7,288
11,112
6,132
2,464
6,256
8,431
1,358
5,173
10,268
10,131
10,447
6,468
2,199
11,289
11,471
5,445
3,163
6,430
10,27
10,21
6,80
11,423
4,93
2,191
2,50
2,69
5,240
11,122
5,39
6,159
5,5
10,31
2,40
5,23
8,263
6,4
2,225
6,411
12,312
5,469
6,190
3,399
6,333
2,437
2,62
9,128
8,198
12,390
6,25
5,30
2,24
9,17
6,55
6,143
1,450
5,385
1,419
6,41
2,20
6,428
2,133
10,117
10,226
2,453
6,91
1,53
3,43
11,48
10,22
11,18
6,88
10,116
12,16
7,38
12,188
11,309
9,403
2,29
6,340
11,350
9,441
2,393
2,3
8,452
2,443
6,19
9,28
8,386
4,2
7,409
5,475
6,10
