9,833
9,565
17,831
9,845
12,640
18,769
16,767
9,682
9,739
6,713
6,797
9,832
17,732
9,762
12,691
8,642
9,756
18,795
9,367
15,711
2,776
12,810
9,671
9,607
18,747
14,822
8,318
12,494
19,669
6,853
8,847
9,818
9,751
14,114
18,687
11,793
19,731
18,608
3,559
3,645
9,707
9,353
9,839
11,771
18,543
12,750
11,723
9,322
9,689
16,763
9,817
17,714
9,709
11,802
9,676
9,746
14,653
18,598
9,573
15,184
11,748
18,179
3,782
11,638
8,675
9,571
9,761
9,579
19,595
12,485
17,304
14,646
14,719
18,778
18,619
17,672
14,615
17,734
9,555
18,764
9,774
9,848
12,668
12,677
18,216
9,212
3,695
9,685
18,305
9,820
13,605
9,686
9,826
9,787
17,841
17,789
12,825
11,819
12,840
5,704
11,416
17,792
18,850
11,829
9,575
9,790
15,712
12,814
9,737
9,740
9,532
9,170
18,568
9,588
18,48
9,550
9,566
9,754
15,547
12,843
9,718
9,725
11,816
17,849
12,806
9,661
9,842
9,437
18,824
8,429
9,652
9,462
9,259
9,518
17,94
9,524
11,19
9,109
14,479
11,478
9,567
9,9
18,326
9,246
18,604
3,618
9,692
18,226
8,422
12,558
18,766
12,267
17,639
13,445
18,800
17,17
12,378
17,727
8,418
9,770
9,328
19,706
11,384
19,374
9,253
12,643
9,234
11,345
9,854
9,670
9,830
7,59
9,131
16,681
3,745
14,852
18,696
12,834
9,779
9,773
12,637
3,708
17,610
9,683
9,512
3,557
9,520
9,654
9,625
9,611
14,626
12,499
9,563
14,393
11,634
17,587
12,589
19,651
9,535
15,562
12,678
17,743
9,585
17,757
18,622
11,788
7,693
9,530
9,118
14,442
9,702
9,703
9,721
9,541
9,656
9,755
3,684
9,781
7,516
11,627
9,644
9,722
18,453
17,522
8,255
9,556
9,423
9,657
9,796
11,837
9,309
11,443
9,600
9,552
13,803
9,738
9,597
11,663
17,617
9,574
11,635
9,591
18,649
10,716
17,705
9,623
11,780
12,641
9,760
11,694
3,580
11,724
9,630
18,458
9,799
9,648
9,759
17,658
9,667
9,477
18,504
3,551
9,592
9,741
9,513
9,472
9,544
9,596
18,459
9,469
9,167
8,444
12,515
18,377
11,338
9,2
12,8
11,435
9,295
9,528
14,401
17,386
9,380
17,534
11,385
12,249
13,55
3,381
8,427
9,483
9,362
1,388
9,390
19,475
9,317
9,144
9,468
11,237
4,187
11,484
11,315
9,449
9,564
9,726
9,465
9,481
11,599
9,700
9,578
13,620
9,323
11,749
9,583
12,116
9,577
11,594
9,768
9,394
9,343
17,169
2,433
9,329
9,344
9,199
3,744
9,283
9,398
9,265
9,506
9,222
9,519
7,655
9,81
11,440
9,375
12,349
11,330
9,526
17,498
11,662
9,650
3,493
9,432
9,266
9,365
9,276
9,12
9,136
9,229
17,68
3,368
9,90
9,133
9,476
9,364
11,537
9,279
11,402
9,209
18,132
6,141
9,348
3,400
9,570
9,614
9,680
9,542
9,452
3,51
18,32
11,193
16,715
11,511
9,593
9,752
17,473
9,569
9,601
15,492
9,502
9,501
17,404
17,327
9,730
9,728
9,697
9,572
9,447
6,391
9,436
9,497
9,742
9,508
9,673
17,772
12,699
17,688
9,733
9,586
9,431
9,603
9,500
9,523
9,214
18,263
9,576
12,293
18,42
17,306
3,439
17,221
12,126
9,122
18,41
9,134
9,233
17,92
9,121
12,270
9,357
3,185
9,56
9,448
3,303
18,514
17,308
9,406
11,335
9,49
9,257
9,609
9,415
9,236
18,584
9,67
9,366
9,482
17,66
9,142
9,710
9,173
9,110
9,190
9,161
9,413
18,127
9,180
9,271
9,313
12,138
18,546
9,290
9,147
17,231
17,23
9,631
17,616
9,488
9,346
18,208
9,521
9,268
9,387
3,33
9,1
9,302
9,311
9,347
9,213
20,93
18,392
9,399
9,296
17,549
9,128
9,188
9,529
9,242
9,53
9,79
9,165
9,43
9,403
9,621
9,430
3,582
18,495
9,227
17,505
18,291
12,525
9,503
9,679
9,456
9,215
18,218
9,461
9,171
9,319
9,203
9,517
9,420
9,510
9,355
9,333
9,331
12,467
9,86
17,735
9,82
9,480
9,613
9,647
9,354
9,466
9,441
9,228
9,111
9,352
9,341
9,359
9,463
9,105
9,260
9,24
9,256
18,280
9,324
9,264
9,117
12,112
9,297
17,4
9,240
9,189
12,160
9,106
17,14
12,211
18,88
9,27
9,130
9,289
9,159
17,225
9,31
9,272
11,16
9,65
9,149
9,332
9,207
12,172
17,219
9,244
9,561
9,312
9,241
9,252
3,247
11,278
9,371
9,250
9,548
9,428
9,195
9,275
9,64
9,232
9,300
9,168
9,298
9,337
9,307
9,358
9,238
9,104
9,340
9,101
9,36
18,301
9,316
9,334
9,137
9,123
9,356
9,61
9,163
9,54
3,140
9,98
9,44
9,220
9,47
9,285
9,373
9,230
9,206
9,784
9,855
9,539
17,861
9,28
9,808
9,720
3,450
9,46
9,851
9,785
9,99
9,181
12,152
9,108
9,97
9,277
9,192
9,813
9,70
9,5
9,22
9,659
9,857
9,660
12,15
9,859
9,166
9,314
4,178
3,828
9,83
9,407
12,248
17,197
9,273
9,201
17,531
9,860
9,157
9,396
9,120
9,821
9,701
9,286
9,805
9,777
9,823
9,632
9,612
9,84
9,419
9,674
9,624
9,815
9,336
9,125
9,858
9,507
9,801
12,835
12,536
9,758
9,698
9,150
18,553
12,491
18,412
9,665
9,287
9,154
9,235
9,310
9,91
9,451
12,269
9,540
9,666
9,85
9,405
9,370
9,460
9,581
9,471
9,414
9,408
9,274
9,446
9,496
9,261
9,434
17,35
9,25
9,360
9,89
9,45
9,487
9,177
9,74
12,425
9,664
9,155
12,143
9,129
9,527
9,58
9,243
9,145
9,6
9,490
9,113
9,75
9,103
9,38
9,62
9,80
9,205
9,18
3,254
9,115
9,148
12,223
9,151
9,37
9,294
9,29
9,69
9,198
9,162
9,164
3,489
9,636
9,383
9,282
9,438
9,602
9,633
3,95
9,417
9,409
9,204
9,538
9,509
9,71
9,457
9,382
9,426
9,339
9,96
9,350
9,554
9,690
9,76
9,411
3,376
9,196
9,284
9,474
9,454
12,153
9,202
9,13
9,124
9,239
9,245
9,455
3,135
9,52
9,258
9,320
9,397
9,395
9,224
9,156
9,78
9,158
1,102
9,183
12,545
9,533
9,3
9,372
9,174
9,7
3,50
12,379
12,107
3,119
9,60
9,20
9,200
9,470
3,26
9,73
9,139
6,281
9,191
9,194
9,72
4,77
9,34
9,210
12,176
9,57
9,606
3,838
12,836
9,560
3,765
12,351
3,63
9,844
3,629
3,811
12,421
9,464
12,827
9,717
9,175
9,809
9,410
9,590
12,846
9,363
12,804
9,783
9,251
9,39
3,486
12,856
9,40
9,182
9,812
9,369
9,146
9,262
12,342
3,807
9,736
3,217
9,753
9,791
9,288
9,786
9,325
3,87
9,424
3,729
9,186
9,299
9,798
9,628
12,100
9,321
9,21
9,775
12,292
3,10
12,794
12,389
12,30
12,361
12,11
