13,667
11,680
5,672
2,649
11,652
13,651
9,634
6,671
8,669
11,660
6,510
9,656
3,631
10,647
11,598
11,594
5,682
7,107
11,515
6,405
8,138
6,474
8,481
2,519
10,507
5,552
10,639
6,646
7,495
6,617
9,553
1,658
11,616
6,527
11,584
13,543
3,535
10,654
10,583
6,558
6,636
7,664
6,608
9,655
6,666
8,653
4,629
6,676
6,599
9,560
1,601
6,358
6,644
6,446
6,678
6,71
10,633
11,588
5,145
6,395
5,234
4,550
13,426
6,485
14,430
5,429
6,374
11,302
13,129
13,308
6,327
6,416
6,82
7,257
6,8
5,52
3,489
12,152
6,143
6,421
9,587
6,612
4,579
6,623
11,565
6,90
9,486
2,600
5,452
6,378
5,534
11,549
3,352
11,195
2,432
13,353
6,454
11,417
5,473
6,546
6,363
5,330
1,216
6,228
6,427
5,491
6,536
11,453
2,410
6,400
9,541
11,334
6,350
9,555
4,595
3,663
6,637
1,650
6,643
6,563
5,657
6,508
7,681
6,662
6,372
10,626
6,404
2,590
6,513
9,465
11,478
6,447
11,246
11,611
5,613
11,554
2,580
6,566
11,529
13,568
6,476
11,597
6,591
5,551
6,521
5,574
7,573
10,562
5,585
4,511
6,537
6,412
11,632
11,592
3,576
3,578
5,610
6,642
6,615
6,487
6,533
6,530
2,497
1,455
4,544
6,556
6,630
6,531
13,456
10,479
4,268
9,517
9,282
6,422
11,444
6,509
8,351
6,218
6,329
11,326
6,420
10,451
4,518
6,461
11,394
11,528
9,437
6,324
6,548
11,213
11,202
4,645
11,624
5,496
6,460
5,226
10,545
6,204
11,356
6,377
13,127
6,270
6,159
6,217
6,73
6,249
6,291
5,449
6,337
5,72
6,40
8,442
6,459
6,64
6,364
6,419
6,101
6,439
3,609
6,577
5,561
5,606
2,684
6,532
6,618
6,538
6,614
6,581
6,525
2,559
6,539
6,540
10,214
6,677
4,635
3,564
6,607
6,596
6,431
6,492
6,665
13,409
11,297
6,406
6,141
6,462
6,340
6,488
6,522
11,418
3,467
11,475
6,307
11,493
6,381
6,296
6,231
6,120
6,285
5,277
5,391
2,56
6,211
6,524
6,122
6,362
11,271
6,498
11,298
6,503
6,247
6,463
6,86
11,441
6,567
6,28
6,283
6,317
6,266
6,506
6,117
6,184
6,433
5,361
6,483
6,336
6,342
6,322
6,345
1,79
6,280
6,241
7,436
6,178
3,259
6,237
6,162
6,132
6,424
11,256
4,411
6,80
10,371
6,97
13,229
13,166
6,390
6,413
13,325
11,526
1,179
4,286
6,457
5,67
6,466
6,490
6,393
5,575
6,369
6,379
13,471
6,176
11,289
6,398
6,253
6,232
6,512
6,621
6,49
6,288
6,240
6,207
11,276
6,320
6,124
6,542
6,458
6,335
11,239
6,469
3,220
6,354
6,105
2,294
6,279
8,375
13,275
6,470
13,435
6,382
6,384
6,401
6,516
6,161
6,263
6,206
6,386
6,316
3,209
11,125
6,258
6,75
6,331
6,370
6,244
4,160
11,198
6,48
6,205
6,248
6,357
6,494
6,200
6,281
6,272
13,168
6,365
6,373
6,151
11,328
6,265
6,119
5,227
6,43
13,60
6,30
2,188
11,110
6,34
6,438
6,287
9,167
6,238
6,434
6,181
10,158
9,41
6,189
9,100
6,299
6,304
6,113
13,389
6,224
6,278
6,501
9,675
5,679
6,619
6,245
6,500
6,480
6,520
13,686
11,640
6,628
6,589
6,502
6,45
6,402
6,104
6,20
6,319
6,53
11,255
6,332
6,355
11,225
6,22
6,292
6,313
6,685
6,368
6,423
6,54
6,84
6,348
6,215
6,586
11,264
6,55
6,338
11,203
6,315
4,482
6,11
6,273
13,174
6,343
13,499
6,66
6,408
6,383
6,468
6,208
6,472
6,146
6,106
6,102
6,314
6,89
6,61
6,221
13,318
6,261
6,210
6,121
5,222
6,144
6,76
6,157
5,149
6,26
6,196
6,59
6,135
4,284
6,260
6,91
6,17
6,194
6,3
6,99
13,235
6,171
6,301
6,445
6,477
6,366
6,47
6,83
6,312
6,115
6,62
6,192
6,183
6,165
6,150
6,37
6,93
6,219
6,13
6,251
11,341
13,236
6,77
6,156
6,155
6,295
6,116
6,359
6,230
6,109
11,163
6,262
6,95
6,128
6,24
6,4
6,223
6,344
6,387
13,137
6,88
6,290
6,118
6,103
6,311
6,51
6,32
6,164
6,68
6,415
6,133
6,175
6,33
6,191
6,254
6,112
6,193
6,243
6,428
6,199
6,269
6,131
6,323
13,440
6,443
6,310
6,58
6,2
6,142
6,514
6,333
6,5
6,339
13,274
6,10
6,360
6,180
6,139
6,16
6,186
6,94
6,108
6,380
6,367
6,153
13,154
13,92
13,190
13,300
6,136
6,35
6,98
6,504
6,267
6,425
6,19
6,185
6,388
13,134
6,250
6,85
6,252
6,15
6,25
6,27
6,14
6,233
6,197
6,38
13,57
6,396
6,126
6,182
6,170
6,39
6,148
6,303
6,78
13,87
13,114
13,130
13,50
6,31
6,44
6,81
6,392
6,638
6,407
6,173
6,399
6,111
6,7
6,172
6,12
6,187
6,397
13,212
6,9
13,23
6,177
6,46
13,346
6,21
13,42
6,147
6,123
6,18
6,293
6,74
6,29
6,140
6,604
6,376
6,622
9,347
6,670
6,523
13,464
6,661
6,321
6,602
6,582
6,96
6,36
13,683
6,69
6,625
6,570
6,448
6,659
6,648
6,414
6,63
6,620
6,385
13,603
6,572
13,593
6,309
6,505
6,484
6,668
6,674
6,547
13,169
6,571
13,242
6,557
6,70
13,641
13,403
6,627
6,349
6,1
6,569
6,201
6,6
6,305
6,673
13,450
6,605
6,306
6,65
