21,833
20,565
47,831
23,845
34,640
53,769
46,767
20,682
20,739
14,713
13,797
20,832
49,732
25,762
34,691
17,642
20,756
54,795
20,367
45,711
2,776
34,810
21,671
23,607
52,747
42,822
17,318
34,494
55,669
12,853
17,847
21,818
21,751
41,114
52,687
29,793
55,731
54,608
6,559
6,645
21,707
21,353
21,839
31,771
52,543
34,750
31,723
20,322
21,689
46,763
21,817
48,714
21,709
28,802
20,676
21,746
40,653
51,598
20,573
43,184
28,748
54,179
6,782
30,638
17,675
21,571
21,761
20,579
55,595
34,485
49,304
42,646
42,719
52,778
54,619
49,672
42,615
48,734
21,555
54,764
20,774
22,848
34,668
34,677
52,216
22,212
7,695
26,685
52,305
20,820
39,605
21,686
21,826
20,787
49,841
49,789
34,825
28,819
34,840
11,704
29,416
48,792
54,850
29,829
23,575
25,790
43,712
34,814
20,737
21,740
22,532
23,170
54,568
20,588
54,48
20,550
23,566
20,754
43,547
34,843
21,718
21,725
29,816
50,849
34,806
21,661
21,842
21,437
51,824
17,429
20,652
19,462
20,259
21,518
50,94
20,524
29,19
21,109
42,479
28,478
21,567
21,9
52,326
20,246
53,604
6,618
21,692
54,226
18,422
34,558
54,766
34,267
49,639
37,445
52,800
48,17
34,378
48,727
17,418
24,770
21,328
55,706
28,384
55,374
21,253
34,643
20,234
30,345
20,854
20,670
21,830
15,59
21,131
46,681
6,745
40,852
52,696
34,834
20,779
21,773
34,637
6,708
47,610
20,683
21,512
4,557
20,520
21,654
23,625
21,611
42,626
34,499
21,563
42,393
30,634
49,587
34,589
55,651
20,535
44,562
34,678
49,743
21,585
49,757
54,622
33,788
16,693
21,530
19,118
41,442
25,702
20,703
21,721
21,541
21,656
20,755
5,684
21,781
15,516
31,627
21,644
20,722
54,453
48,522
17,255
20,556
21,423
22,657
20,796
32,837
21,309
30,443
21,600
20,552
37,803
21,738
20,597
29,663
50,617
23,574
30,635
21,591
51,649
27,716
50,705
20,623
30,780
34,641
20,760
30,694
6,580
30,724
20,630
54,458
20,799
23,648
21,759
48,658
20,667
23,477
52,504
6,551
21,592
23,741
20,513
20,472
20,544
21,596
52,459
21,469
21,167
17,444
34,515
52,377
30,338
20,2
34,8
30,435
20,295
23,528
42,401
49,386
20,380
49,534
31,385
34,249
37,55
5,381
17,427
21,483
21,362
1,388
21,390
55,475
20,317
21,144
23,468
30,237
9,187
30,484
29,315
21,449
21,564
20,726
20,465
21,481
29,599
21,700
20,578
38,620
21,323
30,749
21,583
34,116
20,577
29,594
20,768
20,394
21,343
48,169
3,433
20,329
20,344
23,199
7,744
20,283
21,398
20,265
20,506
20,222
22,519
16,655
22,81
29,440
21,375
34,349
30,330
20,526
49,498
29,662
23,650
5,493
20,432
20,266
20,365
21,276
21,12
21,136
20,229
49,68
6,368
22,90
20,133
22,476
22,364
29,537
21,279
29,402
23,209
52,132
12,141
20,348
6,400
20,570
20,614
21,680
20,542
20,452
6,51
52,32
30,193
46,715
31,511
20,593
20,752
49,473
20,569
20,601
43,492
20,502
20,501
49,404
49,327
20,730
20,728
20,697
21,572
20,447
14,391
20,436
21,497
21,742
20,508
20,673
48,772
34,699
48,688
20,733
21,586
21,431
20,603
20,500
21,523
21,214
52,263
21,576
34,293
52,42
49,306
6,439
49,221
35,126
21,122
52,41
21,134
20,233
49,92
20,121
34,270
22,357
6,185
20,56
20,448
8,303
52,514
49,308
20,406
30,335
20,49
21,257
21,609
20,415
20,236
52,584
20,67
21,366
20,482
49,66
21,142
20,710
22,173
20,110
20,190
20,161
20,413
52,127
21,180
21,271
20,313
34,138
52,546
21,290
20,147
49,231
50,23
21,631
49,616
20,488
20,346
52,208
21,521
20,268
23,387
6,33
20,1
22,302
22,311
20,347
20,213
56,93
52,392
20,399
21,296
49,549
20,128
20,188
20,529
20,242
20,53
22,79
20,165
21,43
20,403
20,621
20,430
6,582
52,495
21,227
49,505
53,291
35,525
21,503
20,679
20,456
21,215
52,218
21,461
20,171
20,319
21,203
21,517
21,420
21,510
20,355
21,333
20,331
34,467
21,86
49,735
22,82
21,480
20,613
20,647
21,354
20,466
20,441
22,228
20,111
20,352
20,341
21,359
20,463
21,105
20,260
21,24
20,256
51,280
20,324
21,264
20,117
34,112
20,297
47,4
20,240
20,189
34,160
20,106
49,14
34,211
52,88
20,27
21,130
20,289
20,159
47,225
21,31
20,272
30,16
21,65
20,149
20,332
20,207
35,172
49,219
20,244
20,561
20,312
20,241
20,252
6,247
30,278
20,371
20,250
20,548
20,428
20,195
20,275
20,64
21,232
21,300
20,168
21,298
20,337
20,307
20,358
21,238
20,104
20,340
20,101
20,36
52,301
21,316
20,334
21,137
20,123
21,356
20,61
20,163
20,54
6,140
20,98
20,44
21,220
20,47
20,285
20,373
20,230
20,206
20,784
20,855
21,539
49,861
21,28
20,808
20,720
6,450
20,46
20,851
21,785
20,99
20,181
34,152
22,108
21,97
20,277
21,192
20,813
20,70
20,5
20,22
21,659
20,857
20,660
34,15
20,859
20,166
20,314
10,178
6,828
20,83
21,407
34,248
49,197
20,273
20,201
49,531
20,860
20,157
20,396
20,120
20,821
20,701
20,286
20,805
20,777
20,823
22,632
20,612
20,84
20,419
20,674
20,624
20,815
20,336
20,125
20,858
20,507
20,801
34,835
34,536
20,758
20,698
20,150
52,553
36,491
52,412
20,665
20,287
20,154
20,235
20,310
20,91
21,451
34,269
20,540
20,666
20,85
20,405
21,370
21,460
20,581
20,471
20,414
20,408
20,274
20,446
20,496
21,261
20,434
49,35
20,25
20,360
20,89
20,45
20,487
20,177
21,74
34,425
21,664
20,155
34,143
20,129
20,527
20,58
20,243
20,145
20,6
20,490
20,113
21,75
20,103
20,38
20,62
20,80
21,205
20,18
6,254
20,115
20,148
34,223
20,151
20,37
20,294
20,29
20,69
20,198
20,162
21,164
4,489
21,636
20,383
20,282
21,438
20,602
22,633
5,95
20,417
20,409
20,204
20,538
20,509
21,71
20,457
20,382
20,426
20,339
20,96
20,350
20,554
20,690
20,76
21,411
5,376
20,196
20,284
20,474
20,454
34,153
20,202
20,13
20,124
20,239
20,245
20,455
6,135
20,52
20,258
20,320
20,397
20,395
20,224
21,156
20,78
20,158
1,102
20,183
34,545
20,533
20,3
20,372
20,174
20,7
6,50
34,379
34,107
7,119
20,60
20,20
20,200
20,470
5,26
20,73
20,139
14,281
20,191
20,194
20,72
9,77
20,34
20,210
34,176
20,57
20,606
6,838
34,836
20,560
5,765
34,351
6,63
20,844
6,629
6,811
34,421
20,464
34,827
20,717
20,175
20,809
20,410
20,590
34,846
20,363
34,804
20,783
20,251
20,39
6,486
34,856
20,40
20,182
20,812
20,369
20,146
20,262
34,342
6,807
20,736
6,217
20,753
20,791
20,288
20,786
20,325
6,87
20,424
6,729
20,186
20,299
20,798
20,628
34,100
20,321
20,21
20,775
34,292
6,10
34,794
34,389
34,30
34,361
34,11
