2,1206
27,1208
28,1210
27,1064
28,1219
5,1236
28,703
29,1232
27,1207
21,1157
13,1199
2,1082
21,1112
26,1212
21,1095
14,889
29,1144
13,1227
21,876
21,1118
29,1005
21,954
21,1089
28,1042
26,561
29,1087
29,591
21,1223
8,1139
21,928
3,1222
2,908
21,784
12,1077
21,891
21,1056
21,912
6,1228
21,1215
21,655
9,946
21,970
21,996
19,532
21,581
2,485
29,722
1,751
14,829
21,1192
29,1194
21,514
21,831
18,1197
21,633
20,967
28,500
21,1030
15,952
1,386
21,1221
14,880
20,1032
20,1166
20,1001
21,697
13,1133
16,659
20,993
27,1163
20,1196
26,1053
21,520
21,978
21,1204
21,1147
9,798
20,981
27,1101
16,850
18,1060
16,1153
14,1079
20,1195
20,1022
20,1010
16,1205
20,1116
20,636
1,701
20,1052
20,927
20,602
20,522
20,1094
4,853
20,351
20,745
20,811
15,1067
15,583
21,772
20,1086
20,863
20,716
8,564
9,385
20,816
20,725
20,580
20,1231
20,1176
9,882
28,411
21,660
13,920
20,913
14,374
8,288
29,631
20,683
30,393
16,518
21,621
21,400
21,577
20,1046
20,667
20,1114
20,554
20,456
28,723
15,720
15,953
10,959
17,1122
20,937
20,1058
20,543
20,982
20,578
9,791
20,511
28,1049
12,740
16,1098
7,692
13,727
19,593
28,427
20,415
18,493
27,430
9,1115
13,841
20,1031
20,919
9,861
15,1217
1,1224
20,1161
1,773
20,823
20,565
20,626
12,1120
18,991
20,979
20,1076
20,1182
20,526
20,1008
20,894
20,830
21,969
20,947
21,999
20,1105
20,704
20,512
20,428
15,612
20,486
20,744
20,1132
20,466
18,842
20,980
20,1063
20,817
14,1029
20,775
20,568
19,681
20,730
11,781
20,851
20,1068
21,762
20,608
38,729
20,690
20,1141
20,944
12,767
20,611
15,930
20,1016
20,549
20,1121
20,609
20,790
20,865
20,825
21,1143
20,1047
19,845
20,984
20,1119
20,888
18,590
20,843
20,708
20,641
20,685
6,574
18,1211
20,1225
20,642
20,1198
20,1202
20,1226
28,698
20,972
13,1051
20,1156
13,1184
20,837
15,684
20,1177
20,713
20,1229
20,1164
13,1126
21,801
20,924
20,917
20,1216
20,1235
20,1218
20,1158
20,872
20,1209
20,1185
20,1136
20,916
20,1017
20,1234
20,1138
28,1036
20,1104
20,1220
13,709
20,1175
20,800
20,1088
20,921
15,584
13,465
20,1146
13,1169
20,918
20,962
20,1142
20,788
20,1055
20,1129
20,765
20,1128
20,802
15,629
20,777
15,1075
21,1018
20,669
20,896
20,824
20,938
20,529
20,388
20,792
20,854
20,535
28,1069
16,878
20,1180
20,810
19,1170
21,1171
20,285
20,915
20,1151
20,1092
19,652
13,1154
20,1168
20,334
20,1173
1,645
20,412
20,657
20,846
20,503
9,995
20,318
20,866
20,1109
20,983
1,910
20,1125
20,809
20,1145
20,625
20,505
16,732
20,1004
20,771
20,968
20,1024
20,855
20,956
19,743
20,1083
20,1045
20,1131
20,640
14,933
20,524
20,1165
20,1000
20,760
20,1174
20,617
20,1187
9,955
20,884
20,904
20,1048
20,752
20,844
20,536
20,632
20,1044
20,1200
17,587
20,1034
20,828
13,1123
5,717
20,813
20,869
20,974
20,1003
20,840
20,1090
20,1135
20,1084
20,769
1,1040
28,964
20,502
20,1021
20,1106
20,754
20,1006
36,1113
9,966
20,832
20,594
20,682
20,691
20,618
21,1137
20,1189
20,1002
20,712
20,1213
20,793
20,961
20,895
20,1230
20,1214
20,677
20,348
20,1178
20,936
15,934
20,932
20,1188
20,395
20,734
13,1152
20,1111
21,997
12,1043
20,758
1,906
20,676
20,903
24,646
20,1148
20,925
20,668
20,1071
20,949
20,1140
20,540
20,875
18,322
16,735
20,747
20,544
20,390
29,1097
20,1183
20,569
20,941
20,702
37,893
20,582
5,647
20,1059
20,1134
20,768
20,960
20,858
20,929
13,990
20,672
22,1130
20,1020
20,864
20,551
20,282
20,601
20,886
21,513
20,449
20,1110
20,623
20,988
20,779
20,736
15,572
20,1124
20,320
20,586
20,275
20,384
20,812
20,592
16,635
20,380
20,1167
20,1062
20,746
20,883
9,1033
16,506
20,958
20,852
20,976
20,494
20,562
20,497
20,898
20,527
20,870
35,731
20,530
15,787
20,987
28,794
20,897
20,573
20,1093
20,733
20,689
20,403
20,501
16,822
20,1054
20,902
20,821
20,627
20,662
20,780
20,671
19,710
20,445
20,839
20,539
20,566
20,1023
20,948
20,1149
20,877
20,686
19,890
20,867
20,911
20,885
20,776
20,973
16,1014
20,1091
20,1072
20,567
20,1028
20,1027
20,1080
20,498
1,695
20,600
20,940
20,488
20,496
20,558
20,556
20,408
20,432
20,439
20,437
20,674
20,795
20,1057
20,1150
20,579
20,576
20,738
20,441
20,422
20,198
20,93
20,95
20,286
20,489
20,257
20,157
20,236
20,311
20,477
20,806
20,696
20,610
20,994
16,724
20,458
20,860
20,596
20,1099
20,785
20,820
20,1009
20,504
20,1107
20,835
20,826
20,805
20,679
20,656
20,763
20,541
20,721
20,1061
20,418
20,650
20,753
20,649
20,766
20,874
20,750
20,922
20,957
20,783
20,926
20,807
20,1085
20,899
20,847
20,943
20,1100
20,986
20,670
23,764
20,654
20,510
20,665
20,818
20,387
20,862
20,588
20,658
20,827
20,310
20,375
20,680
20,394
20,223
20,1038
20,571
20,705
20,473
20,247
20,749
20,620
20,129
20,86
20,232
20,280
20,315
20,484
20,675
20,538
20,545
20,459
20,302
20,172
20,255
15,343
20,434
20,333
20,1015
20,585
20,971
20,546
20,859
20,624
20,507
20,266
20,209
20,349
1,219
20,517
20,443
20,435
20,292
20,104
20,354
20,552
1,542
20,164
20,214
20,188
20,151
20,297
20,347
20,737
20,550
20,416
20,848
20,360
1,371
21,598
20,352
16,267
20,338
20,128
20,433
20,487
20,834
20,296
20,871
20,977
20,799
20,856
20,1041
20,1073
20,475
20,139
20,833
20,401
20,1070
20,350
20,604
20,321
31,471
20,85
20,98
20,312
20,189
20,234
20,242
20,560
20,190
20,367
20,357
20,225
38,206
20,238
20,328
20,180
20,341
20,589
20,362
20,303
20,379
20,460
20,84
20,246
32,261
20,326
20,786
20,638
20,1103
20,256
20,942
14,814
20,399
20,548
20,218
20,173
20,193
20,141
20,143
20,279
20,277
20,78
20,63
20,313
20,363
20,105
20,472
20,220
20,688
20,605
20,323
20,421
20,1162
20,442
20,905
20,426
20,91
20,797
20,452
20,366
20,340
20,892
20,719
20,327
20,1190
20,998
20,228
20,224
20,210
20,254
20,339
20,474
20,715
20,270
20,121
20,213
20,186
20,289
20,202
20,290
20,252
20,378
20,112
20,308
20,156
20,273
20,836
6,1096
20,204
20,230
20,265
20,65
20,881
20,229
20,448
20,163
20,222
20,97
20,171
20,89
20,755
20,69
15,335
20,88
20,678
20,287
20,241
20,179
20,127
20,140
20,276
20,212
20,203
20,492
20,200
20,476
20,92
20,353
20,547
20,165
20,262
20,317
20,570
20,192
20,184
20,531
20,615
20,653
9,346
20,796
20,329
20,324
20,849
20,240
20,300
20,248
20,417
20,306
20,344
20,634
20,185
20,616
20,307
20,707
20,178
20,301
20,628
20,243
20,939
20,907
20,450
20,409
20,414
20,272
20,161
20,446
20,482
20,1159
20,706
20,253
20,264
20,490
20,951
20,603
20,423
20,398
20,413
20,1127
20,613
20,365
33,444
20,463
20,170
20,259
20,274
20,137
20,94
20,174
20,169
20,71
20,64
20,258
20,516
20,382
20,183
20,208
39,480
20,108
20,138
20,838
20,368
20,700
16,176
20,103
20,249
20,109
20,250
20,117
20,742
20,931
20,131
20,373
20,110
20,130
20,56
20,211
20,99
20,464
20,694
20,757
20,1155
20,1026
20,756
20,1025
20,622
20,1035
20,714
20,639
20,356
20,759
20,316
20,396
15,607
20,1181
20,739
20,559
20,533
20,1108
20,508
20,521
20,644
20,761
20,1065
20,619
20,331
20,661
9,606
20,168
20,455
20,614
20,741
20,555
20,406
20,782
20,525
20,519
20,726
20,963
38,231
20,693
20,673
20,804
20,1037
20,914
20,453
20,534
20,381
20,563
20,391
20,372
20,770
20,597
20,803
20,887
20,965
20,748
20,945
20,553
20,336
20,425
20,778
20,528
20,819
20,537
20,1201
20,1012
20,1013
20,950
20,451
20,599
20,278
20,495
20,637
20,728
20,361
20,467
20,901
20,330
20,197
20,975
20,1039
20,1203
20,461
20,868
20,1233
20,342
20,293
20,575
9,1019
20,291
20,181
20,195
21,111
20,216
20,251
16,648
20,436
20,457
20,364
20,470
20,392
20,808
20,478
20,900
20,389
20,1007
20,1172
20,1193
20,36
20,66
20,13
20,74
20,37
20,124
31,35
20,58
20,22
20,177
20,75
20,30
20,45
20,39
20,43
20,53
20,115
20,664
20,125
20,199
20,40
20,73
20,15
20,989
20,61
20,23
20,33
20,383
20,299
20,19
20,20
20,28
20,10
20,50
20,42
20,52
20,55
20,102
20,404
20,284
20,447
20,126
20,215
20,76
20,245
7,175
20,440
20,595
20,410
20,509
20,217
20,44
20,149
20,1066
20,304
20,499
20,332
20,298
20,194
20,227
20,419
19,1186
20,1078
20,167
20,54
20,152
20,187
20,221
20,81
16,1081
20,233
20,114
20,260
18,57
20,483
20,150
25,294
20,370
20,24
20,132
20,3
20,144
20,5
20,7
20,1237
20,9
20,4
20,70
20,2
20,79
20,153
20,14
20,72
20,25
20,8
20,21
20,26
34,51
20,17
20,1238
20,47
20,27
20,424
20,120
20,122
20,134
20,789
20,909
20,397
20,182
20,481
20,630
13,454
20,100
20,101
20,283
20,133
20,207
20,59
20,239
20,268
20,159
20,281
20,62
20,337
20,49
20,718
20,83
20,118
20,191
20,16
20,491
20,146
20,87
20,469
20,123
20,82
20,515
20,80
20,557
20,68
20,295
20,1191
20,879
20,666
20,325
20,992
20,420
20,462
20,1074
20,355
20,136
20,358
20,269
20,67
13,271
20,1117
20,1160
20,438
20,244
20,11
20,18
20,235
20,155
20,237
20,305
20,402
20,116
20,148
20,263
20,34
20,145
20,166
20,205
31,405
20,41
20,985
20,107
20,154
20,923
20,314
18,345
20,113
20,158
20,815
20,142
16,77
20,468
20,377
20,135
20,119
20,29
20,106
20,147
20,1050
20,196
20,1102
20,857
20,479
20,376
20,1179
20,1011
20,687
20,711
20,429
20,699
20,935
20,201
20,873
20,319
20,60
20,162
20,651
20,90
20,369
20,663
20,309
20,643
20,523
20,160
20,48
20,407
20,774
20,226
20,38
20,6
20,359
20,431
20,12
20,32
20,1
20,46
28,31
29,96
