14,712
14,728
14,737
22,724
14,701
14,600
37,618
14,508
14,646
14,654
14,656
15,505
14,719
14,739
14,643
14,669
14,664
14,504
38,686
14,616
14,729
14,677
37,596
14,633
37,734
36,718
14,715
14,723
14,702
37,545
14,685
14,671
14,722
22,571
14,406
14,720
14,512
14,756
14,735
38,727
14,370
14,546
14,364
14,427
14,621
37,564
14,351
14,521
21,632
14,732
38,687
14,659
8,526
14,604
14,731
19,705
7,615
14,601
21,506
14,672
14,714
14,611
14,644
37,708
37,479
14,648
14,559
14,588
14,547
37,710
14,667
14,581
15,469
14,553
15,647
37,636
14,638
14,562
14,688
14,585
37,520
14,262
14,630
14,560
12,613
14,419
14,699
14,476
14,590
14,456
14,529
14,570
14,623
21,662
17,272
14,401
14,524
36,403
7,609
37,321
14,346
14,649
14,645
12,386
12,368
14,661
14,652
20,706
14,461
57,284
14,625
37,550
9,586
37,670
14,634
14,610
15,703
3,543
22,683
35,352
18,721
37,568
37,363
14,208
14,535
56,541
14,379
37,497
9,418
26,528
14,444
34,640
14,695
14,607
14,655
14,591
48,680
14,573
14,673
33,696
30,593
63,400
10,709
14,658
2,657
14,540
14,446
14,393
53,319
46,453
14,660
37,438
14,462
46,507
28,744
24,675
14,287
4,264
14,192
4,484
14,679
46,347
18,460
10,605
12,390
41,382
23,405
14,236
16,454
6,578
6,247
37,488
34,378
25,522
47,407
46,425
46,502
14,330
37,373
47,276
46,483
47,285
14,274
46,435
46,491
15,249
13,415
47,515
46,441
14,514
52,374
46,486
47,327
57,381
47,377
46,487
46,429
47,574
51,542
47,463
46,525
47,450
47,455
14,493
14,220
46,238
47,320
46,243
46,413
14,387
46,316
46,354
47,443
37,492
32,397
14,189
6,412
37,150
60,404
46,248
47,537
14,241
46,385
47,299
46,211
21,408
46,232
46,306
42,430
47,464
46,577
46,494
11,567
14,258
46,384
46,255
47,627
46,235
46,270
46,181
46,177
47,532
46,594
45,608
4,421
14,296
46,383
46,694
46,414
4,503
47,411
46,556
46,442
47,513
46,361
47,642
54,209
46,329
46,348
47,325
47,475
46,227
47,449
46,283
47,436
46,307
47,239
46,162
47,266
46,434
50,212
46,297
47,196
46,184
46,301
46,223
46,345
46,259
47,500
47,197
29,490
47,579
46,554
46,392
46,641
47,576
46,480
46,228
47,290
46,288
47,253
57,372
47,440
47,350
47,225
46,375
46,252
44,278
46,176
47,598
46,575
47,395
31,626
47,472
47,416
46,231
46,206
47,595
47,240
49,628
47,561
47,268
47,582
14,277
47,275
46,154
47,201
47,603
46,185
46,750
46,747
47,755
47,745
47,758
46,653
47,760
46,757
47,753
46,742
46,748
47,752
47,746
47,749
47,751
38,743
48,761
14,523
47,552
14,527
47,467
41,332
47,549
47,451
47,530
46,353
46,366
46,221
46,359
47,256
46,322
46,555
46,254
47,280
46,202
47,485
14,291
47,237
62,355
47,300
47,424
46,340
47,519
46,580
46,459
47,389
47,614
47,282
46,544
57,265
46,433
1,380
46,289
46,589
46,305
46,439
47,651
46,311
46,309
46,637
47,639
46,445
46,224
46,668
46,344
46,597
46,587
46,251
47,207
47,315
46,230
47,631
46,195
46,312
47,295
46,698
14,516
46,388
47,313
47,612
46,399
46,509
47,563
46,367
46,583
46,557
46,409
46,716
46,398
47,394
47,622
46,432
46,437
46,465
46,635
46,458
46,410
55,293
46,468
46,539
14,267
46,334
61,349
47,343
47,362
46,428
57,606
46,338
47,302
46,260
46,242
55,357
47,308
47,342
46,518
46,717
46,331
47,182
46,175
47,279
46,261
46,365
46,689
46,510
46,551
47,423
46,304
37,326
47,318
46,726
46,697
47,269
47,681
46,707
46,317
46,617
46,693
5,692
47,629
47,725
46,730
46,676
46,496
46,323
46,666
47,736
47,691
47,733
47,569
46,682
47,665
47,489
46,538
37,548
14,402
46,599
46,481
58,263
61,452
46,572
46,482
47,584
47,558
46,498
46,213
47,501
46,200
46,391
46,376
47,624
46,704
46,324
46,678
46,273
46,360
4,180
47,470
46,690
47,198
57,333
46,740
47,466
46,471
46,328
46,294
46,188
46,286
46,448
46,203
47,193
47,244
14,592
46,684
46,565
46,663
46,536
47,298
14,137
47,336
47,341
46,166
46,229
46,310
47,271
46,199
46,763
46,764
47,754
46,149
46,191
47,257
14,194
46,499
56,110
14,292
46,426
43,369
46,477
47,602
47,219
46,422
46,478
46,358
46,142
47,711
46,533
46,126
46,431
47,417
47,64
46,112
47,172
47,65
46,114
46,25
47,218
46,81
47,741
47,122
46,23
46,46
46,152
46,566
47,30
46,70
45,123
37,179
46,76
46,100
47,7
46,214
46,128
47,473
46,447
46,335
46,650
46,19
46,51
46,770
46,40
47,98
46,26
46,173
47,132
47,120
46,700
46,738
47,303
46,215
47,155
46,713
46,281
45,141
46,140
46,5
46,79
46,15
47,115
46,337
47,420
46,54
46,127
59,102
46,31
46,69
46,517
47,67
46,216
46,8
46,33
46,74
46,29
47,55
46,14
47,89
46,32
46,84
47,28
46,72
21,1
12,47
46,3
47,41
46,97
47,90
46,6
46,39
46,133
46,82
47,762
46,11
47,27
46,21
46,125
46,765
47,44
46,769
47,43
46,768
47,135
46,183
46,190
46,68
46,161
46,159
46,124
46,92
46,234
46,168
46,246
38,147
47,531
46,134
46,66
46,153
46,106
46,60
46,77
46,20
46,22
46,2
46,10
46,93
43,45
46,109
47,101
47,78
46,131
47,58
46,157
46,144
46,24
46,103
46,35
1,146
46,62
47,48
46,18
47,767
46,13
46,87
47,36
47,17
46,37
45,63
46,83
46,9
46,16
46,42
47,136
47,766
47,339
47,205
47,71
46,396
46,178
46,52
47,222
47,356
46,116
31,107
46,474
46,96
46,511
47,534
46,314
46,204
47,138
46,91
46,151
46,50
63,139
46,148
27,88
46,38
46,111
47,80
47,86
46,210
46,61
46,12
46,117
46,73
46,186
46,75
47,620
47,105
46,165
46,85
46,104
47,187
46,163
46,121
47,95
46,169
46,108
47,56
46,143
31,164
46,113
47,129
37,233
46,226
46,759
46,619
46,94
46,59
46,49
46,119
46,34
46,4
46,160
46,250
46,495
40,158
46,245
46,457
46,171
46,217
21,170
46,57
46,99
14,53
39,674
39,371
14,145
14,118
14,167
14,174
14,156
38,130
