27,667
25,680
10,672
4,649
25,652
27,651
22,634
12,671
18,669
25,660
13,510
22,656
7,631
24,647
25,598
25,594
10,682
15,107
25,515
13,405
19,138
13,474
18,481
5,519
24,507
11,552
24,639
12,646
17,495
12,617
20,553
2,658
25,616
12,527
25,584
27,543
7,535
24,654
23,583
12,558
12,636
15,664
12,608
20,655
13,666
18,653
8,629
12,676
12,599
20,560
1,601
12,358
13,644
13,446
13,678
12,71
24,633
25,588
11,145
12,395
11,234
9,550
27,426
12,485
28,430
11,429
12,374
25,302
27,129
27,308
12,327
12,416
12,82
16,257
12,8
11,52
7,489
26,152
12,143
12,421
20,587
12,612
8,579
13,623
25,565
12,90
20,486
4,600
11,452
12,378
10,534
25,549
7,352
25,195
5,432
27,353
12,454
25,417
10,473
12,546
12,363
11,330
1,216
13,228
12,427
11,491
12,536
25,453
5,410
12,400
21,541
25,334
12,350
20,555
9,595
6,663
12,637
1,650
12,643
12,563
11,657
12,508
15,681
12,662
12,372
23,626
12,404
5,590
12,513
20,465
25,478
12,447
25,246
25,611
11,613
25,554
4,580
12,566
25,529
27,568
12,476
25,597
12,591
11,551
12,521
11,574
15,573
23,562
11,585
9,511
12,537
12,412
25,632
25,592
7,576
7,578
11,610
12,642
12,615
12,487
12,533
12,530
5,497
3,455
9,544
12,556
12,630
12,531
27,456
23,479
8,268
22,517
21,282
13,422
25,444
12,509
18,351
12,218
12,329
25,326
12,420
23,451
9,518
12,461
25,394
25,528
22,437
12,324
12,548
25,213
25,202
9,645
25,624
10,496
12,460
11,226
24,545
12,204
25,356
12,377
27,127
12,270
13,159
12,217
12,73
12,249
12,291
11,449
12,337
11,72
12,40
18,442
12,459
12,64
13,364
12,419
12,101
12,439
7,609
12,577
11,561
11,606
4,684
12,532
13,618
12,538
12,614
12,581
12,525
5,559
12,539
12,540
24,214
12,677
8,635
7,564
12,607
12,596
12,431
12,492
12,665
27,409
25,297
12,406
13,141
12,462
12,340
12,488
12,522
25,418
7,467
25,475
12,307
25,493
13,381
12,296
12,231
12,120
12,285
11,277
11,391
5,56
12,211
13,524
12,122
12,362
25,271
12,498
25,298
12,503
12,247
12,463
13,86
25,441
12,567
12,28
12,283
12,317
12,266
12,506
12,117
12,184
12,433
11,361
12,483
12,336
12,342
12,322
12,345
1,79
12,280
13,241
16,436
12,178
6,259
12,237
12,162
12,132
12,424
25,256
8,411
12,80
23,371
12,97
27,229
27,166
12,390
12,413
27,325
25,526
1,179
8,286
13,457
11,67
13,466
12,490
12,393
11,575
13,369
12,379
27,471
12,176
25,289
12,398
12,253
12,232
12,512
12,621
12,49
12,288
12,240
13,207
25,276
12,320
12,124
12,542
12,458
13,335
25,239
12,469
7,220
12,354
13,105
4,294
12,279
19,375
27,275
13,470
27,435
12,382
12,384
12,401
12,516
12,161
13,263
12,206
12,386
12,316
6,209
25,125
12,258
12,75
12,331
12,370
12,244
8,160
25,198
13,48
12,205
12,248
12,357
12,494
12,200
12,281
12,272
27,168
12,365
12,373
12,151
25,328
12,265
12,119
11,227
12,43
27,60
12,30
4,188
25,110
12,34
12,438
12,287
20,167
12,238
12,434
12,181
24,158
22,41
12,189
21,100
12,299
12,304
13,113
27,389
12,224
12,278
12,501
21,675
11,679
12,619
12,245
12,500
12,480
12,520
27,686
25,640
12,628
12,589
12,502
12,45
12,402
12,104
12,20
13,319
12,53
25,255
12,332
12,355
25,225
12,22
12,292
12,313
12,685
12,368
12,423
12,54
12,84
12,348
12,215
12,586
25,264
12,55
12,338
25,203
12,315
8,482
12,11
12,273
27,174
12,343
27,499
12,66
12,408
12,383
12,468
12,208
12,472
12,146
12,106
12,102
12,314
12,89
12,61
12,221
27,318
12,261
12,210
12,121
11,222
12,144
12,76
12,157
11,149
12,26
12,196
12,59
12,135
8,284
12,260
12,91
13,17
12,194
13,3
12,99
27,235
12,171
12,301
12,445
12,477
12,366
12,47
12,83
12,312
12,115
12,62
12,192
12,183
12,165
12,150
14,37
13,93
13,219
13,13
12,251
25,341
27,236
12,77
12,156
12,155
12,295
12,116
12,359
12,230
12,109
25,163
12,262
12,95
12,128
12,24
12,4
13,223
12,344
12,387
27,137
12,88
12,290
12,118
12,103
12,311
12,51
12,32
12,164
12,68
12,415
12,133
12,175
12,33
12,191
12,254
12,112
12,193
12,243
12,428
12,199
12,269
12,131
12,323
27,440
12,443
12,310
12,58
12,2
12,142
12,514
12,333
12,5
12,339
27,274
12,10
12,360
12,180
12,139
12,16
12,186
12,94
12,108
12,380
12,367
12,153
27,154
27,92
27,190
27,300
12,136
12,35
12,98
12,504
12,267
12,425
12,19
12,185
12,388
27,134
12,250
12,85
12,252
13,15
12,25
12,27
13,14
12,233
12,197
12,38
27,57
12,396
12,126
12,182
12,170
12,39
12,148
12,303
12,78
27,87
27,114
27,130
27,50
12,31
12,44
12,81
12,392
12,638
12,407
12,173
12,399
12,111
12,7
12,172
12,12
12,187
13,397
27,212
12,9
27,23
12,177
12,46
27,346
12,21
27,42
13,147
12,123
12,18
12,293
12,74
12,29
12,140
12,604
12,376
12,622
21,347
12,670
13,523
27,464
12,661
12,321
12,602
12,582
12,96
12,36
27,683
12,69
12,625
12,570
12,448
12,659
12,648
12,414
12,63
12,620
12,385
27,603
12,572
27,593
12,309
12,505
12,484
12,668
12,674
12,547
27,169
12,571
27,242
12,557
12,70
27,641
27,403
13,627
12,349
12,1
12,569
13,201
12,6
12,305
12,673
27,450
12,605
13,306
13,65
