1,825
17,1225
20,1247
20,1178
1,1182
17,1177
17,1222
1,996
1,1236
17,1239
20,1061
20,546
17,1097
17,1246
1,1112
1,856
1,1055
17,1185
17,1244
17,1046
17,1167
17,446
1,971
17,1229
1,1232
17,1224
1,987
1,1206
20,1184
17,520
1,1253
1,1179
1,968
17,1252
1,1077
17,1238
1,932
20,1191
20,1176
1,1085
17,619
17,988
17,913
20,1139
1,1140
17,1205
20,568
17,1223
1,1022
20,1148
20,414
1,776
17,670
20,1218
17,1168
20,1133
17,1195
20,667
20,804
1,623
20,964
17,1128
19,1159
1,632
1,865
1,783
20,586
17,843
20,1157
1,976
17,979
1,1033
16,1111
17,949
1,947
17,871
17,755
17,1132
20,516
1,502
17,322
1,1102
7,1180
17,901
17,937
17,848
17,1221
17,391
20,889
17,1203
19,1153
17,1169
17,535
17,1090
17,739
1,874
20,867
1,982
1,744
20,759
17,1149
1,407
17,1110
17,1109
1,1240
20,955
1,462
1,1227
1,727
17,558
3,1065
20,1219
17,1213
1,1135
17,1151
17,1241
1,615
17,1141
1,607
17,1173
1,270
17,752
19,765
17,1114
4,1188
1,767
1,894
19,594
1,1198
1,842
17,296
17,832
1,970
3,823
17,641
1,1142
17,785
17,773
17,725
17,1129
17,421
3,1117
1,1175
17,1234
1,1200
17,1230
1,1040
17,1212
20,1174
1,521
17,926
17,669
20,868
17,251
17,1171
17,1158
1,1120
17,466
17,927
1,675
1,552
5,940
20,792
1,1093
1,1044
1,455
1,571
17,981
17,953
10,510
3,1197
1,1030
17,1025
17,1026
1,1087
17,935
1,345
1,1215
8,529
17,1056
17,898
17,777
1,365
17,1201
4,1242
1,1235
1,951
20,756
17,797
17,610
17,1143
17,341
17,748
17,651
1,816
17,980
17,808
17,719
17,423
1,908
17,1125
17,1154
17,896
17,966
17,303
8,880
17,628
1,318
17,1181
1,1095
1,1138
17,872
17,1013
17,1192
17,1237
20,499
17,914
17,1243
17,794
17,1051
17,1103
1,1052
20,531
17,828
17,1163
17,1152
14,604
3,1228
3,385
2,1122
17,509
17,1194
20,1189
17,1116
9,1131
13,663
1,668
17,775
12,681
17,1001
17,995
17,1210
17,830
17,1127
17,1170
1,905
17,1130
17,1211
14,1078
17,409
17,1084
14,977
15,271
17,638
20,873
17,393
17,1193
17,1119
3,1092
17,672
17,699
17,403
4,892
17,1164
17,1049
3,1012
11,1249
17,1006
17,938
17,761
17,969
17,847
17,350
17,354
12,430
17,406
17,899
12,637
17,1126
17,993
17,1183
17,974
20,386
17,674
1,1144
17,1081
1,989
17,973
17,355
17,572
17,608
17,442
17,213
17,189
17,1220
17,286
1,272
17,513
3,309
17,850
17,508
17,852
17,737
17,944
17,1094
17,434
17,844
17,401
17,357
17,684
17,923
17,612
17,1079
17,702
20,616
17,720
17,500
17,860
17,321
17,791
17,904
17,811
17,717
17,232
17,734
17,1024
17,707
17,424
17,1075
17,729
17,269
17,747
17,602
17,790
1,419
17,538
17,240
17,360
17,362
17,489
17,273
17,329
17,1072
17,460
17,382
17,465
17,812
17,353
17,344
17,786
17,802
17,593
17,855
17,829
17,566
17,963
17,473
17,264
17,1156
17,965
17,554
17,1108
17,1136
17,939
17,408
17,343
17,585
17,447
17,262
17,916
17,936
17,858
17,550
17,439
17,461
3,247
17,644
1,945
17,718
17,486
17,338
17,551
17,664
17,478
17,528
17,577
17,656
17,870
6,1104
3,960
17,284
17,849
17,443
17,1004
17,781
17,250
17,879
17,691
17,763
17,706
17,1039
17,925
17,517
17,714
17,787
17,771
17,1050
17,220
17,890
17,692
17,503
17,1002
17,768
17,622
17,613
17,1123
17,475
17,324
17,745
17,1106
17,437
17,749
17,950
17,1187
17,754
1,713
17,1038
17,545
17,626
17,911
17,328
16,295
17,780
17,640
17,1034
17,203
17,201
14,444
17,441
17,560
17,840
17,857
17,959
17,582
17,736
17,906
17,900
3,511
17,798
17,770
17,1209
17,793
17,313
17,690
17,245
17,339
3,361
10,1003
17,796
17,620
17,415
17,716
17,351
17,288
17,396
17,305
17,789
17,479
17,603
17,530
17,834
17,310
17,555
17,693
17,268
17,910
17,526
17,817
17,1009
17,678
17,864
17,590
20,595
17,564
17,753
17,494
17,553
17,377
17,534
17,533
17,156
17,519
1,962
17,459
17,405
17,598
17,882
17,346
17,1019
17,398
17,512
17,1216
17,676
17,1186
17,639
17,501
17,922
17,1214
17,467
17,1035
17,1199
17,665
17,609
17,575
17,1029
17,983
17,601
1,381
17,199
17,645
17,492
17,930
17,687
17,998
17,347
17,282
17,741
17,1059
17,348
17,801
17,333
17,371
17,686
17,751
17,482
17,778
17,304
17,758
17,624
17,1060
17,184
17,174
17,204
17,562
17,1076
17,1172
17,760
17,319
1,234
17,853
17,942
17,1071
17,231
17,541
17,683
17,374
17,248
17,450
17,671
17,1010
1,573
17,182
17,148
17,1070
17,420
17,611
17,642
17,866
17,1018
17,722
17,402
17,144
17,81
17,158
17,180
17,312
17,334
17,135
17,958
17,515
17,428
17,155
17,113
17,146
17,118
17,139
17,173
17,196
17,138
17,218
17,862
17,1053
17,818
17,655
17,703
17,788
17,440
17,631
17,918
17,588
17,657
17,967
17,694
17,557
21,648
17,1047
17,934
17,306
17,367
17,876
17,505
17,289
17,316
17,984
17,618
17,1005
17,1100
17,454
17,1099
17,723
17,539
17,779
17,715
17,652
17,221
17,277
17,1020
17,799
17,731
17,1226
17,412
17,543
17,281
17,477
17,764
17,1000
17,659
17,294
17,456
17,504
17,822
17,358
17,733
17,851
17,827
17,1115
17,433
17,567
17,302
17,1107
17,366
17,359
17,1037
17,861
17,757
17,1165
17,885
17,774
17,909
17,952
17,330
17,845
17,488
17,1101
17,480
17,730
17,1063
17,709
17,394
17,831
17,742
17,743
17,810
17,915
17,1086
17,1150
17,666
17,524
17,833
17,795
17,819
17,649
17,917
17,507
17,411
17,311
17,416
17,314
17,495
17,474
17,746
17,425
17,1091
17,1096
17,721
17,1098
3,807
3,581
17,1008
17,634
14,711
17,308
17,336
17,895
1,836
17,1088
17,673
17,565
17,1146
17,1067
17,1137
17,946
17,1105
17,1204
17,370
17,451
17,929
17,536
17,893
17,331
17,498
17,547
17,696
17,436
17,682
17,954
17,1054
17,978
17,888
17,704
17,265
17,469
17,679
17,735
17,379
17,726
17,540
3,712
17,375
17,387
17,225
17,293
17,238
17,1048
17,592
17,578
17,903
17,1202
17,661
17,1166
17,383
17,1021
17,496
17,576
17,1155
17,869
17,803
17,327
17,907
17,589
17,1023
17,1162
17,897
17,636
17,491
17,453
17,548
17,468
17,838
17,485
17,732
17,878
17,1124
17,487
17,471
17,1118
17,1042
17,766
17,591
17,580
17,629
17,584
17,991
17,650
17,762
17,826
17,1069
17,912
17,369
17,997
17,606
17,373
17,242
17,332
17,452
17,404
17,902
17,556
17,212
17,859
17,532
17,633
17,990
17,689
17,323
17,214
17,563
17,839
20,256
17,1036
17,1073
17,449
3,1082
1,1031
17,614
17,708
17,527
17,384
17,941
17,400
17,349
17,685
17,846
17,325
17,887
17,627
17,597
17,948
17,646
17,260
17,368
17,291
17,472
17,975
1,740
17,986
14,388
17,630
17,587
17,418
3,884
17,933
17,579
17,806
17,992
17,464
17,92
17,215
17,417
17,202
17,654
17,257
17,399
17,643
17,1217
17,985
17,1017
17,463
17,600
17,1134
17,207
17,972
17,596
17,292
17,635
17,280
17,660
17,337
17,863
17,1043
17,647
17,583
17,1007
17,542
17,700
17,1064
1,490
17,800
17,710
17,1014
17,677
17,569
17,919
17,999
17,470
17,522
17,724
17,617
17,1058
17,784
17,301
17,181
17,924
17,431
17,931
17,883
17,782
17,920
17,680
17,886
17,599
17,653
17,1190
17,422
17,805
17,621
17,1028
17,192
17,881
17,380
17,352
17,891
17,1041
17,525
17,769
17,243
17,875
17,957
17,484
17,658
17,1068
17,326
17,820
17,435
17,1032
17,317
17,276
17,427
17,943
17,290
17,570
17,476
17,320
17,497
17,662
17,410
17,523
17,815
17,824
17,364
17,506
17,274
17,413
17,226
17,395
17,854
17,481
17,169
17,224
17,397
17,209
17,307
17,152
17,71
17,76
12,1290
17,86
17,194
17,688
17,356
3,258
17,544
17,124
17,1062
17,122
17,176
17,429
17,340
17,1207
17,197
17,140
17,537
17,1045
17,1147
17,1089
17,1066
17,342
17,445
17,1080
17,198
17,205
17,363
17,625
17,1208
17,559
17,728
17,574
17,821
17,921
17,1113
17,695
17,254
17,103
1,85
17,219
17,90
17,101
17,168
17,95
17,772
17,78
17,46
17,120
17,137
17,300
17,94
17,372
17,928
17,93
17,151
1,261
17,77
17,55
17,514
17,279
1,131
17,154
17,244
17,217
17,104
17,30
17,10
17,74
17,110
17,88
17,68
1,132
17,57
17,87
17,36
17,116
17,193
17,43
17,1273
17,62
17,1276
17,22
17,1284
17,1277
17,24
17,1279
17,19
17,41
17,7
17,34
17,1298
17,1289
17,48
17,18
17,115
17,21
17,141
17,1283
17,6
17,1278
17,2
19,14
17,159
17,191
17,53
17,84
17,1272
17,190
17,20
17,1297
17,1282
17,1291
17,42
17,1145
17,26
17,13
17,1015
17,392
3,750
17,241
17,298
17,73
17,432
17,1260
17,1255
17,1254
17,1258
3,1259
17,1264
17,1257
17,1261
17,1256
17,1263
17,1262
17,701
17,252
17,438
17,837
17,249
17,227
17,253
17,206
17,179
17,235
17,170
17,458
17,267
17,239
17,275
17,956
17,278
17,236
17,89
17,51
17,61
17,44
17,216
17,283
17,483
17,255
17,47
17,50
17,39
17,153
17,3
1,38
17,69
17,12
17,315
17,11
17,1270
17,54
17,163
17,188
17,223
17,112
17,809
17,67
17,29
17,149
17,58
17,1275
17,106
17,56
17,233
17,97
17,1285
17,1271
17,1286
17,79
17,4
17,59
17,100
17,1299
17,1057
17,1161
17,1268
17,91
17,63
17,1245
17,128
17,123
17,605
17,83
1,389
19,147
17,814
17,178
17,25
17,177
17,70
17,160
17,493
17,164
17,426
17,167
17,33
17,31
17,1274
17,1281
17,166
17,35
17,1266
17,1294
17,60
17,105
17,15
17,107
17,102
17,80
17,1265
17,72
17,8
17,17
17,5
17,23
17,186
17,65
17,1292
17,45
3,1
17,16
17,1295
17,52
17,37
17,1280
17,1296
17,1293
17,1288
17,1267
17,165
17,9
17,1269
17,285
17,195
17,1287
17,187
17,108
17,136
17,49
17,121
17,64
17,161
17,222
17,175
17,1233
17,877
17,994
17,549
17,126
17,183
17,561
17,130
17,119
17,96
3,109
17,28
1,66
17,117
17,27
17,82
17,127
17,75
17,40
17,150
17,208
17,98
17,145
17,143
19,1160
17,211
17,297
3,99
17,1011
3,172
3,32
17,1300
17,378
18,1121
18,287
18,237
18,133
18,200
18,335
18,114
18,518
18,1027
18,705
18,1016
1,210
1,835
1,129
19,157
1,246
20,230
20,1074
17,738
17,1083
1,457
20,259
17,697
17,142
17,1231
17,1250
1,171
1,448
17,1248
17,1251
17,698
20,813
20,1196
1,266
1,841
17,228
17,299
17,111
1,376
1,134
1,961
1,229
1,390
17,125
17,263
20,185
1,162
