6,667
4,680
1,672
1,649
4,652
6,651
3,634
1,671
3,669
4,660
1,510
3,656
1,631
4,647
4,598
4,594
1,682
2,107
4,515
1,405
3,138
1,474
3,481
1,519
4,507
1,552
4,639
1,646
2,495
1,617
3,553
1,658
4,616
1,527
4,584
6,543
1,535
4,654
4,583
1,558
1,636
2,664
1,608
3,655
1,666
3,653
1,629
1,676
1,599
3,560
1,601
1,358
1,644
1,446
1,678
1,71
4,633
4,588
1,145
1,395
1,234
1,550
6,426
1,485
6,430
1,429
1,374
4,302
6,129
6,308
1,327
1,416
1,82
2,257
1,8
1,52
1,489
5,152
1,143
1,421
3,587
1,612
1,579
1,623
4,565
1,90
3,486
1,600
1,452
1,378
1,534
4,549
1,352
4,195
1,432
6,353
1,454
4,417
1,473
1,546
1,363
1,330
1,216
1,228
1,427
1,491
1,536
4,453
1,410
1,400
3,541
4,334
1,350
3,555
1,595
1,663
1,637
1,650
1,643
1,563
1,657
1,508
2,681
1,662
1,372
4,626
1,404
1,590
1,513
3,465
4,478
1,447
4,246
4,611
1,613
4,554
1,580
1,566
4,529
6,568
1,476
4,597
1,591
1,551
1,521
1,574
2,573
4,562
1,585
1,511
1,537
1,412
4,632
4,592
1,576
1,578
1,610
1,642
1,615
1,487
1,533
1,530
1,497
1,455
1,544
1,556
1,630
1,531
6,456
4,479
1,268
3,517
3,282
1,422
4,444
1,509
3,351
1,218
1,329
4,326
1,420
4,451
1,518
1,461
4,394
4,528
3,437
1,324
1,548
4,213
4,202
1,645
4,624
1,496
1,460
1,226
4,545
1,204
4,356
1,377
6,127
1,270
1,159
1,217
1,73
1,249
1,291
1,449
1,337
1,72
1,40
3,442
1,459
1,64
1,364
1,419
1,101
1,439
1,609
1,577
1,561
1,606
1,684
1,532
1,618
1,538
1,614
1,581
1,525
1,559
1,539
1,540
4,214
1,677
1,635
1,564
1,607
1,596
1,431
1,492
1,665
6,409
4,297
1,406
1,141
1,462
1,340
1,488
1,522
4,418
1,467
4,475
1,307
4,493
1,381
1,296
1,231
1,120
1,285
1,277
1,391
1,56
1,211
1,524
1,122
1,362
4,271
1,498
4,298
1,503
1,247
1,463
1,86
4,441
1,567
1,28
1,283
1,317
1,266
1,506
1,117
1,184
1,433
1,361
1,483
1,336
1,342
1,322
1,345
1,79
1,280
1,241
2,436
1,178
1,259
1,237
1,162
1,132
1,424
4,256
1,411
1,80
4,371
1,97
6,229
6,166
1,390
1,413
6,325
4,526
1,179
1,286
1,457
1,67
1,466
1,490
1,393
1,575
1,369
1,379
6,471
1,176
4,289
1,398
1,253
1,232
1,512
1,621
1,49
1,288
1,240
1,207
4,276
1,320
1,124
1,542
1,458
1,335
4,239
1,469
1,220
1,354
1,105
1,294
1,279
3,375
6,275
1,470
6,435
1,382
1,384
1,401
1,516
1,161
1,263
1,206
1,386
1,316
1,209
4,125
1,258
1,75
1,331
1,370
1,244
1,160
4,198
1,48
1,205
1,248
1,357
1,494
1,200
1,281
1,272
6,168
1,365
1,373
1,151
4,328
1,265
1,119
1,227
1,43
6,60
1,30
1,188
4,110
1,34
1,438
1,287
3,167
1,238
1,434
1,181
4,158
3,41
1,189
3,100
1,299
1,304
1,113
6,389
1,224
1,278
1,501
3,675
1,679
1,619
1,245
1,500
1,480
1,520
6,686
4,640
1,628
1,589
1,502
1,45
1,402
1,104
1,20
1,319
1,53
4,255
1,332
1,355
4,225
1,22
1,292
1,313
1,685
1,368
1,423
1,54
1,84
1,348
1,215
1,586
4,264
1,55
1,338
4,203
1,315
1,482
1,11
1,273
6,174
1,343
6,499
1,66
1,408
1,383
1,468
1,208
1,472
1,146
1,106
1,102
1,314
1,89
1,61
1,221
6,318
1,261
1,210
1,121
1,222
1,144
1,76
1,157
1,149
1,26
1,196
1,59
1,135
1,284
1,260
1,91
1,17
1,194
1,3
1,99
6,235
1,171
1,301
1,445
1,477
1,366
1,47
1,83
1,312
1,115
1,62
1,192
1,183
1,165
1,150
1,37
1,93
1,219
1,13
1,251
4,341
6,236
1,77
1,156
1,155
1,295
1,116
1,359
1,230
1,109
4,163
1,262
1,95
1,128
1,24
1,4
1,223
1,344
1,387
6,137
1,88
1,290
1,118
1,103
1,311
1,51
1,32
1,164
1,68
1,415
1,133
1,175
1,33
1,191
1,254
1,112
1,193
1,243
1,428
1,199
1,269
1,131
1,323
6,440
1,443
1,310
1,58
1,2
1,142
1,514
1,333
1,5
1,339
6,274
1,10
1,360
1,180
1,139
1,16
1,186
1,94
1,108
1,380
1,367
1,153
6,154
6,92
6,190
6,300
1,136
1,35
1,98
1,504
1,267
1,425
1,19
1,185
1,388
6,134
1,250
1,85
1,252
1,15
1,25
1,27
1,14
1,233
1,197
1,38
6,57
1,396
1,126
1,182
1,170
1,39
1,148
1,303
1,78
6,87
6,114
6,130
6,50
1,31
1,44
1,81
1,392
1,638
1,407
1,173
1,399
1,111
1,7
1,172
1,12
1,187
1,397
6,212
1,9
6,23
1,177
1,46
6,346
1,21
6,42
1,147
1,123
1,18
1,293
1,74
1,29
1,140
1,604
1,376
1,622
3,347
1,670
1,523
6,464
1,661
1,321
1,602
1,582
1,96
1,36
6,683
1,69
1,625
1,570
1,448
1,659
1,648
1,414
1,63
1,620
1,385
6,603
1,572
6,593
1,309
1,505
1,484
1,668
1,674
1,547
6,169
1,571
6,242
1,557
1,70
6,641
6,403
1,627
1,349
1,1
1,569
1,201
1,6
1,305
1,673
6,450
1,605
1,306
1,65
