5,753
5,746
5,76
4,762
4,775
5,512
5,668
5,486
4,706
5,696
5,758
5,699
2,780
4,260
2,711
4,691
3,499
4,796
5,45
5,130
2,206
4,89
3,669
7,632
5,735
5,703
5,724
5,790
4,756
5,782
3,754
4,169
2,777
2,716
5,759
5,761
3,123
2,755
4,774
4,663
5,661
5,788
5,583
4,511
5,739
3,694
3,577
4,690
6,606
2,752
4,767
5,747
7,685
4,383
5,766
3,63
4,713
2,468
4,127
5,679
5,741
3,750
5,672
3,619
5,727
7,742
3,693
3,722
5,717
7,714
5,528
3,504
5,608
3,660
3,510
5,605
5,698
3,728
5,634
5,635
5,526
1,574
5,502
2,417
5,372
5,537
6,473
5,432
5,544
3,282
5,589
5,337
3,557
5,224
5,710
3,721
4,626
5,385
5,529
5,405
5,395
5,426
5,617
4,595
5,671
2,552
5,515
5,666
2,667
7,551
2,615
5,603
5,683
4,522
2,569
3,680
7,505
3,627
4,516
3,723
5,686
5,466
5,719
2,725
5,689
5,637
5,564
5,568
5,286
5,306
4,464
4,453
6,436
5,313
4,28
5,329
5,77
5,218
5,268
5,494
5,440
5,514
5,449
5,769
5,378
5,65
5,783
5,598
2,700
5,625
5,720
5,654
5,662
5,452
5,597
3,256
5,438
5,105
3,240
8,673
3,590
5,612
5,638
5,533
2,622
7,565
5,563
5,664
5,506
2,670
5,692
5,675
5,348
5,541
5,381
5,459
3,584
5,618
4,548
2,546
7,650
2,384
5,408
5,358
5,312
3,779
2,27
6,642
5,718
5,441
5,740
5,592
5,300
5,518
5,227
5,211
5,628
5,213
1,99
3,443
5,639
2,677
2,35
7,155
5,392
5,195
5,98
5,174
3,30
4,462
5,237
5,393
5,422
5,226
5,542
3,298
2,376
5,294
5,305
4,580
6,198
4,331
4,336
5,134
5,192
5,315
5,196
6,682
5,540
5,591
4,148
5,391
4,271
5,547
6,567
2,653
5,704
5,418
5,280
5,630
5,415
5,463
2,687
4,594
5,357
5,360
7,434
5,550
3,629
3,536
2,490
5,368
4,140
5,520
3,125
5,302
5,458
7,11
5,100
5,517
4,141
2,343
4,480
4,308
5,325
5,461
3,245
5,623
6,531
3,364
5,497
5,521
3,534
5,684
4,460
2,601
4,620
3,543
5,715
5,139
5,420
5,212
4,142
4,610
4,651
5,586
2,151
5,425
4,423
2,508
7,73
5,401
5,347
5,539
5,498
5,399
5,561
5,538
5,640
5,621
5,487
5,475
5,649
5,562
5,575
5,571
5,611
5,316
5,648
3,633
7,712
5,442
5,613
5,407
5,350
5,409
5,554
3,410
3,489
2,122
2,176
2,448
5,607
5,501
5,695
3,614
7,532
5,446
5,560
5,301
5,194
5,205
4,207
3,162
5,582
5,335
5,168
2,143
5,208
2,369
5,103
5,588
5,573
5,397
7,281
7,555
5,248
5,307
4,344
5,108
2,25
2,332
3,279
2,362
2,230
5,55
5,12
5,363
5,530
5,323
3,81
5,373
5,513
5,545
5,328
5,527
4,173
5,375
5,152
5,394
3,219
5,359
5,604
4,479
5,341
5,587
5,299
5,330
3,241
5,234
5,370
5,471
5,600
5,503
5,412
2,636
2,467
2,658
2,674
2,193
5,470
5,36
5,8
5,201
5,20
5,246
5,214
4,69
5,435
2,292
5,437
4,295
2,225
3,197
5,317
2,238
5,356
5,112
5,94
5,297
5,60
5,95
7,183
5,342
5,43
2,85
5,191
5,274
4,215
5,189
9,164
5,175
5,101
7,19
5,167
5,411
2,239
2,760
7,652
3,86
2,396
5,365
2,380
5,107
5,229
5,153
5,377
5,158
5,456
5,293
5,483
5,137
5,172
2,252
2,52
5,190
6,304
5,303
5,257
2,314
4,146
5,171
5,92
2,91
4,382
5,79
2,414
5,185
5,145
5,147
5,265
5,113
5,150
5,7
2,129
5,242
5,26
5,138
7,309
5,477
5,157
7,184
5,41
2,10
5,136
2,254
5,2
3,126
5,154
5,61
4,266
2,3
5,144
7,71
2,128
5,272
5,439
2,178
5,121
5,102
2,643
2,339
2,324
5,83
5,80
2,88
5,296
5,288
5,259
7,6
5,42
5,495
5,232
5,163
5,1
5,366
2,4
5,261
3,29
5,119
5,519
5,289
5,419
5,51
5,48
5,402
5,22
5,54
4,40
5,97
5,333
5,32
3,578
2,602
2,131
5,135
5,57
5,132
5,18
5,14
5,179
5,275
5,349
5,283
2,455
5,481
5,285
5,210
5,59
5,104
5,9
5,263
5,39
5,284
5,220
5,5
5,233
5,264
2,223
5,222
5,398
5,576
2,451
5,231
5,253
4,374
5,16
2,556
2,277
5,367
5,244
5,44
5,114
5,353
5,318
2,90
5,120
5,186
5,523
2,249
5,118
7,68
5,93
5,64
5,404
4,267
5,250
4,310
2,361
5,430
2,177
5,72
5,371
5,78
2,270
5,273
5,31
5,47
5,62
5,17
5,96
5,161
7,74
5,334
5,46
2,156
5,116
5,23
2,75
5,56
5,216
4,326
5,255
5,67
5,37
5,478
5,278
5,159
2,209
5,379
5,200
5,509
5,319
5,235
5,447
7,221
5,228
5,188
5,702
5,49
5,269
5,133
5,87
2,428
5,688
5,581
5,596
5,389
5,655
5,553
7,599
5,549
5,641
5,570
5,124
5,646
5,579
5,388
5,676
5,624
2,678
5,705
5,287
7,482
7,387
2,525
7,491
5,492
5,485
5,558
5,400
5,406
5,416
5,390
2,465
2,665
2,450
5,165
2,322
5,496
5,320
5,170
5,354
5,352
2,431
5,58
5,243
5,340
5,559
5,444
5,609
5,457
5,403
5,507
5,276
2,476
5,38
2,202
5,351
5,355
7,433
5,111
5,109
5,338
5,50
5,182
5,203
2,33
5,386
5,474
5,795
5,701
5,781
5,262
5,792
5,794
2,793
5,770
5,290
5,115
2,524
6,34
5,13
5,21
2,15
5,708
7,797
2,737
2,736
5,180
5,786
5,773
5,745
5,771
5,734
5,709
5,731
5,772
5,251
5,743
5,236
5,748
5,749
5,798
5,787
7,445
5,187
5,217
7,732
7,493
2,566
2,657
7,656
2,454
5,427
2,585
2,535
7,659
5,697
5,149
5,84
5,789
2,321
2,744
2,488
5,106
5,199
2,82
2,751
5,429
7,616
5,785
5,593
5,778
5,469
5,765
7,484
5,738
5,204
5,311
5,733
5,726
7,327
7,729
7,345
5,258
5,730
7,707
5,631
2,768
2,500
2,644
2,791
5,110
5,681
7,166
5,764
7,424
5,757
5,413
2,647
5,784
5,472
7,763
7,776
2,572
2,66
5,53
2,117
5,645
7,70
2,247
2,346
2,181
2,24
5,291
2,421
2,160
