59,753
58,746
61,76
33,762
41,775
60,512
50,668
70,486
41,706
57,696
81,758
80,699
11,780
39,260
11,711
47,691
20,499
39,796
67,45
70,130
11,206
32,89
28,669
92,632
80,735
51,703
74,724
76,790
33,756
78,782
19,754
35,169
4,777
11,716
72,759
85,761
31,123
5,755
41,774
32,663
55,661
60,788
69,583
45,511
76,739
28,694
19,577
34,690
90,606
10,752
33,767
53,747
96,685
32,383
80,766
26,63
40,713
6,468
41,127
68,679
61,741
19,750
76,672
25,619
76,727
96,742
30,693
24,722
70,717
94,714
61,528
22,504
81,608
28,660
29,510
76,605
76,698
21,728
54,634
60,635
80,526
1,574
60,502
11,417
69,372
87,537
90,473
60,432
76,544
24,282
53,589
53,337
24,557
68,224
68,710
20,721
32,626
71,385
73,529
81,405
67,395
63,426
83,617
41,595
76,671
13,552
65,515
80,666
10,667
96,551
10,615
68,603
50,683
46,522
11,569
28,680
96,505
24,627
33,516
24,723
63,686
82,466
76,719
8,725
81,689
61,637
76,564
62,568
50,286
76,306
40,464
40,453
90,436
79,313
40,28
57,329
53,77
56,218
81,268
81,494
81,440
81,514
83,449
61,769
52,378
53,65
52,783
81,598
11,700
50,625
81,720
80,654
65,662
61,452
72,597
28,256
55,438
64,105
18,240
97,673
28,590
83,612
59,638
67,533
8,622
96,565
67,563
83,664
76,506
7,670
53,692
53,675
80,348
78,541
67,381
82,459
23,584
62,618
39,548
11,546
91,650
4,384
68,408
55,358
52,312
24,779
11,27
89,642
67,718
53,441
69,740
79,592
84,300
83,518
71,227
79,211
70,628
79,213
2,99
17,443
70,639
5,677
4,35
96,155
83,392
76,195
83,98
83,174
17,30
38,462
73,237
81,393
73,422
70,226
67,542
26,298
11,376
76,294
80,305
41,580
88,198
44,331
44,336
76,134
70,192
78,315
73,196
88,682
65,540
80,591
42,148
59,391
41,271
84,547
88,567
11,653
78,704
68,418
66,280
76,630
84,415
51,463
6,687
45,594
81,357
70,360
91,434
83,550
24,629
23,536
11,490
53,368
43,140
57,520
30,125
76,302
53,458
96,11
60,100
76,517
33,141
11,343
41,480
44,308
50,325
61,461
23,245
76,623
90,531
21,364
81,497
62,521
19,534
69,684
39,460
5,601
48,620
18,543
80,715
81,139
83,420
76,212
37,142
41,610
38,651
76,586
8,151
60,425
33,423
11,508
93,73
70,401
64,347
78,539
70,498
60,399
68,561
78,538
84,640
73,621
83,487
81,475
53,649
53,562
78,575
76,571
83,611
81,316
56,648
23,633
96,712
75,442
76,613
53,407
79,350
82,409
70,554
24,410
15,489
7,122
12,176
7,448
80,607
60,501
81,695
27,614
96,532
80,446
76,560
84,301
79,194
80,205
35,207
28,162
83,582
79,335
76,168
10,143
60,208
6,369
84,103
68,588
81,573
83,397
96,281
91,555
81,248
76,307
37,344
82,108
10,25
9,332
24,279
9,362
10,230
68,55
81,12
75,363
80,530
81,323
23,81
80,373
80,513
81,545
65,328
59,527
49,173
81,375
83,152
84,394
22,219
76,359
80,604
47,479
80,341
78,587
65,299
76,330
17,241
65,234
76,370
54,471
76,600
75,503
76,412
3,636
8,467
8,658
8,674
8,193
81,470
71,36
78,8
80,201
76,20
65,246
83,214
44,69
81,435
8,292
81,437
32,295
5,225
23,197
76,317
8,238
82,356
75,112
82,94
82,297
66,60
84,95
96,183
52,342
81,43
8,85
76,191
81,274
33,215
81,189
98,164
78,175
81,101
96,19
81,167
76,411
11,239
8,760
96,652
23,86
6,396
76,365
10,380
81,107
70,229
76,153
70,377
76,158
62,456
76,293
73,483
82,137
73,172
6,252
11,52
82,190
88,304
82,303
76,257
8,314
42,146
76,171
76,92
11,91
37,382
64,79
6,414
81,185
77,145
81,147
81,265
78,113
81,150
76,7
8,129
76,242
84,26
76,138
96,309
84,477
84,157
96,184
76,41
3,10
82,136
5,254
56,2
18,126
80,154
81,61
37,266
8,3
64,144
96,71
8,128
76,272
82,439
14,178
82,121
81,102
8,643
8,339
11,324
76,83
60,80
7,88
81,296
81,288
76,259
96,6
82,42
76,495
84,232
76,163
76,1
76,366
5,4
81,261
16,29
76,119
76,519
76,289
80,419
76,51
76,48
76,402
81,22
73,54
33,40
81,97
81,333
76,32
24,578
11,602
8,131
76,135
80,57
76,132
76,18
80,14
81,179
82,275
76,349
81,283
11,455
81,481
76,285
82,210
81,59
81,104
76,9
78,263
81,39
76,284
80,220
75,5
81,233
75,264
8,223
81,222
76,398
76,576
8,451
82,231
83,253
47,374
76,16
8,556
6,277
82,367
82,244
82,44
76,114
76,353
76,318
11,90
81,120
76,186
76,523
8,249
82,118
96,68
83,93
76,64
82,404
42,267
76,250
35,310
8,361
79,430
8,177
83,72
76,371
75,78
11,270
81,273
84,31
83,47
76,62
76,17
81,96
73,161
96,74
81,334
76,46
8,156
76,116
76,23
8,75
84,56
81,216
36,326
76,255
80,67
76,37
76,478
82,278
76,159
6,209
81,379
82,200
76,509
82,319
82,235
76,447
96,221
76,228
75,188
76,702
81,49
82,269
76,133
81,87
8,428
76,688
76,581
76,596
73,389
81,655
81,553
96,599
76,549
82,641
76,570
76,124
84,646
76,579
76,388
72,676
82,624
8,678
74,705
60,287
96,482
95,387
8,525
96,491
82,492
82,485
75,558
81,400
86,406
81,416
76,390
8,465
11,665
11,450
84,165
11,322
76,496
76,320
76,170
76,354
76,352
8,431
76,58
76,243
76,340
76,559
76,444
76,609
76,457
76,403
84,507
76,276
8,476
72,38
8,202
76,351
76,355
96,433
81,111
76,109
81,338
76,50
76,182
81,203
8,33
76,386
76,474
76,795
76,701
76,781
76,262
82,792
76,794
11,793
76,770
76,290
76,115
11,524
89,34
76,13
81,21
8,15
76,708
96,797
11,737
11,736
76,180
76,786
82,773
76,745
76,771
81,734
76,709
76,731
74,772
76,251
76,743
76,236
76,748
76,749
76,798
76,787
96,445
76,187
76,217
96,732
96,493
11,566
11,657
96,656
11,454
76,427
11,585
11,535
96,659
76,697
73,149
76,84
76,789
11,321
12,744
11,488
76,106
76,199
11,82
11,751
76,429
96,616
76,785
76,593
76,778
76,469
76,765
96,484
76,738
76,204
86,311
76,733
76,726
96,327
96,729
96,345
76,258
76,730
96,707
76,631
11,768
11,500
11,644
11,791
76,110
76,681
96,166
76,764
96,424
74,757
76,413
11,647
76,784
76,472
96,763
96,776
11,572
11,66
76,53
11,117
76,645
96,70
11,247
11,346
11,181
11,24
76,291
11,421
11,160
