11,667
9,680
5,672
2,649
9,652
11,651
8,634
5,671
7,669
9,660
5,510
8,656
3,631
9,647
9,598
9,594
5,682
6,107
9,515
5,405
7,138
5,474
7,481
2,519
9,507
5,552
9,639
5,646
6,495
5,617
8,553
1,658
9,616
5,527
9,584
11,543
3,535
9,654
9,583
5,558
5,636
6,664
5,608
8,655
5,666
7,653
4,629
5,676
5,599
8,560
1,601
5,358
5,644
5,446
5,678
5,71
9,633
9,588
5,145
5,395
5,234
4,550
11,426
5,485
12,430
5,429
5,374
9,302
11,129
11,308
5,327
5,416
5,82
6,257
5,8
5,52
3,489
10,152
5,143
5,421
8,587
5,612
4,579
5,623
9,565
5,90
8,486
2,600
5,452
5,378
5,534
9,549
3,352
9,195
2,432
11,353
5,454
9,417
5,473
5,546
5,363
5,330
1,216
5,228
5,427
5,491
5,536
9,453
2,410
5,400
8,541
9,334
5,350
8,555
4,595
3,663
5,637
1,650
5,643
5,563
5,657
5,508
6,681
5,662
5,372
9,626
5,404
2,590
5,513
8,465
9,478
5,447
9,246
9,611
5,613
9,554
2,580
5,566
9,529
11,568
5,476
9,597
5,591
5,551
5,521
5,574
6,573
9,562
5,585
4,511
5,537
5,412
9,632
9,592
3,576
3,578
5,610
5,642
5,615
5,487
5,533
5,530
2,497
1,455
4,544
5,556
5,630
5,531
11,456
9,479
4,268
8,517
8,282
5,422
9,444
5,509
7,351
5,218
5,329
9,326
5,420
9,451
4,518
5,461
9,394
9,528
8,437
5,324
5,548
9,213
9,202
4,645
9,624
5,496
5,460
5,226
9,545
5,204
9,356
5,377
11,127
5,270
5,159
5,217
5,73
5,249
5,291
5,449
5,337
5,72
5,40
7,442
5,459
5,64
5,364
5,419
5,101
5,439
3,609
5,577
5,561
5,606
2,684
5,532
5,618
5,538
5,614
5,581
5,525
2,559
5,539
5,540
9,214
5,677
4,635
3,564
5,607
5,596
5,431
5,492
5,665
11,409
9,297
5,406
5,141
5,462
5,340
5,488
5,522
9,418
3,467
9,475
5,307
9,493
5,381
5,296
5,231
5,120
5,285
5,277
5,391
2,56
5,211
5,524
5,122
5,362
9,271
5,498
9,298
5,503
5,247
5,463
5,86
9,441
5,567
5,28
5,283
5,317
5,266
5,506
5,117
5,184
5,433
5,361
5,483
5,336
5,342
5,322
5,345
1,79
5,280
5,241
6,436
5,178
3,259
5,237
5,162
5,132
5,424
9,256
4,411
5,80
9,371
5,97
11,229
11,166
5,390
5,413
11,325
9,526
1,179
4,286
5,457
5,67
5,466
5,490
5,393
5,575
5,369
5,379
11,471
5,176
9,289
5,398
5,253
5,232
5,512
5,621
5,49
5,288
5,240
5,207
9,276
5,320
5,124
5,542
5,458
5,335
9,239
5,469
3,220
5,354
5,105
2,294
5,279
7,375
11,275
5,470
11,435
5,382
5,384
5,401
5,516
5,161
5,263
5,206
5,386
5,316
3,209
9,125
5,258
5,75
5,331
5,370
5,244
4,160
9,198
5,48
5,205
5,248
5,357
5,494
5,200
5,281
5,272
11,168
5,365
5,373
5,151
9,328
5,265
5,119
5,227
5,43
11,60
5,30
2,188
9,110
5,34
5,438
5,287
8,167
5,238
5,434
5,181
9,158
8,41
5,189
8,100
5,299
5,304
5,113
11,389
5,224
5,278
5,501
8,675
5,679
5,619
5,245
5,500
5,480
5,520
11,686
9,640
5,628
5,589
5,502
5,45
5,402
5,104
5,20
5,319
5,53
9,255
5,332
5,355
9,225
5,22
5,292
5,313
5,685
5,368
5,423
5,54
5,84
5,348
5,215
5,586
9,264
5,55
5,338
9,203
5,315
4,482
5,11
5,273
11,174
5,343
11,499
5,66
5,408
5,383
5,468
5,208
5,472
5,146
5,106
5,102
5,314
5,89
5,61
5,221
11,318
5,261
5,210
5,121
5,222
5,144
5,76
5,157
5,149
5,26
5,196
5,59
5,135
4,284
5,260
5,91
5,17
5,194
5,3
5,99
11,235
5,171
5,301
5,445
5,477
5,366
5,47
5,83
5,312
5,115
5,62
5,192
5,183
5,165
5,150
5,37
5,93
5,219
5,13
5,251
9,341
11,236
5,77
5,156
5,155
5,295
5,116
5,359
5,230
5,109
9,163
5,262
5,95
5,128
5,24
5,4
5,223
5,344
5,387
11,137
5,88
5,290
5,118
5,103
5,311
5,51
5,32
5,164
5,68
5,415
5,133
5,175
5,33
5,191
5,254
5,112
5,193
5,243
5,428
5,199
5,269
5,131
5,323
11,440
5,443
5,310
5,58
5,2
5,142
5,514
5,333
5,5
5,339
11,274
5,10
5,360
5,180
5,139
5,16
5,186
5,94
5,108
5,380
5,367
5,153
11,154
11,92
11,190
11,300
5,136
5,35
5,98
5,504
5,267
5,425
5,19
5,185
5,388
11,134
5,250
5,85
5,252
5,15
5,25
5,27
5,14
5,233
5,197
5,38
11,57
5,396
5,126
5,182
5,170
5,39
5,148
5,303
5,78
11,87
11,114
11,130
11,50
5,31
5,44
5,81
5,392
5,638
5,407
5,173
5,399
5,111
5,7
5,172
5,12
5,187
5,397
11,212
5,9
11,23
5,177
5,46
11,346
5,21
11,42
5,147
5,123
5,18
5,293
5,74
5,29
5,140
5,604
5,376
5,622
8,347
5,670
5,523
11,464
5,661
5,321
5,602
5,582
5,96
5,36
11,683
5,69
5,625
5,570
5,448
5,659
5,648
5,414
5,63
5,620
5,385
11,603
5,572
11,593
5,309
5,505
5,484
5,668
5,674
5,547
11,169
5,571
11,242
5,557
5,70
11,641
11,403
5,627
5,349
5,1
5,569
5,201
5,6
5,305
5,673
11,450
5,605
5,306
5,65
