3,462
3,334
3,437
3,570
3,596
3,564
3,213
3,405
3,374
3,419
3,415
3,357
3,403
3,396
3,295
3,291
3,394
3,414
3,603
3,527
3,493
3,263
3,382
3,439
3,339
3,387
3,363
3,255
3,207
3,337
3,362
3,408
3,298
3,401
3,253
3,356
3,384
3,413
3,368
3,317
3,286
3,325
3,389
3,488
3,432
3,297
3,257
3,379
3,388
3,311
3,573
3,453
3,391
3,509
3,407
3,380
3,395
3,134
3,423
3,463
3,305
3,179
3,233
3,468
3,404
3,452
3,461
3,321
3,443
3,445
3,385
3,381
3,429
3,377
3,544
3,517
3,543
2,434
3,557
3,524
3,569
3,538
3,539
3,560
3,568
3,498
3,410
3,265
3,276
3,520
3,326
3,549
3,536
3,597
3,446
3,608
3,282
3,307
3,426
4,537
3,571
3,598
3,360
3,402
3,607
3,440
3,427
3,430
3,469
3,361
3,567
3,559
3,555
3,599
3,457
3,575
3,578
3,422
3,167
3,260
3,482
3,467
3,523
3,474
3,518
3,460
3,485
3,466
3,484
3,478
3,476
5,458
3,604
3,616
3,398
3,561
3,358
3,315
3,438
3,456
3,546
3,565
3,455
3,352
3,448
3,375
3,424
3,487
3,450
3,181
3,617
3,470
3,428
3,320
3,481
3,601
3,581
3,412
3,496
3,500
3,505
3,610
3,492
3,591
3,586
3,503
3,605
3,472
3,519
3,522
3,441
3,347
3,247
3,587
3,600
3,525
3,589
3,313
3,551
3,308
3,281
3,563
3,491
3,324
3,494
3,431
3,535
3,506
3,489
3,471
3,486
3,531
3,270
3,508
3,365
3,582
3,261
3,572
3,206
3,333
3,201
3,444
3,238
3,532
3,244
3,515
3,228
3,590
3,274
3,275
3,293
3,214
3,550
3,355
3,300
3,367
3,376
3,372
3,553
3,230
3,222
3,310
3,198
3,435
3,383
3,169
3,287
3,548
3,272
3,386
3,204
3,306
3,364
3,335
3,354
3,359
3,514
3,199
3,436
3,323
3,399
3,177
3,235
3,328
3,521
3,547
3,196
3,256
3,417
3,301
3,187
3,231
3,353
3,421
3,473
3,454
3,344
3,219
3,322
3,397
3,371
3,400
3,237
3,449
3,366
3,451
3,442
3,285
3,176
3,545
3,269
3,280
3,409
3,416
3,172
3,420
3,192
3,223
3,392
3,530
3,507
3,585
3,584
3,528
3,574
3,350
3,533
3,369
3,592
3,162
3,343
3,232
3,259
3,346
3,224
3,211
3,502
3,227
3,266
3,327
3,243
3,252
3,378
3,197
3,290
3,215
3,248
3,314
3,336
3,342
3,296
3,288
3,338
3,370
3,168
3,225
3,229
3,279
3,292
3,341
3,318
3,526
3,241
3,249
3,110
3,216
3,283
3,475
3,542
3,299
3,490
3,351
3,240
3,303
3,656
3,330
3,329
3,316
3,319
3,294
3,271
3,579
3,529
3,411
3,497
3,309
3,390
3,234
3,312
3,254
3,264
3,418
3,111
3,251
3,149
3,146
3,128
3,138
3,178
3,191
3,166
3,96
3,593
3,103
3,139
3,144
3,217
3,210
3,208
3,194
3,158
3,153
3,159
3,157
3,140
3,104
3,566
3,101
3,130
3,556
3,125
3,480
3,106
3,145
3,425
3,459
3,107
3,245
3,332
3,331
3,203
3,189
3,477
3,117
3,170
3,302
3,115
3,349
3,273
3,122
3,226
3,513
3,340
3,501
3,594
3,595
3,534
3,611
3,161
3,156
3,221
3,123
3,180
3,188
3,127
3,108
3,82
3,588
3,160
3,70
3,541
3,193
3,202
3,183
3,209
3,246
3,133
3,174
3,200
3,182
3,348
3,433
3,464
3,583
3,465
3,554
3,576
3,602
3,606
3,147
3,218
3,483
3,53
3,447
3,504
3,552
3,609
3,540
3,580
3,577
3,258
3,406
3,615
3,612
3,620
3,619
3,63
3,499
3,129
3,562
3,164
3,81
3,61
3,190
3,236
3,155
3,220
3,5
3,11
3,49
3,284
3,345
3,479
3,510
3,653
3,495
3,262
3,267
3,242
3,250
3,660
3,558
3,304
3,34
3,32
3,126
3,12
3,18
3,77
3,25
3,23
3,95
3,47
3,36
3,88
3,121
3,31
3,33
3,118
3,87
3,175
3,185
3,69
3,28
3,30
3,114
3,72
3,119
3,20
3,19
3,85
2,26
3,24
3,98
3,56
3,38
3,21
3,22
3,86
3,43
3,73
3,75
3,65
3,44
3,79
3,74
3,116
3,105
3,55
3,58
3,135
3,93
3,154
3,165
3,57
3,278
3,212
3,124
3,137
3,52
3,120
3,68
3,71
3,143
3,60
3,163
3,195
3,39
3,59
3,268
3,131
3,92
3,91
3,67
3,42
3,64
3,89
3,6
3,3
3,14
3,99
3,41
3,35
3,141
3,7
3,9
3,16
3,136
3,277
3,15
3,8
3,50
3,90
3,48
3,184
3,51
3,37
3,1
3,2
3,4
3,13
3,46
3,151
3,171
3,186
3,173
3,239
3,29
3,27
3,112
3,97
3,66
3,83
3,152
3,17
3,10
3,76
3,54
3,373
3,142
3,150
3,113
3,205
3,148
3,80
3,102
3,109
3,40
3,62
3,94
3,84
3,45
3,655
3,659
3,393
3,650
3,613
2,649
3,516
3,289
3,647
5,621
5,614
5,511
5,100
5,636
5,622
5,626
5,632
5,634
5,642
5,624
5,633
5,646
5,623
5,631
5,635
5,641
5,643
5,630
5,628
5,625
5,648
5,638
5,644
5,640
3,627
5,645
3,639
3,629
2,637
1,132
3,662
1,661
3,652
3,658
1,657
1,654
3,618
3,651
1,512
1,78
