3,374
4,735
4,664
2,665
2,710
2,704
2,660
4,326
2,699
3,672
2,650
2,602
2,356
6,540
3,667
2,599
3,617
3,638
3,716
4,695
3,655
3,693
2,555
3,627
3,697
2,696
3,621
2,588
3,604
3,589
2,132
1,570
2,259
3,289
3,401
2,571
2,56
3,622
4,568
3,493
3,728
3,647
2,709
3,734
2,670
2,629
3,714
3,715
4,700
3,686
3,720
2,712
4,579
4,536
3,631
2,541
4,293
2,637
2,733
2,731
2,633
4,657
4,603
2,616
2,576
6,479
3,572
3,598
6,452
2,587
4,724
3,623
3,727
2,708
3,711
6,674
4,651
6,600
4,713
3,565
4,702
2,701
4,634
4,684
3,654
3,669
4,630
3,680
3,543
3,510
3,492
3,594
3,561
4,721
3,546
2,641
4,258
4,535
6,460
2,688
3,642
2,692
2,433
3,517
2,521
3,440
3,485
4,482
2,624
3,325
2,564
3,529
3,620
2,530
3,575
3,26
4,671
3,658
2,321
2,656
3,628
4,524
3,538
2,478
3,126
2,380
2,198
2,218
2,367
4,430
4,416
2,409
4,539
4,498
3,652
3,368
3,515
2,648
3,501
2,406
2,109
2,509
3,673
3,668
2,593
2,698
2,690
2,542
2,608
4,488
5,646
3,581
2,606
4,679
6,722
3,247
2,96
4,360
4,534
2,338
2,580
3,643
5,619
3,551
3,459
2,601
3,613
3,442
3,516
2,456
5,46
3,591
2,188
4,508
3,649
4,103
3,424
2,322
4,553
4,566
2,635
2,585
2,502
2,717
3,597
3,489
2,659
2,514
2,560
4,499
2,567
2,497
3,388
3,494
3,145
2,398
2,473
2,435
3,413
2,486
3,454
4,531
2,662
4,389
2,339
3,528
3,470
3,120
3,309
4,429
3,436
6,420
4,396
4,350
2,507
3,372
3,294
2,184
2,242
6,385
3,300
1,487
3,618
2,523
2,316
2,370
2,466
4,450
3,65
2,395
3,519
6,513
3,36
2,58
4,45
3,563
2,160
2,677
2,644
3,544
2,490
2,547
4,341
3,353
2,462
4,60
2,74
3,245
3,153
4,586
2,506
3,449
3,314
4,477
4,238
3,329
3,511
2,392
2,549
4,432
2,362
3,504
3,292
4,505
2,394
1,277
4,354
2,554
5,230
2,471
2,422
3,483
6,268
2,343
4,11
2,330
2,9
3,423
2,129
1,481
3,178
5,290
3,225
4,439
5,119
3,31
2,166
3,111
2,170
2,324
3,550
2,315
2,124
2,375
2,303
4,61
2,146
3,384
4,319
2,200
6,219
6,279
2,311
3,467
6,469
3,444
3,453
3,127
2,334
3,455
2,274
4,227
2,239
2,474
2,237
2,37
3,297
2,148
2,226
3,157
2,224
2,128
3,520
2,661
2,345
2,7
3,23
3,203
2,251
2,241
3,196
3,183
3,234
2,426
3,313
3,271
3,141
2,270
2,182
3,105
2,191
2,265
2,295
3,215
2,181
3,147
4,197
2,348
6,573
2,552
4,605
4,415
2,537
2,443
4,512
2,386
3,557
6,412
2,390
2,522
3,187
2,363
2,189
3,558
3,12
3,70
2,451
2,427
3,441
2,491
3,468
2,205
3,342
2,556
2,318
3,287
3,359
3,28
3,138
2,403
3,140
3,100
3,161
2,13
2,6
2,4
2,33
2,16
2,192
2,59
5,64
2,261
4,82
2,52
2,276
2,149
4,142
2,43
6,387
3,102
2,114
4,173
2,5
3,266
3,222
2,280
3,32
3,465
2,582
6,437
4,425
2,336
2,233
4,211
2,361
2,286
6,495
3,636
4,382
2,400
3,607
2,480
2,484
2,323
3,337
2,185
2,331
5,272
2,344
2,383
3,162
2,17
2,136
6,244
2,418
2,615
3,463
6,283
2,545
2,496
2,86
2,291
2,236
2,41
3,320
3,90
4,168
3,257
2,377
2,1
2,112
2,29
2,263
2,116
2,177
2,47
3,475
3,121
2,327
2,216
4,55
2,448
3,308
3,332
3,137
2,206
2,10
2,592
2,457
2,199
2,317
3,107
2,164
2,369
3,249
3,404
2,106
2,248
2,306
3,378
2,373
2,737
2,685
3,405
2,125
2,458
2,421
2,626
2,22
2,262
2,408
2,93
2,340
2,123
3,476
3,518
2,333
2,75
2,92
3,175
2,683
2,229
4,25
2,104
2,40
2,24
2,718
2,51
2,101
2,464
2,569
2,666
2,610
2,574
2,639
2,675
2,625
3,632
2,221
2,73
2,730
2,726
2,676
2,115
6,682
6,691
6,472
2,736
2,596
2,583
2,577
5,500
6,611
2,612
2,252
2,201
2,30
2,21
2,19
2,89
2,91
2,209
2,366
2,88
3,281
2,223
2,195
6,307
2,118
2,68
2,35
2,328
2,38
2,379
2,50
2,194
2,256
2,80
6,288
2,139
2,298
6,193
2,304
2,357
2,85
2,44
2,143
2,27
3,95
2,407
2,278
2,445
2,584
3,364
2,365
2,253
3,67
6,446
2,152
2,208
2,110
3,335
3,431
3,376
2,310
2,42
2,346
2,172
2,165
6,381
2,156
3,240
2,231
2,371
6,135
3,72
2,113
2,167
2,217
2,18
2,15
2,186
2,169
2,144
2,48
2,34
3,207
2,2
6,84
3,267
3,246
3,393
2,243
6,299
3,414
2,8
2,83
2,3
2,351
2,63
2,179
2,352
2,57
2,81
3,108
3,202
2,503
2,411
2,402
2,154
2,264
3,461
2,204
2,133
2,312
3,447
2,49
2,296
3,213
6,235
2,122
2,284
2,355
2,174
5,190
2,347
2,39
2,260
2,214
2,62
2,210
2,134
6,87
2,77
2,250
2,79
2,130
2,20
2,117
2,97
2,254
2,131
6,180
2,159
2,419
3,54
2,94
2,98
2,53
2,255
2,71
2,158
2,176
2,275
3,397
3,228
2,150
6,723
2,548
2,76
6,527
3,706
3,438
2,562
3,732
2,66
6,78
2,725
6,578
2,703
3,410
2,434
2,707
6,694
2,349
2,705
2,533
2,719
2,417
2,689
2,220
2,399
6,729
2,559
6,155
6,678
6,302
2,687
2,358
2,609
2,526
2,273
2,681
2,653
2,525
2,212
2,640
3,595
6,69
2,590
2,99
2,14
6,663
2,232
6,305
3,614
2,301
2,151
6,391
3,285
2,532
6,428
2,645
2,269
2,163
3,171
3,282
