80,374
103,735
101,664
41,665
46,710
41,704
27,660
101,326
21,699
77,672
18,650
32,602
40,356
125,540
51,667
41,599
79,617
51,638
61,716
91,695
83,655
82,693
27,555
82,627
82,697
17,696
54,621
37,588
80,604
83,589
16,132
3,570
41,259
50,289
63,401
19,571
23,56
62,622
94,568
82,493
80,728
70,647
43,709
53,734
19,670
17,629
81,714
52,715
106,700
57,686
82,720
44,712
86,579
90,536
78,631
17,541
99,293
19,637
41,733
19,731
25,633
96,657
101,603
41,616
19,576
122,479
71,572
63,598
121,452
32,587
86,724
64,623
83,727
19,708
82,711
122,674
93,651
122,600
91,713
58,565
99,702
42,701
101,634
103,684
53,654
80,669
93,630
61,680
61,543
80,510
61,492
82,594
82,561
86,721
54,546
17,641
92,258
86,535
125,460
39,688
82,642
48,692
17,433
82,517
8,521
82,440
73,485
100,482
17,624
71,325
22,564
80,529
64,620
48,530
83,575
80,26
91,671
63,658
15,321
17,656
78,628
111,524
82,538
14,478
82,126
17,380
24,198
26,218
21,367
91,430
92,416
17,409
108,539
97,498
72,652
79,368
78,515
37,648
56,501
37,406
9,109
43,509
53,673
52,668
17,593
25,698
5,690
26,542
44,608
85,488
115,646
71,581
19,606
105,679
122,722
69,247
26,96
87,360
89,534
19,338
38,580
79,643
113,619
76,551
68,459
22,601
65,613
80,442
51,516
13,456
112,46
68,591
47,188
95,508
82,649
87,103
80,424
20,322
101,553
98,566
4,635
8,585
27,502
17,717
79,597
51,489
33,659
17,514
34,560
95,499
6,567
41,497
56,388
57,494
60,145
27,398
12,473
17,435
75,413
25,486
83,454
105,531
27,662
108,389
28,339
77,528
49,470
71,120
61,309
97,429
79,436
124,420
106,396
94,350
4,507
78,372
51,294
17,184
25,242
122,385
82,300
1,487
60,618
26,523
15,316
26,370
24,466
84,450
82,65
19,395
66,519
126,513
79,36
10,58
107,45
80,563
24,160
19,677
24,644
66,544
27,490
17,547
102,341
79,353
19,462
103,60
17,74
82,245
82,153
93,586
27,506
83,449
71,314
92,477
86,238
58,329
80,511
17,392
17,549
94,432
41,362
82,504
80,292
104,505
6,394
1,277
103,354
18,554
117,230
9,471
9,422
79,483
124,268
24,343
87,11
44,330
19,9
71,423
25,129
2,481
60,178
114,290
80,225
110,439
115,119
79,31
30,166
56,111
17,170
15,324
80,550
19,315
17,124
17,375
7,303
106,61
23,146
56,384
102,319
17,200
119,219
122,279
25,311
59,467
127,469
82,444
60,453
78,127
17,334
70,455
25,274
108,227
10,239
19,474
13,237
19,37
74,297
30,148
25,226
80,157
17,224
17,128
79,520
13,661
17,345
17,7
78,23
62,203
19,251
18,241
79,196
78,183
82,234
24,426
71,313
79,271
79,141
17,270
17,182
82,105
19,191
28,265
18,295
79,215
26,181
68,147
95,197
11,348
122,573
17,552
101,605
101,415
19,537
19,443
95,512
17,386
59,557
122,412
31,390
17,522
79,187
19,363
34,189
71,558
71,12
61,70
17,451
17,427
82,441
19,491
67,468
17,205
82,342
17,556
25,318
70,287
80,359
82,28
57,138
17,403
68,140
79,100
79,161
25,13
17,6
33,4
45,33
17,16
17,192
33,59
115,64
19,261
103,82
19,52
19,276
17,149
84,142
17,43
122,387
79,102
17,114
105,173
37,5
82,266
82,222
17,280
55,32
82,465
17,582
122,437
105,425
33,336
17,233
102,211
33,361
17,286
122,495
80,636
88,382
17,400
82,607
19,480
21,484
17,323
79,337
10,185
36,331
116,272
17,344
17,383
71,162
19,17
17,136
122,244
17,418
17,615
79,463
122,283
15,545
17,496
29,86
17,291
33,236
25,41
71,320
71,90
109,168
78,257
19,377
19,1
35,112
17,29
25,263
17,116
24,177
17,47
75,475
82,121
17,327
17,216
104,55
19,448
80,308
82,332
79,137
19,206
25,10
29,592
25,457
17,199
19,317
83,107
17,164
24,369
78,249
82,404
19,106
17,248
17,306
79,378
20,373
17,737
19,685
79,405
17,125
17,458
19,421
17,626
17,22
19,262
29,408
17,93
17,340
17,123
79,476
80,518
17,333
17,75
17,92
83,175
17,683
17,229
105,25
19,104
19,40
19,24
17,718
17,51
17,101
17,464
19,569
33,666
19,610
17,574
17,639
17,675
17,625
82,632
19,221
26,73
17,730
33,726
19,676
17,115
124,682
123,691
122,472
17,736
17,596
17,583
17,577
115,500
122,611
17,612
17,252
17,201
33,30
17,21
17,19
17,89
17,91
17,209
17,366
19,88
80,281
17,223
19,195
122,307
19,118
13,68
17,35
33,328
17,38
19,379
17,50
30,194
33,256
34,80
122,288
17,139
17,298
122,193
19,304
17,357
17,85
17,44
17,143
17,27
82,95
17,407
17,278
17,445
33,584
82,364
17,365
17,253
83,67
122,446
17,152
17,208
17,110
79,335
83,431
71,376
17,310
19,42
17,346
17,172
17,165
125,381
17,156
75,240
17,231
17,371
121,135
83,72
17,113
17,167
17,217
17,18
17,15
17,186
17,169
17,144
33,48
17,34
79,207
17,2
123,84
82,267
83,246
83,393
17,243
120,299
80,414
17,8
17,83
19,3
17,351
17,63
17,179
17,352
17,57
17,81
82,108
82,202
17,503
17,411
17,402
17,154
17,264
82,461
17,204
17,133
17,312
79,447
17,49
17,296
82,213
124,235
17,122
17,284
17,355
19,174
118,190
17,347
17,39
17,260
17,214
17,62
17,210
17,134
124,87
17,77
17,250
17,79
17,130
17,20
17,117
17,97
26,254
17,131
126,180
17,159
17,419
82,54
17,94
17,98
17,53
17,255
17,71
17,158
17,176
17,275
82,397
83,228
19,150
122,723
17,548
17,76
124,527
83,706
82,438
17,562
82,732
17,66
122,78
17,725
122,578
17,703
83,410
17,434
17,707
122,694
17,349
17,705
17,533
17,719
17,417
17,689
17,220
17,399
122,729
17,559
122,155
122,678
122,302
17,687
17,358
17,609
17,526
17,273
17,681
17,653
17,525
17,212
17,640
82,595
122,69
17,590
17,99
17,14
122,663
17,232
122,305
83,614
17,301
17,151
122,391
83,285
17,532
122,428
17,645
17,269
17,163
83,171
82,282
