4,89
5,112
6,33
1,49
6,80
1,113
7,41
1,120
1,65
7,81
8,168
1,67
5,76
1,29
6,189
1,104
7,122
2,75
6,23
6,87
7,121
6,96
6,82
1,28
6,140
6,92
6,117
6,272
6,50
7,102
6,148
7,107
6,68
6,162
6,85
7,56
7,98
2,97
1,60
6,146
6,161
6,22
6,235
7,84
6,20
6,95
6,201
7,42
6,79
6,101
7,70
7,69
7,105
7,58
6,78
6,200
6,55
6,115
6,40
6,88
6,209
6,57
6,114
7,34
6,156
6,77
6,47
6,27
6,91
6,93
6,190
1,63
5,45
6,240
6,138
6,66
6,171
6,26
6,46
6,61
6,31
6,90
7,35
6,15
6,59
5,25
6,232
6,271
6,62
6,19
6,71
6,268
6,244
5,247
6,175
6,264
6,133
6,109
1,43
7,127
6,248
6,249
7,254
6,198
6,221
6,218
6,181
7,158
6,233
6,74
7,5
6,106
6,110
6,126
6,267
1,257
6,3
5,94
5,170
6,119
6,183
6,216
7,178
7,202
7,179
6,172
6,2
1,212
7,224
7,118
7,180
7,13
6,73
7,86
3,261
7,30
7,225
6,160
7,154
6,103
3,228
1,37
7,217
7,124
2,153
6,111
7,182
6,83
7,108
1,166
7,32
7,197
7,184
7,164
3,125
6,53
7,36
6,208
7,152
7,236
6,177
6,203
7,219
7,130
3,129
7,187
7,196
6,48
7,173
5,193
6,100
5,17
7,137
3,252
6,147
7,139
7,195
5,151
5,64
5,207
6,188
7,222
5,215
7,234
7,205
2,143
7,211
7,21
6,51
6,54
2,157
1,131
7,255
7,256
7,223
7,134
7,144
6,231
7,199
6,176
6,220
5,270
7,149
7,185
7,210
1,136
7,260
7,167
6,259
7,123
7,262
5,194
2,52
7,214
7,241
5,132
7,204
6,237
7,44
7,169
6,229
7,159
7,10
5,163
7,7
1,239
7,243
7,269
7,266
2,227
7,186
6,145
6,238
7,213
6,191
7,245
7,18
2,38
7,258
6,250
7,230
2,242
7,251
6,246
2,141
2,135
6,165
6,174
6,253
2,265
2,155
7,273
3,1
6,150
7,142
7,192
6,72
2,4
7,9
7,128
5,263
7,206
1,14
6,24
3,226
7,12
6,99
6,116
7,39
7,16
6,8
6,6
3,11
