26,712
26,728
26,737
41,724
26,701
26,600
57,618
26,508
25,646
26,654
26,656
28,505
26,719
26,739
26,643
25,669
26,664
26,504
59,686
26,616
26,729
26,677
58,596
26,633
58,734
55,718
26,715
26,723
26,702
58,545
26,685
26,671
26,722
41,571
26,406
26,720
26,512
23,756
26,735
60,727
26,370
25,546
26,364
26,427
26,621
58,564
26,351
26,521
39,632
22,732
59,687
22,659
13,526
26,604
26,731
36,705
12,615
26,601
38,506
26,672
24,714
26,611
26,644
58,708
58,479
26,648
26,559
26,588
26,547
58,710
22,667
26,581
29,469
26,553
30,647
58,636
26,638
26,562
26,688
23,585
58,520
26,262
25,630
26,560
19,613
23,419
26,699
23,476
26,590
26,456
22,529
26,570
26,623
38,662
33,272
22,401
26,524
55,403
11,609
58,321
26,346
26,649
26,645
18,386
17,368
26,661
22,652
37,706
26,461
93,284
23,625
58,550
14,586
58,670
26,634
22,610
28,703
4,543
41,683
54,352
34,721
58,568
58,363
26,208
26,535
89,541
26,379
56,497
14,418
45,528
26,444
53,640
26,695
26,607
26,655
25,591
80,680
22,573
21,673
52,696
49,593
100,400
15,709
26,658
3,657
26,540
26,446
21,393
85,319
73,453
22,660
58,438
26,462
75,507
47,744
43,675
26,287
7,264
26,192
5,484
26,679
73,347
35,460
15,605
17,390
64,382
42,405
26,236
32,454
10,578
9,247
58,488
53,378
44,522
77,407
73,425
73,502
22,330
58,373
77,276
73,483
77,285
26,274
73,435
75,491
31,249
20,415
76,515
73,441
26,514
84,374
73,486
79,327
92,381
77,377
73,487
73,429
77,574
83,542
77,463
75,525
77,450
76,455
22,493
22,220
73,238
77,320
73,243
73,413
23,387
73,316
73,354
77,443
57,492
51,397
26,189
9,412
58,150
96,404
73,248
77,537
22,241
73,385
77,299
73,211
40,408
73,232
73,306
66,430
77,464
73,577
73,494
16,567
26,258
73,384
73,255
77,627
73,235
73,270
73,181
73,177
77,532
73,594
71,608
7,421
26,296
73,383
73,694
73,414
5,503
77,411
73,556
73,442
77,513
73,361
77,642
86,209
73,329
73,348
77,325
77,475
73,227
77,449
73,283
77,436
73,307
77,239
73,162
77,266
73,434
82,212
73,297
77,196
73,184
75,301
73,223
74,345
73,259
77,500
77,197
48,490
77,579
73,554
73,392
73,641
76,576
73,480
73,228
77,290
73,288
77,253
91,372
77,440
78,350
77,225
73,375
73,252
69,278
73,176
77,598
73,575
77,395
50,626
77,472
77,416
73,231
73,206
77,595
77,240
81,628
77,561
77,268
77,582
22,277
77,275
73,154
77,201
77,603
73,185
73,750
73,747
77,755
77,745
77,758
73,653
77,760
73,757
77,753
73,742
73,748
77,752
77,746
77,749
77,751
59,743
80,761
26,523
77,552
22,527
77,467
65,332
77,549
77,451
77,530
73,353
73,366
73,221
73,359
77,256
73,322
73,555
73,254
77,280
73,202
77,485
22,291
77,237
98,355
77,300
77,424
73,340
77,519
73,580
73,459
77,389
77,614
77,282
73,544
91,265
73,433
1,380
73,289
73,589
73,305
73,439
77,651
73,311
73,309
73,637
77,639
73,445
73,224
73,668
73,344
73,597
73,587
73,251
77,207
77,315
73,230
77,631
73,195
73,312
77,295
73,698
22,516
73,388
77,313
77,612
73,399
73,509
77,563
73,367
73,583
73,557
73,409
73,716
73,398
77,394
77,622
73,432
73,437
73,465
73,635
73,458
73,410
87,293
73,468
73,539
26,267
73,334
97,349
77,343
77,362
73,428
91,606
73,338
77,302
73,260
73,242
88,357
77,308
77,342
73,518
73,717
73,331
77,182
73,175
77,279
73,261
73,365
73,689
73,510
73,551
77,423
73,304
56,326
76,318
73,726
73,697
77,269
77,681
73,707
73,317
73,617
73,693
8,692
77,629
77,725
73,730
73,676
73,496
73,323
73,666
77,736
77,691
77,733
77,569
73,682
77,665
77,489
73,538
56,548
22,402
73,599
73,481
94,263
97,452
73,572
73,482
77,584
77,558
73,498
73,213
77,501
73,200
73,391
73,376
77,624
73,704
73,324
73,678
73,273
73,360
6,180
77,470
73,690
77,198
92,333
73,740
77,466
73,471
73,328
73,294
73,188
73,286
73,448
73,203
77,193
77,244
22,592
73,684
73,565
73,663
73,536
77,298
26,137
77,336
77,341
73,166
73,229
73,310
77,271
73,199
73,763
73,764
77,754
73,149
73,191
77,257
26,194
73,499
90,110
22,292
73,426
67,369
73,477
77,602
77,219
73,422
73,478
73,358
73,142
77,711
73,533
73,126
73,431
77,417
77,64
73,112
77,172
77,65
73,114
73,25
77,218
73,81
77,741
77,122
73,23
73,46
73,152
73,566
77,30
73,70
70,123
58,179
73,76
73,100
77,7
73,214
73,128
77,473
73,447
73,335
73,650
73,19
73,51
73,770
73,40
77,98
73,26
73,173
77,132
77,120
73,700
73,738
77,303
73,215
77,155
73,713
73,281
71,141
73,140
73,5
73,79
73,15
77,115
73,337
77,420
73,54
73,127
95,102
75,31
73,69
73,517
77,67
73,216
73,8
73,33
73,74
73,29
77,55
73,14
77,89
73,32
73,84
77,28
73,72
40,1
17,47
73,3
77,41
73,97
77,90
73,6
73,39
73,133
73,82
77,762
73,11
77,27
73,21
73,125
73,765
77,44
73,769
77,43
73,768
77,135
73,183
73,190
73,68
73,161
73,159
73,124
73,92
73,234
73,168
73,246
59,147
77,531
73,134
72,66
73,153
73,106
73,60
73,77
73,20
73,22
73,2
73,10
73,93
68,45
73,109
77,101
77,78
73,131
77,58
73,157
73,144
73,24
73,103
73,35
2,146
73,62
77,48
73,18
77,767
73,13
73,87
77,36
77,17
73,37
70,63
73,83
73,9
73,16
73,42
77,136
77,766
77,339
77,205
77,71
73,396
73,178
73,52
77,222
77,356
73,116
50,107
73,474
73,96
73,511
77,534
73,314
73,204
77,138
73,91
73,151
73,50
99,139
73,148
46,88
73,38
73,111
77,80
77,86
73,210
73,61
73,12
73,117
73,73
73,186
73,75
77,620
77,105
73,165
73,85
73,104
77,187
73,163
73,121
77,95
73,169
73,108
77,56
73,143
50,164
73,113
77,129
58,233
72,226
72,759
73,619
72,94
72,59
72,49
72,119
72,34
72,4
72,160
72,250
72,495
63,158
72,245
73,457
72,171
72,217
40,170
72,57
72,99
26,53
62,674
61,371
26,145
27,118
26,167
26,174
26,156
60,130
