35,667
31,680
12,672
4,649
31,652
35,651
28,634
14,671
22,669
31,660
15,510
28,656
7,631
30,647
33,598
31,594
12,682
18,107
32,515
16,405
23,138
16,474
22,481
5,519
30,507
13,552
30,639
14,646
21,495
14,617
24,553
2,658
31,616
14,527
31,584
35,543
7,535
30,654
29,583
14,558
14,636
18,664
14,608
25,655
16,666
22,653
8,629
14,676
14,599
24,560
1,601
14,358
16,644
16,446
16,678
14,71
30,633
31,588
13,145
14,395
13,234
11,550
35,426
14,485
36,430
13,429
14,374
31,302
35,129
35,308
14,327
14,416
14,82
19,257
14,8
13,52
7,489
34,152
14,143
14,421
25,587
14,612
8,579
16,623
33,565
14,90
24,486
4,600
13,452
14,378
12,534
31,549
7,352
31,195
5,432
35,353
14,454
31,417
12,473
14,546
14,363
13,330
1,216
16,228
14,427
13,491
14,536
31,453
5,410
14,400
27,541
31,334
14,350
24,555
11,595
6,663
14,637
1,650
14,643
14,563
13,657
14,508
18,681
14,662
14,372
29,626
14,404
5,590
14,513
24,465
31,478
14,447
31,246
33,611
13,613
31,554
4,580
14,566
31,529
35,568
14,476
31,597
14,591
13,551
14,521
13,574
18,573
29,562
13,585
10,511
14,537
14,412
31,632
31,592
7,576
7,578
13,610
14,642
14,615
14,487
14,533
14,530
5,497
3,455
10,544
14,556
14,630
14,531
35,456
29,479
9,268
28,517
26,282
15,422
31,444
14,509
22,351
14,218
14,329
31,326
14,420
29,451
10,518
14,461
32,394
31,528
28,437
14,324
14,548
31,213
31,202
11,645
31,624
12,496
14,460
13,226
30,545
14,204
31,356
14,377
35,127
14,270
15,159
14,217
14,73
14,249
14,291
13,449
14,337
13,72
14,40
22,442
14,459
14,64
16,364
14,419
14,101
14,439
7,609
14,577
13,561
13,606
4,684
14,532
16,618
14,538
14,614
14,581
14,525
5,559
14,539
14,540
30,214
14,677
9,635
7,564
14,607
14,596
14,431
14,492
14,665
35,409
31,297
14,406
16,141
14,462
14,340
14,488
14,522
33,418
7,467
33,475
14,307
31,493
16,381
14,296
14,231
14,120
14,285
13,277
13,391
5,56
14,211
16,524
14,122
14,362
31,271
14,498
31,298
14,503
14,247
14,463
15,86
31,441
14,567
14,28
14,283
14,317
14,266
14,506
14,117
14,184
14,433
13,361
14,483
14,336
14,342
14,322
14,345
1,79
14,280
16,241
20,436
14,178
6,259
14,237
14,162
14,132
14,424
31,256
9,411
14,80
29,371
14,97
35,229
35,166
14,390
14,413
35,325
31,526
1,179
8,286
16,457
13,67
15,466
14,490
14,393
13,575
16,369
14,379
35,471
14,176
31,289
14,398
14,253
14,232
14,512
14,621
14,49
14,288
14,240
16,207
31,276
14,320
14,124
14,542
14,458
15,335
31,239
14,469
7,220
14,354
15,105
4,294
14,279
23,375
35,275
16,470
35,435
14,382
14,384
14,401
14,516
14,161
16,263
14,206
14,386
14,316
6,209
31,125
14,258
14,75
14,331
14,370
14,244
9,160
31,198
16,48
14,205
14,248
14,357
14,494
14,200
14,281
14,272
35,168
14,365
14,373
14,151
31,328
14,265
14,119
13,227
14,43
35,60
14,30
4,188
32,110
14,34
14,438
14,287
25,167
14,238
14,434
14,181
30,158
28,41
14,189
26,100
14,299
14,304
16,113
35,389
14,224
14,278
14,501
26,675
13,679
14,619
14,245
14,500
14,480
14,520
35,686
31,640
14,628
14,589
14,502
14,45
14,402
14,104
14,20
16,319
14,53
32,255
14,332
14,355
31,225
14,22
14,292
14,313
14,685
14,368
14,423
14,54
14,84
14,348
14,215
14,586
31,264
14,55
14,338
31,203
14,315
9,482
14,11
14,273
35,174
14,343
35,499
14,66
14,408
14,383
14,468
14,208
14,472
14,146
14,106
14,102
14,314
14,89
14,61
14,221
35,318
14,261
14,210
14,121
13,222
14,144
14,76
14,157
13,149
14,26
14,196
14,59
14,135
9,284
14,260
14,91
16,17
14,194
15,3
14,99
35,235
14,171
14,301
14,445
14,477
14,366
14,47
14,83
14,312
14,115
14,62
14,192
14,183
14,165
14,150
17,37
16,93
16,219
16,13
14,251
31,341
35,236
14,77
14,156
14,155
14,295
14,116
14,359
14,230
14,109
31,163
14,262
14,95
14,128
14,24
14,4
16,223
14,344
14,387
35,137
14,88
14,290
14,118
14,103
14,311
14,51
14,32
14,164
14,68
14,415
14,133
14,175
14,33
14,191
14,254
14,112
14,193
14,243
14,428
14,199
14,269
14,131
14,323
35,440
14,443
14,310
14,58
14,2
14,142
14,514
14,333
14,5
14,339
35,274
14,10
14,360
14,180
14,139
14,16
14,186
14,94
14,108
14,380
14,367
14,153
35,154
35,92
35,190
35,300
14,136
14,35
14,98
14,504
14,267
14,425
14,19
14,185
14,388
35,134
14,250
14,85
14,252
16,15
14,25
14,27
16,14
14,233
14,197
14,38
35,57
14,396
14,126
14,182
14,170
14,39
14,148
14,303
14,78
35,87
35,114
35,130
35,50
14,31
14,44
14,81
14,392
14,638
14,407
14,173
14,399
14,111
14,7
14,172
14,12
14,187
16,397
35,212
14,9
35,23
14,177
14,46
35,346
14,21
35,42
16,147
14,123
14,18
14,293
14,74
14,29
14,140
14,604
14,376
14,622
26,347
14,670
16,523
35,464
14,661
14,321
14,602
14,582
14,96
14,36
35,683
14,69
14,625
14,570
14,448
14,659
14,648
14,414
14,63
14,620
14,385
35,603
14,572
35,593
14,309
14,505
14,484
14,668
14,674
14,547
35,169
14,571
35,242
14,557
14,70
35,641
35,403
16,627
14,349
14,1
14,569
16,201
14,6
14,305
14,673
35,450
14,605
16,306
16,65
