13,135
9,167
2,130
6,219
5,278
18,276
13,223
26,192
12,162
9,325
27,201
26,287
21,343
14,265
12,299
7,319
4,235
7,382
9,341
7,141
5,123
7,182
6,381
4,304
6,395
13,418
5,378
9,448
8,222
4,298
6,349
13,449
26,396
10,87
19,406
21,76
26,455
7,405
5,364
6,397
7,311
14,458
7,463
14,473
26,467
13,13
14,36
7,215
26,153
5,344
26,432
18,438
7,371
18,322
4,279
12,216
26,194
13,307
14,294
26,121
26,208
6,470
19,421
12,474
12,54
26,6
13,52
14,303
5,138
15,224
26,380
26,433
13,63
12,110
26,331
24,379
15,315
12,35
26,353
5,246
15,321
26,360
14,317
15,392
14,146
26,372
24,269
7,180
26,460
14,387
7,206
15,189
5,273
12,383
14,231
14,357
26,242
10,476
15,258
10,237
26,184
26,106
26,103
14,115
10,114
26,156
15,295
14,89
26,462
19,339
26,61
5,176
26,79
26,97
26,197
7,165
7,318
12,227
13,290
12,270
18,388
5,301
23,400
26,284
10,232
14,267
26,347
6,257
15,183
23,332
5,209
5,255
7,291
13,217
23,327
14,384
14,158
18,456
13,239
14,316
23,359
15,305
4,8
15,342
14,60
19,401
26,336
14,323
15,187
14,233
14,252
13,157
21,101
14,124
14,296
26,171
26,72
26,49
5,179
27,127
14,109
23,57
5,113
15,37
26,166
26,147
23,86
26,45
13,111
14,82
26,186
26,102
5,33
15,168
14,71
26,51
10,320
13,66
26,75
19,172
13,408
23,12
26,454
26,361
15,466
26,338
26,414
7,160
16,459
6,354
5,461
23,434
15,11
18,425
12,377
14,398
26,435
6,285
5,328
14,90
23,196
14,281
14,253
10,211
14,203
16,272
14,329
18,247
26,429
14,345
14,245
10,236
14,370
14,373
21,148
18,261
26,251
10,250
23,404
12,170
14,243
23,326
23,140
18,205
6,260
7,221
26,126
14,154
15,155
12,14
16,293
26,375
26,202
10,42
23,297
14,367
26,175
13,362
26,145
5,210
10,150
17,151
14,200
10,161
14,83
19,96
14,207
13,213
10,137
14,214
14,330
26,104
14,108
13,59
26,313
5,85
26,47
26,95
15,136
14,228
14,68
15,44
6,300
10,366
23,363
13,457
26,465
5,444
19,346
26,259
12,283
14,144
16,142
10,174
13,314
23,193
12,149
23,164
18,262
13,356
14,185
10,81
15,92
26,107
14,229
12,129
23,70
5,84
5,352
26,77
26,99
10,351
14,306
18,58
26,139
26,248
14,119
23,152
23,238
14,181
26,374
13,254
18,302
23,134
26,310
15,169
18,451
10,427
8,73
13,67
22,26
6,46
14,178
15,391
19,266
26,440
19,424
26,422
23,348
26,416
19,7
20,478
26,32
10,280
23,1
14,376
26,275
14,439
14,389
14,446
19,407
26,472
6,218
5,204
5,241
26,264
10,274
25,105
26,100
8,177
23,282
26,125
23,368
20,442
14,34
14,369
26,420
13,355
24,244
8,98
15,234
15,249
19,337
27,324
10,308
15,402
17,212
5,292
26,413
19,65
25,56
14,195
14,230
22,9
5,415
14,94
14,394
10,15
10,277
14,286
20,118
19,120
14,436
13,417
14,64
13,78
27,74
23,220
19,426
18,477
23,271
23,410
16,365
26,334
4,335
9,412
16,288
26,112
13,132
6,464
13,256
19,431
1,358
12,173
23,268
24,131
22,447
14,468
6,199
26,289
26,471
10,445
8,163
14,430
22,27
24,21
13,80
26,423
9,93
5,191
6,50
5,69
11,240
25,122
12,39
13,159
12,5
23,31
4,40
10,23
18,263
13,4
5,225
13,411
27,312
12,469
13,190
7,399
14,333
5,437
5,62
20,128
18,198
27,390
14,25
12,30
6,24
20,17
13,55
13,143
1,450
10,385
3,419
14,41
5,20
13,428
5,133
23,117
24,226
4,453
13,91
3,53
7,43
26,48
22,22
26,18
14,88
22,116
27,16
16,38
27,188
26,309
21,403
5,29
14,340
25,350
21,441
5,393
6,3
18,452
5,443
13,19
21,28
18,386
9,2
17,409
12,475
13,10
