3,135
1,167
1,130
1,219
1,278
4,276
3,223
6,192
2,162
1,325
6,201
6,287
5,343
3,265
2,299
1,319
1,235
1,382
1,341
1,141
1,123
1,182
1,381
1,304
1,395
3,418
1,378
1,448
1,222
1,298
1,349
3,449
6,396
2,87
4,406
5,76
6,455
1,405
1,364
1,397
1,311
3,458
1,463
3,473
6,467
3,13
3,36
1,215
6,153
1,344
6,432
4,438
1,371
4,322
1,279
2,216
6,194
3,307
3,294
6,121
6,208
1,470
4,421
2,474
2,54
6,6
3,52
3,303
1,138
3,224
6,380
6,433
3,63
2,110
6,331
5,379
3,315
2,35
6,353
1,246
3,321
6,360
3,317
3,392
3,146
6,372
5,269
1,180
6,460
3,387
1,206
3,189
1,273
2,383
3,231
3,357
6,242
2,476
3,258
2,237
6,184
6,106
6,103
3,115
2,114
6,156
3,295
3,89
6,462
4,339
6,61
1,176
6,79
6,97
6,197
1,165
1,318
2,227
3,290
2,270
4,388
1,301
5,400
6,284
2,232
3,267
6,347
1,257
3,183
5,332
1,209
1,255
1,291
3,217
5,327
3,384
3,158
4,456
3,239
3,316
5,359
3,305
1,8
3,342
3,60
4,401
6,336
3,323
3,187
3,233
3,252
3,157
5,101
3,124
3,296
6,171
6,72
6,49
1,179
6,127
3,109
5,57
1,113
3,37
6,166
6,147
5,86
6,45
3,111
3,82
6,186
6,102
1,33
3,168
3,71
6,51
2,320
3,66
6,75
4,172
3,408
5,12
6,454
6,361
3,466
6,338
6,414
1,160
4,459
1,354
1,461
5,434
3,11
4,425
2,377
3,398
6,435
1,285
1,328
3,90
5,196
3,281
3,253
2,211
3,203
4,272
3,329
4,247
6,429
3,345
3,245
2,236
3,370
3,373
5,148
4,261
6,251
2,250
5,404
2,170
3,243
5,326
5,140
4,205
1,260
1,221
6,126
3,154
3,155
2,14
4,293
6,375
6,202
2,42
5,297
3,367
6,175
3,362
6,145
1,210
2,150
4,151
3,200
2,161
3,83
4,96
3,207
3,213
2,137
3,214
3,330
6,104
3,108
3,59
6,313
1,85
6,47
6,95
3,136
3,228
3,68
3,44
1,300
2,366
5,363
3,457
6,465
1,444
4,346
6,259
2,283
3,144
4,142
2,174
3,314
5,193
2,149
5,164
4,262
3,356
3,185
2,81
3,92
6,107
3,229
2,129
5,70
1,84
1,352
6,77
6,99
2,351
3,306
4,58
6,139
6,248
3,119
5,152
5,238
3,181
6,374
3,254
4,302
5,134
6,310
3,169
4,451
2,427
1,73
3,67
5,26
1,46
3,178
3,391
4,266
6,440
4,424
6,422
5,348
6,416
4,7
5,478
6,32
2,280
5,1
3,376
6,275
3,439
3,389
3,446
4,407
6,472
1,218
1,204
1,241
6,264
2,274
6,105
6,100
1,177
5,282
6,125
5,368
5,442
3,34
3,369
6,420
3,355
5,244
1,98
3,234
3,249
4,337
6,324
2,308
3,402
4,212
1,292
6,413
4,65
6,56
3,195
3,230
5,9
1,415
3,94
3,394
2,15
2,277
3,286
5,118
4,120
3,436
3,417
3,64
3,78
6,74
5,220
4,426
4,477
5,271
5,410
4,365
6,334
1,335
1,412
4,288
6,112
3,132
1,464
3,256
4,431
1,358
2,173
5,268
5,131
5,447
3,468
1,199
6,289
6,471
2,445
1,163
3,430
5,27
5,21
3,80
6,423
1,93
1,191
1,50
1,69
2,240
6,122
2,39
3,159
2,5
5,31
1,40
2,23
4,263
3,4
1,225
3,411
6,312
2,469
3,190
1,399
3,333
1,437
1,62
5,128
4,198
6,390
3,25
2,30
1,24
5,17
3,55
3,143
1,450
2,385
1,419
3,41
1,20
3,428
1,133
5,117
5,226
1,453
3,91
1,53
1,43
6,48
5,22
6,18
3,88
5,116
6,16
4,38
6,188
6,309
5,403
1,29
3,340
6,350
5,441
1,393
1,3
4,452
1,443
3,19
5,28
4,386
1,2
4,409
2,475
3,10
