3,712
3,728
3,737
4,724
3,701
3,600
13,618
3,508
3,646
3,654
3,656
3,505
3,719
3,739
3,643
3,669
3,664
3,504
13,686
3,616
3,729
3,677
13,596
3,633
13,734
13,718
3,715
3,723
3,702
13,545
3,685
3,671
3,722
4,571
3,406
3,720
3,512
3,756
3,735
13,727
3,370
3,546
3,364
3,427
3,621
13,564
3,351
3,521
4,632
3,732
13,687
3,659
2,526
3,604
3,731
3,705
2,615
3,601
4,506
3,672
3,714
3,611
3,644
13,708
13,479
3,648
3,559
3,588
3,547
13,710
3,667
3,581
3,469
3,553
3,647
13,636
3,638
3,562
3,688
3,585
13,520
3,262
3,630
3,560
3,613
3,419
3,699
3,476
3,590
3,456
3,529
3,570
3,623
4,662
3,272
3,401
3,524
13,403
2,609
13,321
3,346
3,649
3,645
3,386
3,368
3,661
3,652
3,706
3,461
20,284
3,625
13,550
3,586
13,670
3,634
3,610
3,703
1,543
4,683
13,352
3,721
13,568
13,363
3,208
3,535
19,541
3,379
13,497
3,418
7,528
3,444
13,640
3,695
3,607
3,655
3,591
15,680
3,573
3,673
12,696
10,593
20,400
3,709
3,658
1,657
3,540
3,446
3,393
17,319
15,453
3,660
13,438
3,462
15,507
8,744
6,675
3,287
2,264
3,192
2,484
3,679
15,347
3,460
3,605
3,390
15,382
5,405
3,236
3,454
2,578
2,247
13,488
13,378
6,522
15,407
15,425
15,502
3,330
13,373
15,276
15,483
15,285
3,274
15,435
15,491
3,249
3,415
15,515
15,441
3,514
17,374
15,486
15,327
20,381
15,377
15,487
15,429
15,574
16,542
15,463
15,525
15,450
15,455
3,493
3,220
15,238
15,320
15,243
15,413
3,387
15,316
15,354
15,443
13,492
11,397
3,189
2,412
13,150
20,404
15,248
15,537
3,241
15,385
15,299
15,211
4,408
15,232
15,306
15,430
15,464
15,577
15,494
3,567
3,258
15,384
15,255
15,627
15,235
15,270
15,181
15,177
15,532
15,594
15,608
2,421
3,296
15,383
15,694
15,414
2,503
15,411
15,556
15,442
15,513
15,361
15,642
18,209
15,329
15,348
15,325
15,475
15,227
15,449
15,283
15,436
15,307
15,239
15,162
15,266
15,434
15,212
15,297
15,196
15,184
15,301
15,223
15,345
15,259
15,500
15,197
9,490
15,579
15,554
15,392
15,641
15,576
15,480
15,228
15,290
15,288
15,253
20,372
15,440
15,350
15,225
15,375
15,252
15,278
15,176
15,598
15,575
15,395
11,626
15,472
15,416
15,231
15,206
15,595
15,240
15,628
15,561
15,268
15,582
3,277
15,275
15,154
15,201
15,603
15,185
15,750
15,747
15,755
15,745
15,758
15,653
15,760
15,757
15,753
15,742
15,748
15,752
15,746
15,749
15,751
13,743
15,761
3,523
15,552
3,527
15,467
15,332
15,549
15,451
15,530
15,353
15,366
15,221
15,359
15,256
15,322
15,555
15,254
15,280
15,202
15,485
3,291
15,237
20,355
15,300
15,424
15,340
15,519
15,580
15,459
15,389
15,614
15,282
15,544
20,265
15,433
1,380
15,289
15,589
15,305
15,439
15,651
15,311
15,309
15,637
15,639
15,445
15,224
15,668
15,344
15,597
15,587
15,251
15,207
15,315
15,230
15,631
15,195
15,312
15,295
15,698
3,516
15,388
15,313
15,612
15,399
15,509
15,563
15,367
15,583
15,557
15,409
15,716
15,398
15,394
15,622
15,432
15,437
15,465
15,635
15,458
15,410
19,293
15,468
15,539
3,267
15,334
20,349
15,343
15,362
15,428
20,606
15,338
15,302
15,260
15,242
19,357
15,308
15,342
15,518
15,717
15,331
15,182
15,175
15,279
15,261
15,365
15,689
15,510
15,551
15,423
15,304
13,326
15,318
15,726
15,697
15,269
15,681
15,707
15,317
15,617
15,693
2,692
15,629
15,725
15,730
15,676
15,496
15,323
15,666
15,736
15,691
15,733
15,569
15,682
15,665
15,489
15,538
13,548
3,402
15,599
15,481
20,263
20,452
15,572
15,482
15,584
15,558
15,498
15,213
15,501
15,200
15,391
15,376
15,624
15,704
15,324
15,678
15,273
15,360
2,180
15,470
15,690
15,198
20,333
15,740
15,466
15,471
15,328
15,294
15,188
15,286
15,448
15,203
15,193
15,244
3,592
15,684
15,565
15,663
15,536
15,298
3,137
15,336
15,341
15,166
15,229
15,310
15,271
15,199
15,763
15,764
15,754
15,149
15,191
15,257
3,194
15,499
19,110
3,292
15,426
15,369
15,477
15,602
15,219
15,422
15,478
15,358
15,142
15,711
15,533
15,126
15,431
15,417
15,64
15,112
15,172
15,65
15,114
15,25
15,218
15,81
15,741
15,122
15,23
15,46
15,152
15,566
15,30
15,70
15,123
13,179
15,76
15,100
15,7
15,214
15,128
15,473
15,447
15,335
15,650
15,19
15,51
15,770
15,40
15,98
15,26
15,173
15,132
15,120
15,700
15,738
15,303
15,215
15,155
15,713
15,281
15,141
15,140
15,5
15,79
15,15
15,115
15,337
15,420
15,54
15,127
20,102
15,31
15,69
15,517
15,67
15,216
15,8
15,33
15,74
15,29
15,55
15,14
15,89
15,32
15,84
15,28
15,72
4,1
3,47
15,3
15,41
15,97
15,90
15,6
15,39
15,133
15,82
15,762
15,11
15,27
15,21
15,125
15,765
15,44
15,769
15,43
15,768
15,135
15,183
15,190
15,68
15,161
15,159
15,124
15,92
15,234
15,168
15,246
13,147
15,531
15,134
15,66
15,153
15,106
15,60
15,77
15,20
15,22
15,2
15,10
15,93
15,45
15,109
15,101
15,78
15,131
15,58
15,157
15,144
15,24
15,103
15,35
1,146
15,62
15,48
15,18
15,767
15,13
15,87
15,36
15,17
15,37
15,63
15,83
15,9
15,16
15,42
15,136
15,766
15,339
15,205
15,71
15,396
15,178
15,52
15,222
15,356
15,116
11,107
15,474
15,96
15,511
15,534
15,314
15,204
15,138
15,91
15,151
15,50
20,139
15,148
8,88
15,38
15,111
15,80
15,86
15,210
15,61
15,12
15,117
15,73
15,186
15,75
15,620
15,105
15,165
15,85
15,104
15,187
15,163
15,121
15,95
15,169
15,108
15,56
15,143
11,164
15,113
15,129
13,233
15,226
15,759
15,619
15,94
15,59
15,49
15,119
15,34
15,4
15,160
15,250
15,495
14,158
15,245
15,457
15,171
15,217
4,170
15,57
15,99
3,53
14,674
14,371
3,145
3,118
3,167
3,174
3,156
13,130
