173,667
146,680
37,672
8,649
143,652
180,651
130,634
69,671
113,669
151,660
97,510
128,656
21,631
139,647
164,598
141,594
38,682
106,107
162,515
103,405
117,138
103,474
114,481
10,519
138,507
41,552
138,639
69,646
112,495
90,617
119,553
5,658
147,616
90,527
159,584
176,543
19,535
135,654
133,583
69,558
55,636
109,664
87,608
121,655
103,666
115,653
23,629
78,676
64,599
119,560
1,601
69,358
103,644
101,446
104,678
69,71
135,633
146,588
41,145
88,395
45,234
34,550
176,426
69,485
182,430
51,429
66,374
147,302
176,129
178,308
69,327
69,416
69,82
110,257
60,8
43,52
17,489
168,152
68,143
72,421
121,587
69,612
23,579
101,623
167,565
69,90
120,486
9,600
45,452
69,378
38,534
154,549
19,352
142,195
12,432
176,353
72,454
159,417
37,473
56,546
69,363
53,330
4,216
103,228
63,427
52,491
69,536
153,453
11,410
90,400
127,541
147,334
94,350
120,555
35,595
13,663
68,637
3,650
86,643
69,563
43,657
69,508
107,681
75,662
60,372
134,626
69,404
10,590
69,513
120,465
147,478
72,447
147,246
166,611
42,613
159,554
7,580
69,566
152,529
176,568
69,476
149,597
69,591
43,551
69,521
52,574
108,573
132,562
44,585
33,511
84,537
69,412
156,632
156,592
18,576
16,578
44,610
58,642
69,615
60,487
60,533
71,530
11,497
6,455
31,544
66,556
91,630
81,531
174,456
133,479
28,268
129,517
124,282
97,422
147,444
65,509
116,351
70,218
66,329
150,326
58,420
134,451
32,518
68,461
162,394
140,528
128,437
90,324
55,548
154,213
147,202
36,645
147,624
38,496
69,460
41,226
137,545
76,204
147,356
79,377
171,127
69,270
100,159
69,217
77,73
60,249
73,291
49,449
60,337
43,72
69,40
113,442
69,459
69,64
101,364
69,419
69,101
69,439
19,609
63,577
46,561
43,606
8,684
93,532
103,618
69,538
87,614
69,581
72,525
11,559
69,539
65,540
137,214
69,677
29,635
22,564
67,607
59,596
62,431
73,492
70,665
177,409
147,297
60,406
103,141
69,462
69,340
79,488
69,522
166,418
20,467
165,475
65,307
147,493
103,381
72,296
69,231
60,120
67,285
39,277
43,391
11,56
60,211
102,524
85,122
68,362
161,271
69,498
147,298
69,503
69,247
80,463
97,86
151,441
61,567
74,28
69,283
92,317
61,266
70,506
80,117
69,184
69,433
40,361
69,483
66,336
89,342
73,322
65,345
3,79
69,280
101,241
111,436
61,178
14,259
69,237
69,162
69,132
57,424
155,256
30,411
69,80
132,371
95,97
169,229
181,166
69,390
69,413
176,325
146,526
2,179
24,286
101,457
54,67
99,466
60,490
68,393
47,575
103,369
74,379
176,471
68,176
147,289
69,398
66,253
69,232
69,512
83,621
69,49
69,288
60,240
103,207
144,276
69,320
62,124
68,542
69,458
100,335
145,239
69,469
22,220
68,354
98,105
8,294
68,279
118,375
176,275
101,470
172,435
69,382
69,384
69,401
69,516
63,161
103,263
69,206
79,386
69,316
15,209
150,125
68,258
69,75
69,331
69,370
81,244
27,160
157,198
101,48
66,205
60,248
72,357
69,494
82,200
69,281
61,272
176,168
69,365
69,373
65,151
158,328
69,265
60,119
50,227
60,43
176,60
60,30
7,188
163,110
96,34
66,438
69,287
122,167
66,238
69,434
69,181
136,158
131,41
65,189
123,100
69,299
60,304
103,113
179,389
69,224
69,278
69,501
125,675
51,679
69,619
69,245
72,500
69,480
66,520
176,686
147,640
69,628
69,589
69,502
69,45
69,402
69,104
69,20
101,319
72,53
162,255
69,332
69,355
147,225
69,22
69,292
69,313
69,685
68,368
59,423
60,54
70,84
69,348
89,215
69,586
147,264
69,55
69,338
146,203
69,315
26,482
69,11
69,273
176,174
69,343
170,499
69,66
69,408
69,383
69,468
69,208
69,472
66,146
62,106
69,102
69,314
69,89
69,61
69,221
176,318
69,261
66,210
69,121
50,222
62,144
60,76
65,157
48,149
69,26
69,196
69,59
69,135
25,284
69,260
69,91
103,17
69,194
99,3
68,99
174,235
69,171
69,301
69,445
69,477
69,366
66,47
69,83
69,312
69,115
79,62
69,192
69,183
69,165
69,150
105,37
103,93
103,219
103,13
69,251
160,341
174,236
68,77
69,156
69,155
69,295
69,116
69,359
65,230
69,109
148,163
69,262
60,95
69,128
69,24
69,4
103,223
69,344
69,387
176,137
69,88
69,290
66,118
69,103
69,311
69,51
69,32
69,164
69,68
69,415
69,133
69,175
69,33
69,191
69,254
69,112
69,193
69,243
62,428
69,199
69,269
69,131
69,323
174,440
69,443
69,310
69,58
69,2
69,142
69,514
69,333
69,5
69,339
177,274
69,10
69,360
69,180
69,139
69,16
69,186
69,94
69,108
69,380
69,367
69,153
171,154
176,92
175,190
176,300
69,136
69,35
66,98
69,504
69,267
69,425
69,19
69,185
69,388
176,134
69,250
69,85
69,252
101,15
69,25
69,27
103,14
69,233
69,197
69,38
176,57
69,396
69,126
69,182
69,170
69,39
69,148
69,303
69,78
176,87
176,114
176,130
181,50
69,31
69,44
69,81
69,392
69,638
69,407
69,173
69,399
69,111
69,7
69,172
69,12
69,187
103,397
176,212
64,9
176,23
69,177
69,46
176,346
69,21
172,42
103,147
69,123
69,18
69,293
69,74
69,29
69,140
69,604
69,376
69,622
126,347
69,670
103,523
179,464
69,661
69,321
69,602
69,582
69,96
69,36
176,683
69,69
69,625
69,570
69,448
69,659
69,648
69,414
69,63
69,620
69,385
176,603
69,572
176,593
69,309
69,505
69,484
69,668
69,674
69,547
174,169
69,571
176,242
69,557
69,70
169,641
174,403
103,627
69,349
69,1
69,569
103,201
69,6
69,305
69,673
176,450
69,605
101,306
103,65
