30,833
25,565
69,831
33,845
50,640
81,769
67,767
25,682
25,739
18,713
17,797
25,832
73,732
36,762
50,691
22,642
25,756
83,795
25,367
66,711
2,776
50,810
30,671
33,607
78,747
61,822
21,318
50,494
85,669
16,853
21,847
27,818
30,751
60,114
79,687
42,793
85,731
82,608
7,559
8,645
27,707
27,353
30,839
47,771
78,543
50,750
47,723
25,322
28,689
67,763
27,817
70,714
30,709
41,802
25,676
28,746
58,653
76,598
25,573
64,184
41,748
82,179
7,782
44,638
22,675
28,571
28,761
25,579
85,595
50,485
72,304
61,646
61,719
77,778
82,619
73,672
62,615
70,734
30,555
82,764
25,774
32,848
50,668
50,677
79,216
32,212
10,695
37,685
78,305
25,820
57,605
27,686
30,826
25,787
72,841
72,789
50,825
39,819
50,840
14,704
42,416
71,792
82,850
42,829
33,575
36,790
63,712
50,814
25,737
28,740
32,532
33,170
82,568
25,588
83,48
25,550
33,566
25,754
63,547
50,843
27,718
27,725
43,816
74,849
50,806
27,661
29,842
30,437
76,824
21,429
25,652
24,462
25,259
27,518
75,94
25,524
43,19
29,109
61,479
40,478
27,567
28,9
80,326
25,246
81,604
8,618
30,692
83,226
23,422
50,558
84,766
50,267
73,639
54,445
80,800
70,17
50,378
71,727
21,418
35,770
28,328
85,706
41,384
86,374
30,253
50,643
25,234
44,345
25,854
25,670
31,830
19,59
28,131
68,681
7,745
59,852
77,696
50,834
25,779
29,773
50,637
8,708
69,610
25,683
27,512
4,557
25,520
30,654
34,625
28,611
61,626
50,499
27,563
61,393
45,634
73,587
50,589
85,651
25,535
65,562
50,678
73,743
31,585
72,757
82,622
49,788
20,693
30,530
24,118
60,442
36,702
25,703
30,721
27,541
31,656
25,755
6,684
31,781
19,516
47,627
27,644
25,722
83,453
70,522
21,255
25,556
31,423
32,657
25,796
48,837
30,309
44,443
27,600
25,552
55,803
28,738
25,597
42,663
74,617
34,574
45,635
30,591
76,649
38,716
74,705
25,623
45,780
50,641
25,760
45,694
7,580
45,724
25,630
83,458
25,799
33,648
28,759
70,658
25,667
33,477
79,504
8,551
27,592
33,741
25,513
25,472
25,544
30,596
79,459
27,469
29,167
21,444
50,515
79,377
45,338
25,2
50,8
45,435
25,295
33,528
61,401
72,386
25,380
73,534
46,385
50,249
54,55
5,381
21,427
30,483
31,362
1,388
27,390
85,475
25,317
30,144
33,468
44,237
12,187
44,484
42,315
30,449
28,564
25,726
25,465
27,481
42,599
28,700
25,578
56,620
30,323
45,749
29,583
50,116
25,577
42,594
25,768
25,394
31,343
70,169
3,433
25,329
25,344
33,199
9,744
25,283
27,398
25,265
25,506
25,222
32,519
20,655
32,81
43,440
28,375
50,349
44,330
25,526
72,498
42,662
33,650
6,493
25,432
25,266
25,365
30,276
30,12
27,136
25,229
72,68
7,368
32,90
25,133
32,476
32,364
43,537
27,279
42,402
33,209
78,132
15,141
25,348
7,400
25,570
25,614
28,680
25,542
25,452
8,51
79,32
45,193
68,715
46,511
25,593
25,752
73,473
25,569
25,601
63,492
25,502
25,501
72,404
72,327
25,730
25,728
25,697
30,572
25,447
18,391
25,436
27,497
30,742
25,508
25,673
70,772
50,699
70,688
25,733
30,586
27,431
25,603
26,500
31,523
27,214
79,263
28,576
50,293
79,42
72,306
7,439
73,221
52,126
28,122
79,41
28,134
25,233
72,92
25,121
50,270
32,357
7,185
25,56
25,448
11,303
80,514
72,308
25,406
45,335
25,49
31,257
27,609
25,415
25,236
79,584
25,67
27,366
25,482
72,66
27,142
25,710
32,173
25,110
25,190
25,161
25,413
79,127
27,180
28,271
25,313
50,138
79,546
27,290
25,147
73,231
74,23
31,631
72,616
25,488
25,346
79,208
31,521
25,268
33,387
7,33
25,1
32,302
32,311
25,347
25,213
87,93
79,392
25,399
27,296
73,549
25,128
25,188
25,529
25,242
25,53
32,79
25,165
28,43
25,403
25,621
25,430
8,582
78,495
30,227
72,505
81,291
51,525
27,503
25,679
25,456
31,215
79,218
27,461
25,171
25,319
27,203
27,517
27,420
31,510
25,355
31,333
25,331
50,467
27,86
72,735
32,82
27,480
25,613
25,647
28,354
25,466
25,441
32,228
25,111
25,352
25,341
30,359
25,463
27,105
25,260
31,24
25,256
76,280
25,324
30,264
25,117
50,112
25,297
69,4
25,240
25,189
50,160
25,106
72,14
50,211
79,88
25,27
27,130
25,289
25,159
69,225
30,31
25,272
45,16
30,65
25,149
25,332
25,207
51,172
72,219
25,244
25,561
25,312
25,241
25,252
7,247
45,278
25,371
25,250
25,548
25,428
25,195
25,275
25,64
27,232
27,300
25,168
27,298
25,337
25,307
25,358
27,238
25,104
25,340
25,101
25,36
79,301
31,316
25,334
28,137
25,123
27,356
25,61
25,163
25,54
7,140
25,98
25,44
27,220
25,47
25,285
25,373
25,230
25,206
25,784
25,855
27,539
72,861
27,28
25,808
25,720
7,450
25,46
25,851
28,785
25,99
25,181
50,152
32,108
27,97
25,277
30,192
25,813
25,70
25,5
25,22
31,659
25,857
25,660
50,15
25,859
25,166
25,314
13,178
7,828
25,83
30,407
50,248
72,197
25,273
25,201
72,531
25,860
25,157
25,396
25,120
25,821
25,701
25,286
25,805
25,777
25,823
32,632
25,612
25,84
25,419
25,674
25,624
25,815
25,336
25,125
25,858
25,507
25,801
50,835
50,536
25,758
25,698
25,150
80,553
53,491
79,412
25,665
25,287
25,154
25,235
25,310
25,91
27,451
50,269
25,540
25,666
25,85
25,405
31,370
27,460
25,581
25,471
25,414
25,408
25,274
25,446
25,496
27,261
25,434
73,35
25,25
25,360
25,89
25,45
25,487
25,177
27,74
50,425
27,664
25,155
50,143
25,129
25,527
25,58
25,243
25,145
25,6
25,490
25,113
28,75
25,103
25,38
25,62
25,80
27,205
25,18
7,254
25,115
25,148
50,223
25,151
25,37
25,294
25,29
25,69
25,198
25,162
27,164
4,489
27,636
25,383
25,282
27,438
25,602
32,633
6,95
25,417
25,409
25,204
25,538
25,509
27,71
25,457
25,382
25,426
25,339
25,96
25,350
25,554
25,690
25,76
27,411
6,376
25,196
25,284
25,474
25,454
50,153
25,202
25,13
25,124
25,239
25,245
25,455
7,135
25,52
25,258
25,320
25,397
25,395
25,224
27,156
25,78
25,158
1,102
25,183
50,545
25,533
25,3
25,372
25,174
25,7
7,50
50,379
50,107
9,119
25,60
25,20
25,200
25,470
5,26
25,73
25,139
18,281
25,191
25,194
25,72
12,77
25,34
25,210
50,176
25,57
25,606
7,838
50,836
25,560
6,765
50,351
7,63
25,844
7,629
8,811
50,421
25,464
50,827
25,717
25,175
25,809
25,410
25,590
50,846
25,363
50,804
25,783
25,251
25,39
7,486
50,856
25,40
25,182
25,812
25,369
25,146
25,262
50,342
7,807
25,736
7,217
25,753
25,791
25,288
25,786
25,325
7,87
25,424
7,729
25,186
25,299
25,798
25,628
50,100
25,321
25,21
25,775
50,292
8,10
50,794
50,389
50,30
50,361
50,11
