1,825
14,1225
17,1247
17,1178
1,1182
14,1177
14,1222
1,996
1,1236
14,1239
17,1061
17,546
14,1097
14,1246
1,1112
1,856
1,1055
14,1185
14,1244
14,1046
14,1167
14,446
1,971
14,1229
1,1232
14,1224
1,987
1,1206
17,1184
14,520
1,1253
1,1179
1,968
14,1252
1,1077
14,1238
1,932
17,1191
17,1176
1,1085
14,619
14,988
14,913
17,1139
1,1140
14,1205
17,568
14,1223
1,1022
17,1148
17,414
1,776
14,670
17,1218
14,1168
17,1133
14,1195
17,667
17,804
1,623
17,964
14,1128
16,1159
1,632
1,865
1,783
17,586
14,843
17,1157
1,976
14,979
1,1033
14,1111
14,949
1,947
14,871
14,755
14,1132
17,516
1,502
14,322
1,1102
6,1180
14,901
14,937
14,848
14,1221
14,391
17,889
14,1203
16,1153
14,1169
14,535
14,1090
14,739
1,874
17,867
1,982
1,744
17,759
14,1149
1,407
14,1110
14,1109
1,1240
17,955
1,462
1,1227
1,727
14,558
2,1065
17,1219
14,1213
1,1135
14,1151
14,1241
1,615
14,1141
1,607
14,1173
1,270
14,752
16,765
14,1114
3,1188
1,767
1,894
16,594
1,1198
1,842
14,296
14,832
1,970
2,823
14,641
1,1142
14,785
14,773
14,725
14,1129
14,421
2,1117
1,1175
14,1234
1,1200
14,1230
1,1040
14,1212
17,1174
1,521
14,926
14,669
17,868
14,251
14,1171
14,1158
1,1120
14,466
14,927
1,675
1,552
4,940
17,792
1,1093
1,1044
1,455
1,571
14,981
14,953
8,510
2,1197
1,1030
14,1025
14,1026
1,1087
14,935
1,345
1,1215
7,529
14,1056
14,898
14,777
1,365
14,1201
3,1242
1,1235
1,951
17,756
14,797
14,610
14,1143
14,341
14,748
14,651
1,816
14,980
14,808
14,719
14,423
1,908
14,1125
14,1154
14,896
14,966
14,303
7,880
14,628
1,318
14,1181
1,1095
1,1138
14,872
14,1013
14,1192
14,1237
17,499
14,914
14,1243
14,794
14,1051
14,1103
1,1052
17,531
14,828
14,1163
14,1152
12,604
2,1228
2,385
1,1122
14,509
14,1194
17,1189
14,1116
7,1131
11,663
1,668
14,775
10,681
14,1001
14,995
14,1210
14,830
14,1127
14,1170
1,905
14,1130
14,1211
12,1078
14,409
14,1084
12,977
13,271
14,638
17,873
14,393
14,1193
14,1119
2,1092
14,672
14,699
14,403
3,892
14,1164
14,1049
2,1012
9,1249
14,1006
14,938
14,761
14,969
14,847
14,350
14,354
10,430
14,406
14,899
10,637
14,1126
14,993
14,1183
14,974
17,386
14,674
1,1144
14,1081
1,989
14,973
14,355
14,572
14,608
14,442
14,213
14,189
14,1220
14,286
1,272
14,513
2,309
14,850
14,508
14,852
14,737
14,944
14,1094
14,434
14,844
14,401
14,357
14,684
14,923
14,612
14,1079
14,702
17,616
14,720
14,500
14,860
14,321
14,791
14,904
14,811
14,717
14,232
14,734
14,1024
14,707
14,424
14,1075
14,729
14,269
14,747
14,602
14,790
1,419
14,538
14,240
14,360
14,362
14,489
14,273
14,329
14,1072
14,460
14,382
14,465
14,812
14,353
14,344
14,786
14,802
14,593
14,855
14,829
14,566
14,963
14,473
14,264
14,1156
14,965
14,554
14,1108
14,1136
14,939
14,408
14,343
14,585
14,447
14,262
14,916
14,936
14,858
14,550
14,439
14,461
2,247
14,644
1,945
14,718
14,486
14,338
14,551
14,664
14,478
14,528
14,577
14,656
14,870
5,1104
2,960
14,284
14,849
14,443
14,1004
14,781
14,250
14,879
14,691
14,763
14,706
14,1039
14,925
14,517
14,714
14,787
14,771
14,1050
14,220
14,890
14,692
14,503
14,1002
14,768
14,622
14,613
14,1123
14,475
14,324
14,745
14,1106
14,437
14,749
14,950
14,1187
14,754
1,713
14,1038
14,545
14,626
14,911
14,328
14,295
14,780
14,640
14,1034
14,203
14,201
12,444
14,441
14,560
14,840
14,857
14,959
14,582
14,736
14,906
14,900
2,511
14,798
14,770
14,1209
14,793
14,313
14,690
14,245
14,339
2,361
8,1003
14,796
14,620
14,415
14,716
14,351
14,288
14,396
14,305
14,789
14,479
14,603
14,530
14,834
14,310
14,555
14,693
14,268
14,910
14,526
14,817
14,1009
14,678
14,864
14,590
17,595
14,564
14,753
14,494
14,553
14,377
14,534
14,533
14,156
14,519
1,962
14,459
14,405
14,598
14,882
14,346
14,1019
14,398
14,512
14,1216
14,676
14,1186
14,639
14,501
14,922
14,1214
14,467
14,1035
14,1199
14,665
14,609
14,575
14,1029
14,983
14,601
1,381
14,199
14,645
14,492
14,930
14,687
14,998
14,347
14,282
14,741
14,1059
14,348
14,801
14,333
14,371
14,686
14,751
14,482
14,778
14,304
14,758
14,624
14,1060
14,184
14,174
14,204
14,562
14,1076
14,1172
14,760
14,319
1,234
14,853
14,942
14,1071
14,231
14,541
14,683
14,374
14,248
14,450
14,671
14,1010
1,573
14,182
14,148
14,1070
14,420
14,611
14,642
14,866
14,1018
14,722
14,402
14,144
14,81
14,158
14,180
14,312
14,334
14,135
14,958
14,515
14,428
14,155
14,113
14,146
14,118
14,139
14,173
14,196
14,138
14,218
14,862
14,1053
14,818
14,655
14,703
14,788
14,440
14,631
14,918
14,588
14,657
14,967
14,694
14,557
18,648
14,1047
14,934
14,306
14,367
14,876
14,505
14,289
14,316
14,984
14,618
14,1005
14,1100
14,454
14,1099
14,723
14,539
14,779
14,715
14,652
14,221
14,277
14,1020
14,799
14,731
14,1226
14,412
14,543
14,281
14,477
14,764
14,1000
14,659
14,294
14,456
14,504
14,822
14,358
14,733
14,851
14,827
14,1115
14,433
14,567
14,302
14,1107
14,366
14,359
14,1037
14,861
14,757
14,1165
14,885
14,774
14,909
14,952
14,330
14,845
14,488
14,1101
14,480
14,730
14,1063
14,709
14,394
14,831
14,742
14,743
14,810
14,915
14,1086
14,1150
14,666
14,524
14,833
14,795
14,819
14,649
14,917
14,507
14,411
14,311
14,416
14,314
14,495
14,474
14,746
14,425
14,1091
14,1096
14,721
14,1098
2,807
2,581
14,1008
14,634
12,711
14,308
14,336
14,895
1,836
14,1088
14,673
14,565
14,1146
14,1067
14,1137
14,946
14,1105
14,1204
14,370
14,451
14,929
14,536
14,893
14,331
14,498
14,547
14,696
14,436
14,682
14,954
14,1054
14,978
14,888
14,704
14,265
14,469
14,679
14,735
14,379
14,726
14,540
2,712
14,375
14,387
14,225
14,293
14,238
14,1048
14,592
14,578
14,903
14,1202
14,661
14,1166
14,383
14,1021
14,496
14,576
14,1155
14,869
14,803
14,327
14,907
14,589
14,1023
14,1162
14,897
14,636
14,491
14,453
14,548
14,468
14,838
14,485
14,732
14,878
14,1124
14,487
14,471
14,1118
14,1042
14,766
14,591
14,580
14,629
14,584
14,991
14,650
14,762
14,826
14,1069
14,912
14,369
14,997
14,606
14,373
14,242
14,332
14,452
14,404
14,902
14,556
14,212
14,859
14,532
14,633
14,990
14,689
14,323
14,214
14,563
14,839
17,256
14,1036
14,1073
14,449
2,1082
1,1031
14,614
14,708
14,527
14,384
14,941
14,400
14,349
14,685
14,846
14,325
14,887
14,627
14,597
14,948
14,646
14,260
14,368
14,291
14,472
14,975
1,740
14,986
12,388
14,630
14,587
14,418
2,884
14,933
14,579
14,806
14,992
14,464
14,92
14,215
14,417
14,202
14,654
14,257
14,399
14,643
14,1217
14,985
14,1017
14,463
14,600
14,1134
14,207
14,972
14,596
14,292
14,635
14,280
14,660
14,337
14,863
14,1043
14,647
14,583
14,1007
14,542
14,700
14,1064
1,490
14,800
14,710
14,1014
14,677
14,569
14,919
14,999
14,470
14,522
14,724
14,617
14,1058
14,784
14,301
14,181
14,924
14,431
14,931
14,883
14,782
14,920
14,680
14,886
14,599
14,653
14,1190
14,422
14,805
14,621
14,1028
14,192
14,881
14,380
14,352
14,891
14,1041
14,525
14,769
14,243
14,875
14,957
14,484
14,658
14,1068
14,326
14,820
14,435
14,1032
14,317
14,276
14,427
14,943
14,290
14,570
14,476
14,320
14,497
14,662
14,410
14,523
14,815
14,824
14,364
14,506
14,274
14,413
14,226
14,395
14,854
14,481
14,169
14,224
14,397
14,209
14,307
14,152
14,71
14,76
10,1290
14,86
14,194
14,688
14,356
2,258
14,544
14,124
14,1062
14,122
14,176
14,429
14,340
14,1207
14,197
14,140
14,537
14,1045
14,1147
14,1089
14,1066
14,342
14,445
14,1080
14,198
14,205
14,363
14,625
14,1208
14,559
14,728
14,574
14,821
14,921
14,1113
14,695
14,254
14,103
1,85
14,219
14,90
14,101
14,168
14,95
14,772
14,78
14,46
14,120
14,137
14,300
14,94
14,372
14,928
14,93
14,151
1,261
14,77
14,55
14,514
14,279
1,131
14,154
14,244
14,217
14,104
14,30
14,10
14,74
14,110
14,88
14,68
1,132
14,57
14,87
14,36
14,116
14,193
14,43
14,1273
14,62
14,1276
14,22
14,1284
14,1277
14,24
14,1279
14,19
14,41
14,7
14,34
14,1298
14,1289
14,48
14,18
14,115
14,21
14,141
14,1283
14,6
14,1278
14,2
16,14
14,159
14,191
14,53
14,84
14,1272
14,190
14,20
14,1297
14,1282
14,1291
14,42
14,1145
14,26
14,13
14,1015
14,392
2,750
14,241
14,298
14,73
14,432
14,1260
14,1255
14,1254
14,1258
2,1259
14,1264
14,1257
14,1261
14,1256
14,1263
14,1262
14,701
14,252
14,438
14,837
14,249
14,227
14,253
14,206
14,179
14,235
14,170
14,458
14,267
14,239
14,275
14,956
14,278
14,236
14,89
14,51
14,61
14,44
14,216
14,283
14,483
14,255
14,47
14,50
14,39
14,153
14,3
1,38
14,69
14,12
14,315
14,11
14,1270
14,54
14,163
14,188
14,223
14,112
14,809
14,67
14,29
14,149
14,58
14,1275
14,106
14,56
14,233
14,97
14,1285
14,1271
14,1286
14,79
14,4
14,59
14,100
14,1299
14,1057
14,1161
14,1268
14,91
14,63
14,1245
14,128
14,123
14,605
14,83
1,389
16,147
14,814
14,178
14,25
14,177
14,70
14,160
14,493
14,164
14,426
14,167
14,33
14,31
14,1274
14,1281
14,166
14,35
14,1266
14,1294
14,60
14,105
14,15
14,107
14,102
14,80
14,1265
14,72
14,8
14,17
14,5
14,23
14,186
14,65
14,1292
14,45
2,1
14,16
14,1295
14,52
14,37
14,1280
14,1296
14,1293
14,1288
14,1267
14,165
14,9
14,1269
14,285
14,195
14,1287
14,187
14,108
14,136
14,49
14,121
14,64
14,161
14,222
14,175
14,1233
14,877
14,994
14,549
14,126
14,183
14,561
14,130
14,119
14,96
2,109
14,28
1,66
14,117
14,27
14,82
14,127
14,75
14,40
14,150
14,208
14,98
14,145
14,143
16,1160
14,211
14,297
2,99
14,1011
2,172
2,32
14,1300
14,378
15,1121
15,287
15,237
15,133
15,200
15,335
15,114
15,518
15,1027
15,705
15,1016
1,210
1,835
1,129
16,157
1,246
17,230
17,1074
14,738
14,1083
1,457
17,259
14,697
14,142
14,1231
14,1250
1,171
1,448
14,1248
14,1251
14,698
17,813
17,1196
1,266
1,841
14,228
14,299
14,111
1,376
1,134
1,961
1,229
1,390
14,125
14,263
17,185
1,162
