25,833
23,565
57,831
28,845
41,640
65,769
56,767
23,682
23,739
17,713
16,797
23,832
59,732
31,762
41,691
20,642
23,756
67,795
23,367
55,711
2,776
41,810
25,671
28,607
63,747
51,822
20,318
41,494
69,669
15,853
20,847
25,818
25,751
50,114
63,687
35,793
69,731
66,608
7,559
8,645
25,707
25,353
25,839
38,771
63,543
41,750
38,723
23,322
25,689
56,763
25,817
58,714
25,709
34,802
23,676
25,746
49,653
61,598
23,573
53,184
34,748
66,179
7,782
37,638
20,675
25,571
25,761
23,579
69,595
41,485
59,304
51,646
51,719
62,778
66,619
59,672
51,615
58,734
25,555
66,764
23,774
27,848
41,668
41,677
63,216
27,212
10,695
32,685
63,305
23,820
48,605
25,686
25,826
23,787
59,841
59,789
41,825
34,819
41,840
14,704
35,416
58,792
66,850
35,829
28,575
31,790
52,712
41,814
23,737
25,740
27,532
28,170
66,568
23,588
67,48
23,550
28,566
23,754
52,547
41,843
25,718
25,725
36,816
60,849
41,806
25,661
25,842
25,437
61,824
20,429
23,652
22,462
23,259
25,518
60,94
23,524
36,19
25,109
51,479
34,478
25,567
25,9
64,326
23,246
65,604
8,618
25,692
67,226
21,422
41,558
68,766
41,267
59,639
45,445
64,800
58,17
41,378
58,727
20,418
30,770
25,328
69,706
34,384
69,374
25,253
41,643
23,234
37,345
23,854
23,670
26,830
18,59
25,131
56,681
7,745
49,852
62,696
41,834
23,779
25,773
41,637
8,708
57,610
23,683
25,512
4,557
23,520
25,654
29,625
25,611
51,626
41,499
25,563
51,393
37,634
59,587
41,589
69,651
23,535
54,562
41,678
59,743
26,585
59,757
66,622
40,788
19,693
25,530
22,118
50,442
31,702
23,703
25,721
25,541
26,656
23,755
6,684
26,781
18,516
38,627
25,644
23,722
67,453
58,522
20,255
23,556
26,423
27,657
23,796
39,837
25,309
37,443
25,600
23,552
46,803
25,738
23,597
35,663
60,617
29,574
37,635
25,591
61,649
33,716
60,705
23,623
37,780
41,641
23,760
37,694
7,580
37,724
23,630
67,458
23,799
28,648
25,759
58,658
23,667
28,477
63,504
8,551
25,592
28,741
23,513
23,472
23,544
25,596
63,459
25,469
25,167
20,444
41,515
63,377
37,338
23,2
41,8
37,435
23,295
28,528
51,401
59,386
23,380
59,534
38,385
41,249
45,55
5,381
20,427
25,483
26,362
1,388
25,390
69,475
23,317
25,144
28,468
37,237
12,187
37,484
35,315
25,449
25,564
23,726
23,465
25,481
35,599
25,700
23,578
47,620
25,323
37,749
25,583
41,116
23,577
35,594
23,768
23,394
26,343
58,169
3,433
23,329
23,344
28,199
9,744
23,283
25,398
23,265
23,506
23,222
27,519
19,655
27,81
36,440
25,375
41,349
37,330
23,526
59,498
35,662
28,650
6,493
23,432
23,266
23,365
25,276
25,12
25,136
23,229
59,68
7,368
27,90
23,133
27,476
27,364
36,537
25,279
35,402
28,209
63,132
15,141
23,348
7,400
23,570
23,614
25,680
23,542
23,452
8,51
63,32
37,193
56,715
38,511
23,593
23,752
59,473
23,569
23,601
52,492
23,502
23,501
59,404
59,327
23,730
23,728
23,697
25,572
23,447
17,391
23,436
25,497
25,742
23,508
23,673
58,772
41,699
58,688
23,733
25,586
25,431
23,603
24,500
26,523
25,214
63,263
25,576
41,293
63,42
59,306
7,439
59,221
43,126
25,122
63,41
25,134
23,233
59,92
23,121
41,270
27,357
7,185
23,56
23,448
11,303
64,514
59,308
23,406
37,335
23,49
26,257
25,609
23,415
23,236
63,584
23,67
25,366
23,482
59,66
25,142
23,710
27,173
23,110
23,190
23,161
23,413
63,127
25,180
25,271
23,313
41,138
63,546
25,290
23,147
59,231
60,23
26,631
59,616
23,488
23,346
63,208
26,521
23,268
28,387
7,33
23,1
27,302
27,311
23,347
23,213
70,93
63,392
23,399
25,296
59,549
23,128
23,188
23,529
23,242
23,53
27,79
23,165
25,43
23,403
23,621
23,430
8,582
63,495
25,227
59,505
65,291
42,525
25,503
23,679
23,456
26,215
63,218
25,461
23,171
23,319
25,203
25,517
25,420
26,510
23,355
26,333
23,331
41,467
25,86
59,735
27,82
25,480
23,613
23,647
25,354
23,466
23,441
27,228
23,111
23,352
23,341
25,359
23,463
25,105
23,260
26,24
23,256
61,280
23,324
25,264
23,117
41,112
23,297
57,4
23,240
23,189
41,160
23,106
59,14
41,211
63,88
23,27
25,130
23,289
23,159
57,225
25,31
23,272
37,16
25,65
23,149
23,332
23,207
42,172
59,219
23,244
23,561
23,312
23,241
23,252
7,247
37,278
23,371
23,250
23,548
23,428
23,195
23,275
23,64
25,232
25,300
23,168
25,298
23,337
23,307
23,358
25,238
23,104
23,340
23,101
23,36
63,301
26,316
23,334
25,137
23,123
25,356
23,61
23,163
23,54
7,140
23,98
23,44
25,220
23,47
23,285
23,373
23,230
23,206
23,784
23,855
25,539
59,861
25,28
23,808
23,720
7,450
23,46
23,851
25,785
23,99
23,181
41,152
27,108
25,97
23,277
25,192
23,813
23,70
23,5
23,22
26,659
23,857
23,660
41,15
23,859
23,166
23,314
13,178
7,828
23,83
25,407
41,248
59,197
23,273
23,201
59,531
23,860
23,157
23,396
23,120
23,821
23,701
23,286
23,805
23,777
23,823
27,632
23,612
23,84
23,419
23,674
23,624
23,815
23,336
23,125
23,858
23,507
23,801
41,835
41,536
23,758
23,698
23,150
64,553
44,491
63,412
23,665
23,287
23,154
23,235
23,310
23,91
25,451
41,269
23,540
23,666
23,85
23,405
26,370
25,460
23,581
23,471
23,414
23,408
23,274
23,446
23,496
25,261
23,434
59,35
23,25
23,360
23,89
23,45
23,487
23,177
25,74
41,425
25,664
23,155
41,143
23,129
23,527
23,58
23,243
23,145
23,6
23,490
23,113
25,75
23,103
23,38
23,62
23,80
25,205
23,18
7,254
23,115
23,148
41,223
23,151
23,37
23,294
23,29
23,69
23,198
23,162
25,164
4,489
25,636
23,383
23,282
25,438
23,602
27,633
6,95
23,417
23,409
23,204
23,538
23,509
25,71
23,457
23,382
23,426
23,339
23,96
23,350
23,554
23,690
23,76
25,411
6,376
23,196
23,284
23,474
23,454
41,153
23,202
23,13
23,124
23,239
23,245
23,455
7,135
23,52
23,258
23,320
23,397
23,395
23,224
25,156
23,78
23,158
1,102
23,183
41,545
23,533
23,3
23,372
23,174
23,7
7,50
41,379
41,107
9,119
23,60
23,20
23,200
23,470
5,26
23,73
23,139
17,281
23,191
23,194
23,72
12,77
23,34
23,210
41,176
23,57
23,606
7,838
41,836
23,560
6,765
41,351
7,63
23,844
7,629
8,811
41,421
23,464
41,827
23,717
23,175
23,809
23,410
23,590
41,846
23,363
41,804
23,783
23,251
23,39
7,486
41,856
23,40
23,182
23,812
23,369
23,146
23,262
41,342
7,807
23,736
7,217
23,753
23,791
23,288
23,786
23,325
7,87
23,424
7,729
23,186
23,299
23,798
23,628
41,100
23,321
23,21
23,775
41,292
8,10
41,794
41,389
41,30
41,361
41,11
