1,825
15,1225
18,1247
18,1178
1,1182
15,1177
15,1222
1,996
1,1236
15,1239
18,1061
18,546
15,1097
15,1246
1,1112
1,856
1,1055
15,1185
15,1244
15,1046
15,1167
15,446
1,971
15,1229
1,1232
15,1224
1,987
1,1206
18,1184
15,520
1,1253
1,1179
1,968
15,1252
1,1077
15,1238
1,932
18,1191
18,1176
1,1085
15,619
15,988
15,913
18,1139
1,1140
15,1205
18,568
15,1223
1,1022
18,1148
18,414
1,776
15,670
18,1218
15,1168
18,1133
15,1195
18,667
18,804
1,623
18,964
15,1128
17,1159
1,632
1,865
1,783
18,586
15,843
18,1157
1,976
15,979
1,1033
14,1111
15,949
1,947
15,871
15,755
15,1132
18,516
1,502
15,322
1,1102
6,1180
15,901
15,937
15,848
15,1221
15,391
18,889
15,1203
17,1153
15,1169
15,535
15,1090
15,739
1,874
18,867
1,982
1,744
18,759
15,1149
1,407
15,1110
15,1109
1,1240
18,955
1,462
1,1227
1,727
15,558
2,1065
18,1219
15,1213
1,1135
15,1151
15,1241
1,615
15,1141
1,607
15,1173
1,270
15,752
17,765
15,1114
3,1188
1,767
1,894
17,594
1,1198
1,842
15,296
15,832
1,970
2,823
15,641
1,1142
15,785
15,773
15,725
15,1129
15,421
2,1117
1,1175
15,1234
1,1200
15,1230
1,1040
15,1212
18,1174
1,521
15,926
15,669
18,868
15,251
15,1171
15,1158
1,1120
15,466
15,927
1,675
1,552
4,940
18,792
1,1093
1,1044
1,455
1,571
15,981
15,953
8,510
2,1197
1,1030
15,1025
15,1026
1,1087
15,935
1,345
1,1215
7,529
15,1056
15,898
15,777
1,365
15,1201
3,1242
1,1235
1,951
18,756
15,797
15,610
15,1143
15,341
15,748
15,651
1,816
15,980
15,808
15,719
15,423
1,908
15,1125
15,1154
15,896
15,966
15,303
7,880
15,628
1,318
15,1181
1,1095
1,1138
15,872
15,1013
15,1192
15,1237
18,499
15,914
15,1243
15,794
15,1051
15,1103
1,1052
18,531
15,828
15,1163
15,1152
12,604
2,1228
2,385
1,1122
15,509
15,1194
18,1189
15,1116
7,1131
11,663
1,668
15,775
10,681
15,1001
15,995
15,1210
15,830
15,1127
15,1170
1,905
15,1130
15,1211
12,1078
15,409
15,1084
12,977
13,271
15,638
18,873
15,393
15,1193
15,1119
2,1092
15,672
15,699
15,403
3,892
15,1164
15,1049
2,1012
9,1249
15,1006
15,938
15,761
15,969
15,847
15,350
15,354
10,430
15,406
15,899
10,637
15,1126
15,993
15,1183
15,974
18,386
15,674
1,1144
15,1081
1,989
15,973
15,355
15,572
15,608
15,442
15,213
15,189
15,1220
15,286
1,272
15,513
2,309
15,850
15,508
15,852
15,737
15,944
15,1094
15,434
15,844
15,401
15,357
15,684
15,923
15,612
15,1079
15,702
18,616
15,720
15,500
15,860
15,321
15,791
15,904
15,811
15,717
15,232
15,734
15,1024
15,707
15,424
15,1075
15,729
15,269
15,747
15,602
15,790
1,419
15,538
15,240
15,360
15,362
15,489
15,273
15,329
15,1072
15,460
15,382
15,465
15,812
15,353
15,344
15,786
15,802
15,593
15,855
15,829
15,566
15,963
15,473
15,264
15,1156
15,965
15,554
15,1108
15,1136
15,939
15,408
15,343
15,585
15,447
15,262
15,916
15,936
15,858
15,550
15,439
15,461
2,247
15,644
1,945
15,718
15,486
15,338
15,551
15,664
15,478
15,528
15,577
15,656
15,870
5,1104
2,960
15,284
15,849
15,443
15,1004
15,781
15,250
15,879
15,691
15,763
15,706
15,1039
15,925
15,517
15,714
15,787
15,771
15,1050
15,220
15,890
15,692
15,503
15,1002
15,768
15,622
15,613
15,1123
15,475
15,324
15,745
15,1106
15,437
15,749
15,950
15,1187
15,754
1,713
15,1038
15,545
15,626
15,911
15,328
14,295
15,780
15,640
15,1034
15,203
15,201
12,444
15,441
15,560
15,840
15,857
15,959
15,582
15,736
15,906
15,900
2,511
15,798
15,770
15,1209
15,793
15,313
15,690
15,245
15,339
2,361
8,1003
15,796
15,620
15,415
15,716
15,351
15,288
15,396
15,305
15,789
15,479
15,603
15,530
15,834
15,310
15,555
15,693
15,268
15,910
15,526
15,817
15,1009
15,678
15,864
15,590
18,595
15,564
15,753
15,494
15,553
15,377
15,534
15,533
15,156
15,519
1,962
15,459
15,405
15,598
15,882
15,346
15,1019
15,398
15,512
15,1216
15,676
15,1186
15,639
15,501
15,922
15,1214
15,467
15,1035
15,1199
15,665
15,609
15,575
15,1029
15,983
15,601
1,381
15,199
15,645
15,492
15,930
15,687
15,998
15,347
15,282
15,741
15,1059
15,348
15,801
15,333
15,371
15,686
15,751
15,482
15,778
15,304
15,758
15,624
15,1060
15,184
15,174
15,204
15,562
15,1076
15,1172
15,760
15,319
1,234
15,853
15,942
15,1071
15,231
15,541
15,683
15,374
15,248
15,450
15,671
15,1010
1,573
15,182
15,148
15,1070
15,420
15,611
15,642
15,866
15,1018
15,722
15,402
15,144
15,81
15,158
15,180
15,312
15,334
15,135
15,958
15,515
15,428
15,155
15,113
15,146
15,118
15,139
15,173
15,196
15,138
15,218
15,862
15,1053
15,818
15,655
15,703
15,788
15,440
15,631
15,918
15,588
15,657
15,967
15,694
15,557
19,648
15,1047
15,934
15,306
15,367
15,876
15,505
15,289
15,316
15,984
15,618
15,1005
15,1100
15,454
15,1099
15,723
15,539
15,779
15,715
15,652
15,221
15,277
15,1020
15,799
15,731
15,1226
15,412
15,543
15,281
15,477
15,764
15,1000
15,659
15,294
15,456
15,504
15,822
15,358
15,733
15,851
15,827
15,1115
15,433
15,567
15,302
15,1107
15,366
15,359
15,1037
15,861
15,757
15,1165
15,885
15,774
15,909
15,952
15,330
15,845
15,488
15,1101
15,480
15,730
15,1063
15,709
15,394
15,831
15,742
15,743
15,810
15,915
15,1086
15,1150
15,666
15,524
15,833
15,795
15,819
15,649
15,917
15,507
15,411
15,311
15,416
15,314
15,495
15,474
15,746
15,425
15,1091
15,1096
15,721
15,1098
2,807
2,581
15,1008
15,634
12,711
15,308
15,336
15,895
1,836
15,1088
15,673
15,565
15,1146
15,1067
15,1137
15,946
15,1105
15,1204
15,370
15,451
15,929
15,536
15,893
15,331
15,498
15,547
15,696
15,436
15,682
15,954
15,1054
15,978
15,888
15,704
15,265
15,469
15,679
15,735
15,379
15,726
15,540
2,712
15,375
15,387
15,225
15,293
15,238
15,1048
15,592
15,578
15,903
15,1202
15,661
15,1166
15,383
15,1021
15,496
15,576
15,1155
15,869
15,803
15,327
15,907
15,589
15,1023
15,1162
15,897
15,636
15,491
15,453
15,548
15,468
15,838
15,485
15,732
15,878
15,1124
15,487
15,471
15,1118
15,1042
15,766
15,591
15,580
15,629
15,584
15,991
15,650
15,762
15,826
15,1069
15,912
15,369
15,997
15,606
15,373
15,242
15,332
15,452
15,404
15,902
15,556
15,212
15,859
15,532
15,633
15,990
15,689
15,323
15,214
15,563
15,839
18,256
15,1036
15,1073
15,449
2,1082
1,1031
15,614
15,708
15,527
15,384
15,941
15,400
15,349
15,685
15,846
15,325
15,887
15,627
15,597
15,948
15,646
15,260
15,368
15,291
15,472
15,975
1,740
15,986
12,388
15,630
15,587
15,418
2,884
15,933
15,579
15,806
15,992
15,464
15,92
15,215
15,417
15,202
15,654
15,257
15,399
15,643
15,1217
15,985
15,1017
15,463
15,600
15,1134
15,207
15,972
15,596
15,292
15,635
15,280
15,660
15,337
15,863
15,1043
15,647
15,583
15,1007
15,542
15,700
15,1064
1,490
15,800
15,710
15,1014
15,677
15,569
15,919
15,999
15,470
15,522
15,724
15,617
15,1058
15,784
15,301
15,181
15,924
15,431
15,931
15,883
15,782
15,920
15,680
15,886
15,599
15,653
15,1190
15,422
15,805
15,621
15,1028
15,192
15,881
15,380
15,352
15,891
15,1041
15,525
15,769
15,243
15,875
15,957
15,484
15,658
15,1068
15,326
15,820
15,435
15,1032
15,317
15,276
15,427
15,943
15,290
15,570
15,476
15,320
15,497
15,662
15,410
15,523
15,815
15,824
15,364
15,506
15,274
15,413
15,226
15,395
15,854
15,481
15,169
15,224
15,397
15,209
15,307
15,152
15,71
15,76
10,1290
15,86
15,194
15,688
15,356
2,258
15,544
15,124
15,1062
15,122
15,176
15,429
15,340
15,1207
15,197
15,140
15,537
15,1045
15,1147
15,1089
15,1066
15,342
15,445
15,1080
15,198
15,205
15,363
15,625
15,1208
15,559
15,728
15,574
15,821
15,921
15,1113
15,695
15,254
15,103
1,85
15,219
15,90
15,101
15,168
15,95
15,772
15,78
15,46
15,120
15,137
15,300
15,94
15,372
15,928
15,93
15,151
1,261
15,77
15,55
15,514
15,279
1,131
15,154
15,244
15,217
15,104
15,30
15,10
15,74
15,110
15,88
15,68
1,132
15,57
15,87
15,36
15,116
15,193
15,43
15,1273
15,62
15,1276
15,22
15,1284
15,1277
15,24
15,1279
15,19
15,41
15,7
15,34
15,1298
15,1289
15,48
15,18
15,115
15,21
15,141
15,1283
15,6
15,1278
15,2
17,14
15,159
15,191
15,53
15,84
15,1272
15,190
15,20
15,1297
15,1282
15,1291
15,42
15,1145
15,26
15,13
15,1015
15,392
2,750
15,241
15,298
15,73
15,432
15,1260
15,1255
15,1254
15,1258
2,1259
15,1264
15,1257
15,1261
15,1256
15,1263
15,1262
15,701
15,252
15,438
15,837
15,249
15,227
15,253
15,206
15,179
15,235
15,170
15,458
15,267
15,239
15,275
15,956
15,278
15,236
15,89
15,51
15,61
15,44
15,216
15,283
15,483
15,255
15,47
15,50
15,39
15,153
15,3
1,38
15,69
15,12
15,315
15,11
15,1270
15,54
15,163
15,188
15,223
15,112
15,809
15,67
15,29
15,149
15,58
15,1275
15,106
15,56
15,233
15,97
15,1285
15,1271
15,1286
15,79
15,4
15,59
15,100
15,1299
15,1057
15,1161
15,1268
15,91
15,63
15,1245
15,128
15,123
15,605
15,83
1,389
17,147
15,814
15,178
15,25
15,177
15,70
15,160
15,493
15,164
15,426
15,167
15,33
15,31
15,1274
15,1281
15,166
15,35
15,1266
15,1294
15,60
15,105
15,15
15,107
15,102
15,80
15,1265
15,72
15,8
15,17
15,5
15,23
15,186
15,65
15,1292
15,45
2,1
15,16
15,1295
15,52
15,37
15,1280
15,1296
15,1293
15,1288
15,1267
15,165
15,9
15,1269
15,285
15,195
15,1287
15,187
15,108
15,136
15,49
15,121
15,64
15,161
15,222
15,175
15,1233
15,877
15,994
15,549
15,126
15,183
15,561
15,130
15,119
15,96
2,109
15,28
1,66
15,117
15,27
15,82
15,127
15,75
15,40
15,150
15,208
15,98
15,145
15,143
17,1160
15,211
15,297
2,99
15,1011
2,172
2,32
15,1300
15,378
16,1121
16,287
16,237
16,133
16,200
16,335
16,114
16,518
16,1027
16,705
16,1016
1,210
1,835
1,129
17,157
1,246
18,230
18,1074
15,738
15,1083
1,457
18,259
15,697
15,142
15,1231
15,1250
1,171
1,448
15,1248
15,1251
15,698
18,813
18,1196
1,266
1,841
15,228
15,299
15,111
1,376
1,134
1,961
1,229
1,390
15,125
15,263
18,185
1,162
