20,712
20,728
20,737
30,724
20,701
20,600
45,618
20,508
20,646
20,654
20,656
21,505
20,719
20,739
20,643
20,669
20,664
20,504
46,686
20,616
20,729
20,677
45,596
20,633
45,734
44,718
20,715
20,723
20,702
45,545
20,685
20,671
20,722
30,571
20,406
20,720
20,512
19,756
20,735
46,727
20,370
20,546
20,364
20,427
20,621
45,564
20,351
20,521
28,632
18,732
46,687
18,659
11,526
20,604
20,731
26,705
10,615
20,601
28,506
20,672
19,714
20,611
20,644
45,708
45,479
20,648
20,559
20,588
20,547
45,710
18,667
20,581
21,469
20,553
22,647
45,636
20,638
20,562
20,688
19,585
45,520
20,262
20,630
20,560
16,613
19,419
20,699
19,476
20,590
20,456
18,529
20,570
20,623
28,662
24,272
18,401
20,524
44,403
9,609
45,321
20,346
20,649
20,645
16,386
15,368
20,661
18,652
27,706
20,461
69,284
19,625
45,550
12,586
45,670
20,634
18,610
21,703
3,543
30,683
43,352
25,721
45,568
45,363
20,208
20,535
67,541
20,379
45,497
12,418
34,528
20,444
42,640
20,695
20,607
20,655
20,591
59,680
18,573
18,673
41,696
38,593
75,400
13,709
20,658
2,657
20,540
20,446
18,393
64,319
56,453
18,660
45,438
20,462
57,507
36,744
32,675
20,287
6,264
20,192
4,484
20,679
56,347
25,460
13,605
15,390
49,382
31,405
20,236
23,454
8,578
8,247
45,488
42,378
33,522
58,407
56,425
56,502
18,330
45,373
58,276
56,483
58,285
20,274
56,435
57,491
22,249
17,415
58,515
56,441
20,514
63,374
56,486
58,327
69,381
58,377
56,487
56,429
58,574
62,542
58,463
57,525
58,450
58,455
18,493
18,220
56,238
58,320
56,243
56,413
19,387
56,316
56,354
58,443
45,492
40,397
20,189
8,412
45,150
72,404
56,248
58,537
18,241
56,385
58,299
56,211
29,408
56,232
56,306
51,430
58,464
56,577
56,494
14,567
20,258
56,384
56,255
58,627
56,235
56,270
56,181
56,177
58,532
56,594
54,608
6,421
20,296
56,383
56,694
56,414
4,503
58,411
56,556
56,442
58,513
56,361
58,642
65,209
56,329
56,348
58,325
58,475
56,227
58,449
56,283
58,436
56,307
58,239
56,162
58,266
56,434
61,212
56,297
58,196
56,184
57,301
56,223
56,345
56,259
58,500
58,197
37,490
58,579
56,554
56,392
56,641
58,576
56,480
56,228
58,290
56,288
58,253
69,372
58,440
58,350
58,225
56,375
56,252
53,278
56,176
58,598
56,575
58,395
39,626
58,472
58,416
56,231
56,206
58,595
58,240
60,628
58,561
58,268
58,582
18,277
58,275
56,154
58,201
58,603
56,185
56,750
56,747
58,755
58,745
58,758
56,653
58,760
56,757
58,753
56,742
56,748
58,752
58,746
58,749
58,751
46,743
59,761
20,523
58,552
18,527
58,467
50,332
58,549
58,451
58,530
56,353
56,366
56,221
56,359
58,256
56,322
56,555
56,254
58,280
56,202
58,485
18,291
58,237
74,355
58,300
58,424
56,340
58,519
56,580
56,459
58,389
58,614
58,282
56,544
69,265
56,433
1,380
56,289
56,589
56,305
56,439
58,651
56,311
56,309
56,637
58,639
56,445
56,224
56,668
56,344
56,597
56,587
56,251
58,207
58,315
56,230
58,631
56,195
56,312
58,295
56,698
18,516
56,388
58,313
58,612
56,399
56,509
58,563
56,367
56,583
56,557
56,409
56,716
56,398
58,394
58,622
56,432
56,437
56,465
56,635
56,458
56,410
66,293
56,468
56,539
20,267
56,334
73,349
58,343
58,362
56,428
69,606
56,338
58,302
56,260
56,242
66,357
58,308
58,342
56,518
56,717
56,331
58,182
56,175
58,279
56,261
56,365
56,689
56,510
56,551
58,423
56,304
45,326
58,318
56,726
56,697
58,269
58,681
56,707
56,317
56,617
56,693
7,692
58,629
58,725
56,730
56,676
56,496
56,323
56,666
58,736
58,691
58,733
58,569
56,682
58,665
58,489
56,538
45,548
18,402
56,599
56,481
70,263
73,452
56,572
56,482
58,584
58,558
56,498
56,213
58,501
56,200
56,391
56,376
58,624
56,704
56,324
56,678
56,273
56,360
5,180
58,470
56,690
58,198
69,333
56,740
58,466
56,471
56,328
56,294
56,188
56,286
56,448
56,203
58,193
58,244
18,592
56,684
56,565
56,663
56,536
58,298
20,137
58,336
58,341
56,166
56,229
56,310
58,271
56,199
56,763
56,764
58,754
56,149
56,191
58,257
20,194
56,499
68,110
18,292
56,426
52,369
56,477
58,602
58,219
56,422
56,478
56,358
56,142
58,711
56,533
56,126
56,431
58,417
58,64
56,112
58,172
58,65
56,114
56,25
58,218
56,81
58,741
58,122
56,23
56,46
56,152
56,566
58,30
56,70
54,123
45,179
56,76
56,100
58,7
56,214
56,128
58,473
56,447
56,335
56,650
56,19
56,51
56,770
56,40
58,98
56,26
56,173
58,132
58,120
56,700
56,738
58,303
56,215
58,155
56,713
56,281
54,141
56,140
56,5
56,79
56,15
58,115
56,337
58,420
56,54
56,127
71,102
57,31
56,69
56,517
58,67
56,216
56,8
56,33
56,74
56,29
58,55
56,14
58,89
56,32
56,84
58,28
56,72
29,1
15,47
56,3
58,41
56,97
58,90
56,6
56,39
56,133
56,82
58,762
56,11
58,27
56,21
56,125
56,765
58,44
56,769
58,43
56,768
58,135
56,183
56,190
56,68
56,161
56,159
56,124
56,92
56,234
56,168
56,246
46,147
58,531
56,134
55,66
56,153
56,106
56,60
56,77
56,20
56,22
56,2
56,10
56,93
52,45
56,109
58,101
58,78
56,131
58,58
56,157
56,144
56,24
56,103
56,35
1,146
56,62
58,48
56,18
58,767
56,13
56,87
58,36
58,17
56,37
54,63
56,83
56,9
56,16
56,42
58,136
58,766
58,339
58,205
58,71
56,396
56,178
56,52
58,222
58,356
56,116
39,107
56,474
56,96
56,511
58,534
56,314
56,204
58,138
56,91
56,151
56,50
75,139
56,148
35,88
56,38
56,111
58,80
58,86
56,210
56,61
56,12
56,117
56,73
56,186
56,75
58,620
58,105
56,165
56,85
56,104
58,187
56,163
56,121
58,95
56,169
56,108
58,56
56,143
39,164
56,113
58,129
45,233
55,226
55,759
56,619
55,94
55,59
55,49
55,119
55,34
55,4
55,160
55,250
55,495
48,158
55,245
56,457
55,171
55,217
29,170
55,57
55,99
20,53
47,674
47,371
20,145
20,118
20,167
20,174
20,156
46,130
