11,753
11,746
11,76
8,762
9,775
11,512
11,668
13,486
9,706
11,696
13,758
13,699
2,780
8,260
2,711
10,691
5,499
8,796
13,45
13,130
2,206
8,89
6,669
17,632
13,735
11,703
13,724
13,790
8,756
13,782
5,754
8,169
2,777
2,716
13,759
13,761
7,123
2,755
9,774
8,663
11,661
11,788
13,583
10,511
13,739
6,694
5,577
8,690
16,606
2,752
8,767
11,747
19,685
8,383
13,766
6,63
8,713
2,468
9,127
13,679
11,741
5,750
13,672
5,619
13,727
19,742
7,693
5,722
13,717
19,714
11,528
5,504
13,608
6,660
6,510
13,605
13,698
5,728
11,634
11,635
13,526
1,574
11,502
2,417
13,372
14,537
16,473
11,432
13,544
5,282
11,589
11,337
5,557
13,224
13,710
5,721
8,626
13,385
13,529
13,405
13,395
11,426
13,617
9,595
13,671
3,552
12,515
13,666
2,667
19,551
2,615
13,603
11,683
10,522
2,569
6,680
19,505
5,627
8,516
5,723
11,686
13,466
13,719
2,725
13,689
11,637
13,564
11,568
11,286
13,306
8,464
8,453
16,436
13,313
8,28
11,329
11,77
11,218
13,268
13,494
13,440
13,514
13,449
11,769
11,378
11,65
11,783
13,598
2,700
11,625
13,720
13,654
12,662
11,452
13,597
6,256
11,438
12,105
4,240
20,673
6,590
13,612
11,638
13,533
2,622
19,565
13,563
13,664
13,506
2,670
11,692
11,675
13,348
13,541
13,381
13,459
5,584
11,618
8,548
2,546
17,650
2,384
13,408
11,358
11,312
5,779
2,27
15,642
13,718
11,441
13,740
13,592
13,300
13,518
13,227
13,211
13,628
13,213
1,99
4,443
13,639
2,677
2,35
19,155
13,392
13,195
13,98
13,174
4,30
8,462
13,237
13,393
13,422
13,226
13,542
6,298
2,376
13,294
13,305
9,580
15,198
9,331
9,336
13,134
13,192
13,315
13,196
15,682
12,540
13,591
9,148
11,391
9,271
13,547
15,567
2,653
13,704
13,418
13,280
13,630
13,415
11,463
2,687
10,594
13,357
13,360
17,434
13,550
5,629
5,536
2,490
11,368
9,140
11,520
7,125
13,302
11,458
19,11
11,100
13,517
8,141
2,343
9,480
9,308
11,325
11,461
5,245
13,623
16,531
5,364
13,497
11,521
5,534
13,684
8,460
2,601
10,620
4,543
13,715
13,139
13,420
13,212
8,142
9,610
8,651
13,586
2,151
11,425
8,423
2,508
18,73
13,401
12,347
13,539
13,498
11,399
13,561
13,538
13,640
13,621
13,487
13,475
11,649
11,562
13,575
13,571
13,611
13,316
11,648
5,633
19,712
13,442
13,613
11,407
13,350
13,409
13,554
5,410
4,489
2,122
2,176
2,448
13,607
11,501
13,695
6,614
19,532
13,446
13,560
13,301
13,194
13,205
8,207
6,162
13,582
13,335
13,168
2,143
11,208
2,369
13,103
13,588
13,573
13,397
19,281
17,555
13,248
13,307
8,344
13,108
2,25
2,332
5,279
2,362
2,230
13,55
13,12
13,363
13,530
13,323
5,81
13,373
13,513
13,545
12,328
11,527
10,173
13,375
13,152
13,394
5,219
13,359
13,604
10,479
13,341
13,587
12,299
13,330
4,241
12,234
13,370
11,471
13,600
13,503
13,412
2,636
2,467
2,658
2,674
2,193
13,470
13,36
13,8
13,201
13,20
12,246
13,214
9,69
13,435
2,292
13,437
8,295
2,225
5,197
13,317
2,238
13,356
13,112
13,94
13,297
13,60
13,95
19,183
11,342
13,43
2,85
13,191
13,274
8,215
13,189
21,164
13,175
13,101
19,19
13,167
13,411
2,239
2,760
19,652
5,86
2,396
13,365
2,380
13,107
13,229
13,153
13,377
13,158
11,456
13,293
13,483
13,137
13,172
2,252
2,52
13,190
15,304
13,303
13,257
2,314
9,146
13,171
13,92
2,91
8,382
12,79
2,414
13,185
13,145
13,147
13,265
13,113
13,150
13,7
2,129
13,242
13,26
13,138
19,309
13,477
13,157
19,184
13,41
2,10
13,136
2,254
11,2
4,126
13,154
13,61
8,266
2,3
12,144
19,71
2,128
13,272
13,439
3,178
13,121
13,102
2,643
2,339
2,324
13,83
11,80
2,88
13,296
13,288
13,259
19,6
13,42
13,495
13,232
13,163
13,1
13,366
2,4
13,261
4,29
13,119
13,519
13,289
13,419
13,51
13,48
13,402
13,22
13,54
8,40
13,97
13,333
13,32
5,578
2,602
2,131
13,135
13,57
13,132
13,18
13,14
13,179
13,275
13,349
13,283
2,455
13,481
13,285
13,210
13,59
13,104
13,9
13,263
13,39
13,284
13,220
13,5
13,233
13,264
2,223
13,222
13,398
13,576
2,451
13,231
13,253
10,374
13,16
2,556
2,277
13,367
13,244
13,44
13,114
13,353
13,318
2,90
13,120
13,186
13,523
2,249
13,118
19,68
13,93
13,64
13,404
9,267
13,250
8,310
2,361
13,430
2,177
13,72
13,371
13,78
2,270
13,273
13,31
13,47
13,62
13,17
13,96
13,161
19,74
13,334
13,46
2,156
13,116
13,23
2,75
13,56
13,216
8,326
13,255
13,67
13,37
13,478
13,278
13,159
2,209
13,379
13,200
13,509
13,319
13,235
13,447
19,221
13,228
13,188
13,702
13,49
13,269
13,133
13,87
2,428
13,688
13,581
13,596
13,389
13,655
13,553
19,599
13,549
13,641
13,570
13,124
13,646
13,579
13,388
13,676
13,624
2,678
13,705
11,287
19,482
19,387
2,525
19,491
13,492
13,485
13,558
13,400
14,406
13,416
13,390
2,465
2,665
2,450
13,165
2,322
13,496
13,320
13,170
13,354
13,352
2,431
13,58
13,243
13,340
13,559
13,444
13,609
13,457
13,403
13,507
13,276
2,476
13,38
2,202
13,351
13,355
19,433
13,111
13,109
13,338
13,50
13,182
13,203
2,33
13,386
13,474
13,795
13,701
13,781
13,262
13,792
13,794
2,793
13,770
13,290
13,115
2,524
15,34
13,13
13,21
2,15
13,708
19,797
2,737
2,736
13,180
13,786
13,773
13,745
13,771
13,734
13,709
13,731
13,772
13,251
13,743
13,236
13,748
13,749
13,798
13,787
19,445
13,187
13,217
19,732
19,493
2,566
2,657
19,656
2,454
13,427
2,585
2,535
19,659
13,697
13,149
13,84
13,789
2,321
2,744
2,488
13,106
13,199
2,82
2,751
13,429
19,616
13,785
13,593
13,778
13,469
13,765
19,484
13,738
13,204
14,311
13,733
13,726
19,327
19,729
19,345
13,258
13,730
19,707
13,631
2,768
2,500
2,644
2,791
13,110
13,681
19,166
13,764
19,424
13,757
13,413
2,647
13,784
13,472
19,763
19,776
2,572
2,66
13,53
2,117
13,645
19,70
2,247
2,346
2,181
2,24
13,291
2,421
2,160
