24,753
23,746
25,76
15,762
18,775
25,512
22,668
29,486
18,706
23,696
31,758
31,699
5,780
17,260
5,711
21,691
10,499
17,796
28,45
29,130
5,206
15,89
12,669
35,632
31,735
22,703
30,724
30,790
15,756
30,782
10,754
16,169
3,777
5,716
30,759
31,761
14,123
4,755
18,774
15,663
23,661
25,788
29,583
20,511
30,739
12,694
10,577
15,690
34,606
4,752
15,767
22,747
38,685
15,383
31,766
12,63
17,713
4,468
18,127
29,679
25,741
10,750
30,672
11,619
30,727
38,742
13,693
11,722
29,717
37,714
25,528
11,504
31,608
12,660
12,510
30,605
30,698
11,728
22,634
25,635
31,526
1,574
25,502
5,417
29,372
32,537
34,473
25,432
30,544
11,282
22,589
22,337
11,557
29,224
29,710
10,721
15,626
30,385
30,529
31,405
28,395
25,426
31,617
18,595
30,671
7,552
27,515
31,666
4,667
38,551
4,615
29,603
22,683
20,522
5,569
12,680
38,505
11,627
15,516
11,723
25,686
31,466
30,719
4,725
31,689
25,637
30,564
25,568
22,286
30,306
17,464
17,453
34,436
30,313
17,28
23,329
22,77
23,218
31,268
31,494
31,440
31,514
31,449
25,769
22,378
22,65
22,783
31,598
5,700
22,625
31,720
31,654
27,662
25,452
30,597
12,256
23,438
26,105
9,240
39,673
12,590
31,612
24,638
28,533
4,622
38,565
28,563
31,664
30,506
4,670
22,692
22,675
31,348
30,541
28,381
31,459
11,584
25,618
17,548
5,546
35,650
3,384
29,408
23,358
22,312
11,779
5,27
33,642
28,718
22,441
29,740
30,592
31,300
31,518
30,227
30,211
29,628
30,213
2,99
9,443
29,639
4,677
3,35
38,155
31,392
30,195
31,98
31,174
9,30
17,462
30,237
31,393
30,422
29,226
28,542
12,298
5,376
30,294
31,305
18,580
33,198
19,331
19,336
30,134
29,192
30,315
30,196
33,682
27,540
31,591
19,148
24,391
18,271
31,547
33,567
5,653
30,704
29,418
28,280
30,630
31,415
22,463
4,687
20,594
31,357
29,360
35,434
31,550
11,629
11,536
5,490
22,368
19,140
23,520
13,125
30,302
22,458
38,11
25,100
30,517
15,141
5,343
18,480
19,308
22,325
25,461
11,245
30,623
34,531
11,364
31,497
25,521
10,534
29,684
17,460
4,601
21,620
9,543
31,715
31,139
31,420
30,212
17,142
18,610
17,651
30,586
4,151
25,425
15,423
5,508
36,73
29,401
26,347
30,539
29,498
25,399
29,561
30,538
31,640
30,621
31,487
31,475
22,649
22,562
30,575
30,571
31,611
31,316
23,648
11,633
38,712
30,442
30,613
22,407
30,350
31,409
29,554
11,410
8,489
4,122
6,176
4,448
31,607
25,501
31,695
12,614
38,532
31,446
30,560
31,301
30,194
31,205
16,207
12,162
31,582
30,335
30,168
4,143
25,208
4,369
31,103
29,588
31,573
31,397
38,281
35,555
31,248
30,307
17,344
31,108
4,25
4,332
11,279
4,362
4,230
29,55
31,12
30,363
31,530
31,323
11,81
31,373
31,513
31,545
27,328
24,527
21,173
31,375
31,152
31,394
11,219
30,359
31,604
21,479
31,341
30,587
27,299
30,330
9,241
27,234
30,370
22,471
30,600
30,503
30,412
3,636
4,467
4,658
4,674
4,193
31,470
30,36
30,8
31,201
30,20
27,246
31,214
19,69
31,435
4,292
31,437
15,295
4,225
11,197
30,317
4,238
31,356
30,112
31,94
31,297
28,60
31,95
38,183
22,342
31,43
4,85
30,191
31,274
15,215
31,189
40,164
30,175
31,101
38,19
31,167
30,411
5,239
4,760
38,652
11,86
4,396
30,365
4,380
31,107
29,229
30,153
29,377
30,158
25,456
30,293
30,483
31,137
30,172
4,252
5,52
31,190
33,304
31,303
30,257
4,314
19,146
30,171
30,92
5,91
17,382
26,79
4,414
31,185
30,145
31,147
31,265
30,113
31,150
30,7
4,129
30,242
31,26
30,138
38,309
31,477
31,157
38,184
30,41
3,10
31,136
4,254
23,2
9,126
31,154
31,61
17,266
4,3
26,144
38,71
4,128
30,272
31,439
7,178
31,121
31,102
4,643
4,339
5,324
30,83
25,80
4,88
31,296
31,288
30,259
38,6
31,42
30,495
31,232
30,163
30,1
30,366
4,4
31,261
8,29
30,119
30,519
30,289
31,419
30,51
30,48
30,402
31,22
30,54
15,40
31,97
31,333
30,32
11,578
5,602
4,131
30,135
31,57
30,132
30,18
31,14
31,179
31,275
30,349
31,283
5,455
31,481
30,285
31,210
31,59
31,104
30,9
30,263
31,39
30,284
31,220
30,5
31,233
30,264
4,223
31,222
30,398
30,576
4,451
31,231
31,253
21,374
30,16
4,556
4,277
31,367
31,244
31,44
30,114
30,353
30,318
5,90
31,120
30,186
30,523
4,249
31,118
38,68
31,93
30,64
31,404
19,267
30,250
16,310
4,361
30,430
4,177
31,72
30,371
30,78
5,270
31,273
31,31
31,47
30,62
30,17
31,96
30,161
38,74
31,334
30,46
4,156
30,116
30,23
4,75
31,56
31,216
16,326
30,255
31,67
30,37
30,478
31,278
30,159
4,209
31,379
31,200
30,509
31,319
31,235
30,447
38,221
30,228
30,188
30,702
31,49
31,269
30,133
31,87
4,428
30,688
30,581
30,596
30,389
31,655
31,553
38,599
30,549
31,641
30,570
30,124
31,646
30,579
30,388
30,676
31,624
4,678
30,705
25,287
38,482
37,387
4,525
38,491
31,492
31,485
30,558
31,400
32,406
31,416
30,390
4,465
5,665
5,450
31,165
5,322
30,496
30,320
30,170
30,354
30,352
4,431
30,58
30,243
30,340
30,559
30,444
30,609
30,457
30,403
31,507
30,276
4,476
30,38
4,202
30,351
30,355
38,433
31,111
30,109
31,338
30,50
30,182
31,203
4,33
30,386
30,474
30,795
30,701
30,781
30,262
31,792
30,794
5,793
30,770
30,290
30,115
5,524
33,34
30,13
31,21
4,15
30,708
38,797
5,737
5,736
30,180
30,786
31,773
30,745
30,771
31,734
30,709
30,731
30,772
30,251
30,743
30,236
30,748
30,749
30,798
30,787
38,445
30,187
30,217
38,732
38,493
5,566
5,657
38,656
5,454
30,427
5,585
5,535
38,659
30,697
30,149
30,84
30,789
5,321
6,744
5,488
30,106
30,199
5,82
5,751
30,429
38,616
30,785
30,593
30,778
30,469
30,765
38,484
30,738
30,204
32,311
30,733
30,726
38,327
38,729
38,345
30,258
30,730
38,707
30,631
5,768
5,500
5,644
5,791
30,110
30,681
38,166
30,764
38,424
30,757
30,413
5,647
30,784
30,472
38,763
38,776
5,572
5,66
30,53
5,117
30,645
38,70
5,247
5,346
5,181
5,24
30,291
5,421
5,160
