4,1206
63,1208
65,1210
63,1064
65,1219
7,1236
65,703
67,1232
63,1207
54,1157
24,1199
4,1082
55,1112
62,1212
55,1095
26,889
67,1144
24,1227
54,876
54,1118
67,1005
55,954
55,1089
65,1042
62,561
67,1087
66,591
54,1223
12,1139
55,928
5,1222
4,908
55,784
20,1077
55,891
55,1056
55,912
9,1228
55,1215
55,655
15,946
54,970
55,996
39,532
55,581
4,485
66,722
2,751
26,829
54,1192
67,1194
56,514
55,831
35,1197
56,633
50,967
65,500
55,1030
27,952
1,386
55,1221
26,880
50,1032
50,1166
50,1001
55,697
23,1133
31,659
50,993
63,1163
50,1196
62,1053
55,520
55,978
55,1204
57,1147
14,798
50,981
63,1101
30,850
35,1060
30,1153
26,1079
50,1195
50,1022
50,1010
30,1205
50,1116
50,636
1,701
50,1052
50,927
50,602
50,522
50,1094
6,853
50,351
50,745
50,811
29,1067
27,583
56,772
50,1086
50,863
50,716
13,564
15,385
50,816
50,725
50,580
43,1231
50,1176
15,882
65,411
55,660
21,920
50,913
26,374
12,288
66,631
50,683
68,393
30,518
55,621
55,400
56,577
50,1046
50,667
50,1114
50,554
50,456
65,723
27,720
29,953
17,959
34,1122
50,937
50,1058
50,543
50,982
50,578
14,791
50,511
65,1049
20,740
30,1098
11,692
21,727
39,593
65,427
50,415
35,493
64,430
15,1115
24,841
50,1031
50,919
15,861
27,1217
1,1224
50,1161
1,773
50,823
50,565
50,626
20,1120
37,991
51,979
50,1076
50,1182
50,526
50,1008
50,894
50,830
57,969
50,947
55,999
50,1105
50,704
50,512
43,428
29,612
50,486
50,744
50,1132
50,466
35,842
50,980
50,1063
50,817
26,1029
50,775
50,568
38,681
43,730
18,781
43,851
50,1068
55,762
50,608
80,729
50,690
50,1141
50,944
19,767
50,611
27,930
50,1016
50,549
50,1121
50,609
50,790
50,865
50,825
56,1143
43,1047
39,845
50,984
50,1119
50,888
35,590
50,843
50,708
50,641
50,685
8,574
36,1211
50,1225
50,642
50,1198
47,1202
50,1226
65,698
50,972
24,1051
50,1156
25,1184
50,837
27,684
50,1177
50,713
50,1229
50,1164
24,1126
57,801
50,924
50,917
50,1216
50,1235
50,1218
42,1158
50,872
50,1209
50,1185
50,1136
50,916
50,1017
50,1234
50,1138
65,1036
50,1104
50,1220
22,709
50,1175
50,800
50,1088
50,921
27,584
23,465
50,1146
23,1169
50,918
50,962
50,1142
50,788
50,1055
50,1129
43,765
50,1128
50,802
28,629
50,777
27,1075
56,1018
50,669
50,896
50,824
50,938
50,529
50,388
43,792
50,854
43,535
65,1069
32,878
50,1180
50,810
38,1170
55,1171
50,285
50,915
50,1151
50,1092
38,652
21,1154
50,1168
50,334
50,1173
1,645
50,412
50,657
50,846
50,503
15,995
50,318
51,866
50,1109
50,983
1,910
50,1125
50,809
50,1145
50,625
50,505
32,732
50,1004
50,771
50,968
50,1024
43,855
51,956
38,743
50,1083
50,1045
50,1131
44,640
26,933
50,524
50,1165
50,1000
50,760
43,1174
50,617
50,1187
15,955
50,884
50,904
50,1048
50,752
50,844
50,536
50,632
50,1044
50,1200
34,587
51,1034
50,828
23,1123
7,717
50,813
43,869
50,974
50,1003
53,840
50,1090
50,1135
50,1084
50,769
1,1040
65,964
50,502
45,1021
50,1106
50,754
50,1006
76,1113
14,966
50,832
50,594
50,682
45,691
50,618
55,1137
50,1189
50,1002
50,712
50,1213
50,793
40,961
50,895
45,1230
53,1214
50,677
50,348
50,1178
51,936
29,934
50,932
50,1188
50,395
50,734
21,1152
50,1111
56,997
19,1043
47,758
3,906
50,676
50,903
60,646
50,1148
50,925
50,668
50,1071
50,949
50,1140
50,540
50,875
36,322
32,735
50,747
50,544
50,390
66,1097
44,1183
50,569
50,941
50,702
77,893
50,582
7,647
50,1059
50,1134
50,768
50,960
42,858
50,929
23,990
50,672
58,1130
50,1020
50,864
50,551
50,282
50,601
50,886
56,513
50,449
50,1110
50,623
43,988
50,779
45,736
29,572
47,1124
50,320
53,586
50,275
50,384
50,812
43,592
32,635
50,380
49,1167
50,1062
50,746
43,883
14,1033
30,506
53,958
50,852
50,976
50,494
50,562
50,497
50,898
50,527
40,870
75,731
50,530
29,787
50,987
65,794
50,897
50,573
50,1093
50,733
50,689
50,403
50,501
30,822
50,1054
50,902
50,821
43,627
50,662
50,780
50,671
38,710
50,445
50,839
50,539
50,566
50,1023
50,948
50,1149
50,877
51,686
39,890
50,867
50,911
50,885
50,776
50,973
30,1014
50,1091
50,1072
50,567
47,1028
50,1027
51,1080
50,498
1,695
50,600
47,940
50,488
50,496
44,558
50,556
50,408
50,432
50,439
51,437
45,674
50,795
50,1057
52,1150
50,579
50,576
50,738
50,441
50,422
50,198
50,93
50,95
50,286
50,489
50,257
50,157
50,236
50,311
50,477
44,806
50,696
47,610
50,994
30,724
50,458
51,860
50,596
50,1099
50,785
45,820
50,1009
50,504
50,1107
50,835
50,826
50,805
50,679
50,656
50,763
50,541
50,721
43,1061
50,418
50,650
50,753
50,649
50,766
50,874
50,750
50,922
50,957
50,783
50,926
50,807
50,1085
50,899
50,847
50,943
50,1100
50,986
50,670
59,764
50,654
46,510
50,665
43,818
50,387
50,862
50,588
50,658
50,827
50,310
51,375
51,680
50,394
50,223
50,1038
50,571
50,705
50,473
47,247
50,749
50,620
50,129
50,86
51,232
50,280
50,315
51,484
50,675
50,538
50,545
50,459
50,302
50,172
50,255
29,343
50,434
50,333
50,1015
50,585
50,971
50,546
43,859
50,624
51,507
50,266
50,209
50,349
1,219
51,517
50,443
50,435
50,292
42,104
50,354
50,552
1,542
50,164
50,214
50,188
50,151
50,297
50,347
50,737
50,550
50,416
51,848
50,360
1,371
55,598
50,352
32,267
50,338
50,128
50,433
50,487
50,834
50,296
45,871
50,977
50,799
50,856
50,1041
50,1073
50,475
50,139
50,833
50,401
50,1070
50,350
50,604
50,321
71,471
50,85
50,98
50,312
50,189
50,234
48,242
49,560
50,190
50,367
50,357
50,225
79,206
50,238
50,328
50,180
50,341
50,589
50,362
50,303
50,379
50,460
50,84
50,246
72,261
50,326
50,786
51,638
50,1103
50,256
50,942
26,814
50,399
50,548
50,218
50,173
50,193
50,141
50,143
47,279
50,277
43,78
50,63
50,313
50,363
50,105
50,472
50,220
50,688
50,605
50,323
50,421
51,1162
50,442
47,905
50,426
50,91
50,797
50,452
50,366
50,340
44,892
50,719
50,327
50,1190
50,998
50,228
50,224
50,210
51,254
49,339
50,474
51,715
50,270
51,121
50,213
50,186
50,289
50,202
50,290
50,252
50,378
50,112
45,308
50,156
50,273
50,836
8,1096
50,204
50,230
50,265
44,65
50,881
50,229
50,448
47,163
50,222
50,97
50,171
50,89
50,755
50,69
29,335
50,88
50,678
50,287
50,241
50,179
50,127
50,140
50,276
50,212
50,203
50,492
50,200
50,476
46,92
45,353
50,547
50,165
50,262
40,317
50,570
50,192
50,184
50,531
50,615
50,653
16,346
50,796
50,329
50,324
44,849
50,240
50,300
50,248
50,417
50,306
50,344
50,634
50,185
50,616
50,307
50,707
50,178
50,301
50,628
50,243
50,939
50,907
50,450
50,409
50,414
50,272
50,161
50,446
50,482
50,1159
50,706
50,253
50,264
50,490
50,951
50,603
50,423
50,398
50,413
50,1127
50,613
50,365
73,444
50,463
50,170
50,259
50,274
50,137
50,94
50,174
50,169
50,71
50,64
43,258
50,516
50,382
50,183
50,208
81,480
50,108
50,138
50,838
50,368
50,700
32,176
50,103
50,249
50,109
50,250
50,117
50,742
50,931
44,131
50,373
50,110
50,130
50,56
50,211
50,99
50,464
50,694
50,757
50,1155
50,1026
50,756
40,1025
43,622
50,1035
50,714
50,639
50,356
50,759
50,316
50,396
29,607
50,1181
50,739
50,559
50,533
45,1108
50,508
50,521
50,644
50,761
50,1065
50,619
50,331
50,661
15,606
50,168
50,455
50,614
50,741
50,555
50,406
50,782
50,525
50,519
50,726
50,963
78,231
50,693
50,673
50,804
50,1037
50,914
50,453
50,534
50,381
50,563
44,391
50,372
50,770
50,597
50,803
43,887
50,965
50,748
50,945
50,553
50,336
50,425
50,778
50,528
50,819
50,537
50,1201
50,1012
47,1013
50,950
44,451
50,599
50,278
50,495
50,637
50,728
50,361
50,467
50,901
50,330
43,197
50,975
50,1039
50,1203
50,461
50,868
50,1233
50,342
50,293
50,575
15,1019
50,291
50,181
50,195
55,111
50,216
50,251
32,648
50,436
50,457
50,364
50,470
50,392
50,808
50,478
50,900
50,389
50,1007
50,1172
50,1193
50,36
50,66
40,13
50,74
50,37
50,124
69,35
43,58
43,22
50,177
50,75
50,30
50,45
50,39
43,43
50,53
50,115
50,664
50,125
50,199
51,40
51,73
50,15
50,989
50,61
50,23
50,33
50,383
50,299
50,19
51,20
50,28
45,10
50,50
43,42
50,52
50,55
50,102
50,404
50,284
50,447
50,126
50,215
50,76
50,245
10,175
50,440
50,595
50,410
50,509
50,217
50,44
50,149
50,1066
50,304
50,499
50,332
50,298
50,194
50,227
51,419
39,1186
50,1078
50,167
50,54
50,152
50,187
50,221
50,81
33,1081
50,233
50,114
50,260
36,57
50,483
50,150
61,294
50,370
50,24
50,132
50,3
50,144
50,5
50,7
50,1237
50,9
50,4
50,70
50,2
50,79
50,153
50,14
50,72
50,25
50,8
50,21
50,26
74,51
50,17
50,1238
50,47
50,27
50,424
51,120
50,122
50,134
50,789
50,909
50,397
50,182
50,481
50,630
23,454
50,100
50,101
50,283
50,133
50,207
50,59
50,239
50,268
50,159
50,281
50,62
50,337
50,49
50,718
50,83
50,118
50,191
50,16
50,491
50,146
50,87
50,469
50,123
50,82
50,515
50,80
50,557
50,68
50,295
50,1191
50,879
50,666
50,325
50,992
50,420
50,462
50,1074
51,355
50,136
50,358
50,269
50,67
23,271
50,1117
50,1160
50,438
50,244
50,11
50,18
50,235
50,155
50,237
50,305
50,402
40,116
50,148
50,263
50,34
50,145
50,166
50,205
70,405
50,41
51,985
50,107
50,154
50,923
50,314
36,345
50,113
50,158
50,815
50,142
32,77
50,468
41,377
50,135
50,119
50,29
50,106
50,147
50,1050
50,196
43,1102
50,857
43,479
50,376
50,1179
50,1011
50,687
50,711
50,429
50,699
50,935
50,201
50,873
50,319
50,60
50,162
50,651
50,90
50,369
50,663
50,309
50,643
50,523
50,160
50,48
50,407
50,774
50,226
50,38
50,6
50,359
50,431
43,12
50,32
50,1
50,46
65,31
67,96
