1,1206
6,1208
6,1210
6,1064
6,1219
1,1236
6,703
6,1232
6,1207
5,1157
3,1199
1,1082
5,1112
6,1212
5,1095
4,889
6,1144
3,1227
5,876
5,1118
6,1005
5,954
5,1089
6,1042
6,561
6,1087
6,591
5,1223
2,1139
5,928
1,1222
1,908
5,784
3,1077
5,891
5,1056
5,912
1,1228
5,1215
5,655
2,946
5,970
5,996
5,532
5,581
1,485
6,722
1,751
4,829
5,1192
6,1194
5,514
5,831
5,1197
5,633
5,967
6,500
5,1030
4,952
1,386
5,1221
4,880
5,1032
5,1166
5,1001
5,697
3,1133
4,659
5,993
6,1163
5,1196
6,1053
5,520
5,978
5,1204
5,1147
2,798
5,981
6,1101
4,850
5,1060
4,1153
4,1079
5,1195
5,1022
5,1010
4,1205
5,1116
5,636
1,701
5,1052
5,927
5,602
5,522
5,1094
1,853
5,351
5,745
5,811
4,1067
4,583
5,772
5,1086
5,863
5,716
2,564
2,385
5,816
5,725
5,580
5,1231
5,1176
2,882
6,411
5,660
3,920
5,913
4,374
2,288
6,631
5,683
6,393
4,518
5,621
5,400
5,577
5,1046
5,667
5,1114
5,554
5,456
6,723
4,720
4,953
2,959
4,1122
5,937
5,1058
5,543
5,982
5,578
2,791
5,511
6,1049
3,740
4,1098
2,692
3,727
5,593
6,427
5,415
5,493
6,430
2,1115
3,841
5,1031
5,919
2,861
4,1217
1,1224
5,1161
1,773
5,823
5,565
5,626
3,1120
5,991
5,979
5,1076
5,1182
5,526
5,1008
5,894
5,830
5,969
5,947
5,999
5,1105
5,704
5,512
5,428
4,612
5,486
5,744
5,1132
5,466
5,842
5,980
5,1063
5,817
4,1029
5,775
5,568
5,681
5,730
2,781
5,851
5,1068
5,762
5,608
9,729
5,690
5,1141
5,944
3,767
5,611
4,930
5,1016
5,549
5,1121
5,609
5,790
5,865
5,825
5,1143
5,1047
5,845
5,984
5,1119
5,888
5,590
5,843
5,708
5,641
5,685
1,574
5,1211
5,1225
5,642
5,1198
5,1202
5,1226
6,698
5,972
3,1051
5,1156
3,1184
5,837
4,684
5,1177
5,713
5,1229
5,1164
3,1126
5,801
5,924
5,917
5,1216
5,1235
5,1218
5,1158
5,872
5,1209
5,1185
5,1136
5,916
5,1017
5,1234
5,1138
6,1036
5,1104
5,1220
3,709
5,1175
5,800
5,1088
5,921
4,584
3,465
5,1146
3,1169
5,918
5,962
5,1142
5,788
5,1055
5,1129
5,765
5,1128
5,802
4,629
5,777
4,1075
5,1018
5,669
5,896
5,824
5,938
5,529
5,388
5,792
5,854
5,535
6,1069
4,878
5,1180
5,810
5,1170
5,1171
5,285
5,915
5,1151
5,1092
5,652
3,1154
5,1168
5,334
5,1173
1,645
5,412
5,657
5,846
5,503
2,995
5,318
5,866
5,1109
5,983
1,910
5,1125
5,809
5,1145
5,625
5,505
4,732
5,1004
5,771
5,968
5,1024
5,855
5,956
5,743
5,1083
5,1045
5,1131
5,640
4,933
5,524
5,1165
5,1000
5,760
5,1174
5,617
5,1187
2,955
5,884
5,904
5,1048
5,752
5,844
5,536
5,632
5,1044
5,1200
4,587
5,1034
5,828
3,1123
1,717
5,813
5,869
5,974
5,1003
5,840
5,1090
5,1135
5,1084
5,769
1,1040
6,964
5,502
5,1021
5,1106
5,754
5,1006
7,1113
2,966
5,832
5,594
5,682
5,691
5,618
5,1137
5,1189
5,1002
5,712
5,1213
5,793
5,961
5,895
5,1230
5,1214
5,677
5,348
5,1178
5,936
4,934
5,932
5,1188
5,395
5,734
3,1152
5,1111
5,997
3,1043
5,758
1,906
5,676
5,903
5,646
5,1148
5,925
5,668
5,1071
5,949
5,1140
5,540
5,875
5,322
4,735
5,747
5,544
5,390
6,1097
5,1183
5,569
5,941
5,702
8,893
5,582
1,647
5,1059
5,1134
5,768
5,960
5,858
5,929
3,990
5,672
5,1130
5,1020
5,864
5,551
5,282
5,601
5,886
5,513
5,449
5,1110
5,623
5,988
5,779
5,736
4,572
5,1124
5,320
5,586
5,275
5,384
5,812
5,592
4,635
5,380
5,1167
5,1062
5,746
5,883
2,1033
4,506
5,958
5,852
5,976
5,494
5,562
5,497
5,898
5,527
5,870
7,731
5,530
4,787
5,987
6,794
5,897
5,573
5,1093
5,733
5,689
5,403
5,501
4,822
5,1054
5,902
5,821
5,627
5,662
5,780
5,671
5,710
5,445
5,839
5,539
5,566
5,1023
5,948
5,1149
5,877
5,686
5,890
5,867
5,911
5,885
5,776
5,973
4,1014
5,1091
5,1072
5,567
5,1028
5,1027
5,1080
5,498
1,695
5,600
5,940
5,488
5,496
5,558
5,556
5,408
5,432
5,439
5,437
5,674
5,795
5,1057
5,1150
5,579
5,576
5,738
5,441
5,422
5,198
5,93
5,95
5,286
5,489
5,257
5,157
5,236
5,311
5,477
5,806
5,696
5,610
5,994
4,724
5,458
5,860
5,596
5,1099
5,785
5,820
5,1009
5,504
5,1107
5,835
5,826
5,805
5,679
5,656
5,763
5,541
5,721
5,1061
5,418
5,650
5,753
5,649
5,766
5,874
5,750
5,922
5,957
5,783
5,926
5,807
5,1085
5,899
5,847
5,943
5,1100
5,986
5,670
5,764
5,654
5,510
5,665
5,818
5,387
5,862
5,588
5,658
5,827
5,310
5,375
5,680
5,394
5,223
5,1038
5,571
5,705
5,473
5,247
5,749
5,620
5,129
5,86
5,232
5,280
5,315
5,484
5,675
5,538
5,545
5,459
5,302
5,172
5,255
4,343
5,434
5,333
5,1015
5,585
5,971
5,546
5,859
5,624
5,507
5,266
5,209
5,349
1,219
5,517
5,443
5,435
5,292
5,104
5,354
5,552
1,542
5,164
5,214
5,188
5,151
5,297
5,347
5,737
5,550
5,416
5,848
5,360
1,371
5,598
5,352
4,267
5,338
5,128
5,433
5,487
5,834
5,296
5,871
5,977
5,799
5,856
5,1041
5,1073
5,475
5,139
5,833
5,401
5,1070
5,350
5,604
5,321
7,471
5,85
5,98
5,312
5,189
5,234
5,242
5,560
5,190
5,367
5,357
5,225
9,206
5,238
5,328
5,180
5,341
5,589
5,362
5,303
5,379
5,460
5,84
5,246
7,261
5,326
5,786
5,638
5,1103
5,256
5,942
4,814
5,399
5,548
5,218
5,173
5,193
5,141
5,143
5,279
5,277
5,78
5,63
5,313
5,363
5,105
5,472
5,220
5,688
5,605
5,323
5,421
5,1162
5,442
5,905
5,426
5,91
5,797
5,452
5,366
5,340
5,892
5,719
5,327
5,1190
5,998
5,228
5,224
5,210
5,254
5,339
5,474
5,715
5,270
5,121
5,213
5,186
5,289
5,202
5,290
5,252
5,378
5,112
5,308
5,156
5,273
5,836
1,1096
5,204
5,230
5,265
5,65
5,881
5,229
5,448
5,163
5,222
5,97
5,171
5,89
5,755
5,69
4,335
5,88
5,678
5,287
5,241
5,179
5,127
5,140
5,276
5,212
5,203
5,492
5,200
5,476
5,92
5,353
5,547
5,165
5,262
5,317
5,570
5,192
5,184
5,531
5,615
5,653
2,346
5,796
5,329
5,324
5,849
5,240
5,300
5,248
5,417
5,306
5,344
5,634
5,185
5,616
5,307
5,707
5,178
5,301
5,628
5,243
5,939
5,907
5,450
5,409
5,414
5,272
5,161
5,446
5,482
5,1159
5,706
5,253
5,264
5,490
5,951
5,603
5,423
5,398
5,413
5,1127
5,613
5,365
7,444
5,463
5,170
5,259
5,274
5,137
5,94
5,174
5,169
5,71
5,64
5,258
5,516
5,382
5,183
5,208
9,480
5,108
5,138
5,838
5,368
5,700
4,176
5,103
5,249
5,109
5,250
5,117
5,742
5,931
5,131
5,373
5,110
5,130
5,56
5,211
5,99
5,464
5,694
5,757
5,1155
5,1026
5,756
5,1025
5,622
5,1035
5,714
5,639
5,356
5,759
5,316
5,396
4,607
5,1181
5,739
5,559
5,533
5,1108
5,508
5,521
5,644
5,761
5,1065
5,619
5,331
5,661
2,606
5,168
5,455
5,614
5,741
5,555
5,406
5,782
5,525
5,519
5,726
5,963
9,231
5,693
5,673
5,804
5,1037
5,914
5,453
5,534
5,381
5,563
5,391
5,372
5,770
5,597
5,803
5,887
5,965
5,748
5,945
5,553
5,336
5,425
5,778
5,528
5,819
5,537
5,1201
5,1012
5,1013
5,950
5,451
5,599
5,278
5,495
5,637
5,728
5,361
5,467
5,901
5,330
5,197
5,975
5,1039
5,1203
5,461
5,868
5,1233
5,342
5,293
5,575
2,1019
5,291
5,181
5,195
5,111
5,216
5,251
4,648
5,436
5,457
5,364
5,470
5,392
5,808
5,478
5,900
5,389
5,1007
5,1172
5,1193
5,36
5,66
5,13
5,74
5,37
5,124
7,35
5,58
5,22
5,177
5,75
5,30
5,45
5,39
5,43
5,53
5,115
5,664
5,125
5,199
5,40
5,73
5,15
5,989
5,61
5,23
5,33
5,383
5,299
5,19
5,20
5,28
5,10
5,50
5,42
5,52
5,55
5,102
5,404
5,284
5,447
5,126
5,215
5,76
5,245
2,175
5,440
5,595
5,410
5,509
5,217
5,44
5,149
5,1066
5,304
5,499
5,332
5,298
5,194
5,227
5,419
5,1186
5,1078
5,167
5,54
5,152
5,187
5,221
5,81
4,1081
5,233
5,114
5,260
5,57
5,483
5,150
5,294
5,370
5,24
5,132
5,3
5,144
5,5
5,7
5,1237
5,9
5,4
5,70
5,2
5,79
5,153
5,14
5,72
5,25
5,8
5,21
5,26
7,51
5,17
5,1238
5,47
5,27
5,424
5,120
5,122
5,134
5,789
5,909
5,397
5,182
5,481
5,630
3,454
5,100
5,101
5,283
5,133
5,207
5,59
5,239
5,268
5,159
5,281
5,62
5,337
5,49
5,718
5,83
5,118
5,191
5,16
5,491
5,146
5,87
5,469
5,123
5,82
5,515
5,80
5,557
5,68
5,295
5,1191
5,879
5,666
5,325
5,992
5,420
5,462
5,1074
5,355
5,136
5,358
5,269
5,67
3,271
5,1117
5,1160
5,438
5,244
5,11
5,18
5,235
5,155
5,237
5,305
5,402
5,116
5,148
5,263
5,34
5,145
5,166
5,205
7,405
5,41
5,985
5,107
5,154
5,923
5,314
5,345
5,113
5,158
5,815
5,142
4,77
5,468
5,377
5,135
5,119
5,29
5,106
5,147
5,1050
5,196
5,1102
5,857
5,479
5,376
5,1179
5,1011
5,687
5,711
5,429
5,699
5,935
5,201
5,873
5,319
5,60
5,162
5,651
5,90
5,369
5,663
5,309
5,643
5,523
5,160
5,48
5,407
5,774
5,226
5,38
5,6
5,359
5,431
5,12
5,32
5,1
5,46
6,31
6,96
