72,753
71,746
74,76
41,762
52,775
73,512
61,668
86,486
52,706
70,696
102,758
97,699
13,780
50,260
13,711
58,691
24,499
50,796
82,45
86,130
13,206
40,89
35,669
117,632
97,735
62,703
90,724
92,790
41,756
95,782
23,754
44,169
4,777
13,716
88,759
108,761
38,123
5,755
52,774
39,663
67,661
73,788
85,583
56,511
92,739
34,694
22,577
43,690
114,606
11,752
42,767
65,747
121,685
40,383
97,766
32,63
51,713
6,468
52,127
83,679
74,741
22,750
92,672
31,619
92,727
121,742
37,693
29,722
86,717
119,714
75,528
27,504
101,608
34,660
36,510
92,605
92,698
25,728
66,634
73,635
98,526
1,574
73,502
12,417
85,372
110,537
115,473
73,432
92,544
30,282
64,589
64,337
29,557
83,224
83,710
24,721
39,626
87,385
89,529
102,405
82,395
77,426
104,617
52,595
92,671
15,552
80,515
97,666
11,667
121,551
10,615
83,603
61,683
57,522
13,569
35,680
121,505
29,627
41,516
30,723
77,686
103,466
92,719
8,725
102,689
74,637
92,564
76,568
61,286
92,306
51,464
51,453
114,436
96,313
51,28
70,329
65,77
68,218
102,268
102,494
102,440
102,514
105,449
75,769
63,378
64,65
63,783
102,598
12,700
61,625
101,720
99,654
79,662
74,452
88,597
34,256
67,438
78,105
21,240
122,673
34,590
105,612
72,638
82,533
8,622
121,565
82,563
105,664
92,506
7,670
64,692
65,675
99,348
95,541
82,381
103,459
28,584
76,618
50,548
13,546
116,650
4,384
83,408
67,358
63,312
30,779
13,27
113,642
82,718
65,441
85,740
96,592
106,300
105,518
87,227
96,211
86,628
96,213
2,99
19,443
86,639
5,677
4,35
121,155
105,392
92,195
105,98
105,174
19,30
49,462
89,237
102,393
89,422
86,226
82,542
32,298
13,376
92,294
99,305
52,580
111,198
55,331
55,336
92,134
86,192
95,315
89,196
111,682
79,540
97,591
53,148
72,391
52,271
107,547
112,567
13,653
95,704
83,418
81,280
92,630
107,415
62,463
6,687
56,594
102,357
86,360
116,434
104,550
30,629
28,536
13,490
65,368
54,140
70,520
37,125
92,302
64,458
121,11
73,100
92,517
41,141
13,343
52,480
55,308
61,325
74,461
28,245
92,623
114,531
25,364
102,497
76,521
23,534
85,684
50,460
5,601
59,620
20,543
97,715
102,139
104,420
92,212
48,142
52,610
49,651
92,586
8,151
73,425
41,423
13,508
118,73
86,401
78,347
94,539
86,498
73,399
83,561
94,538
107,640
89,621
105,487
102,475
65,649
65,562
94,575
92,571
104,611
102,316
68,648
28,633
121,712
91,442
92,613
64,407
96,350
103,409
86,554
30,410
17,489
7,122
14,176
7,448
98,607
73,501
102,695
33,614
121,532
99,446
92,560
107,301
96,194
97,205
44,207
34,162
105,582
96,335
92,168
11,143
73,208
6,369
107,103
84,588
102,573
104,397
121,281
116,555
101,248
92,307
48,344
103,108
10,25
9,332
30,279
9,362
10,230
83,55
102,12
91,363
99,530
102,323
28,81
97,373
97,513
102,545
80,328
72,527
60,173
102,375
104,152
107,394
26,219
92,359
98,604
58,479
99,341
94,587
79,299
92,330
19,241
80,234
92,370
66,471
92,600
91,503
92,412
3,636
8,467
8,658
8,674
8,193
102,470
87,36
95,8
99,201
92,20
80,246
104,214
55,69
101,435
8,292
101,437
40,295
5,225
28,197
92,317
8,238
103,356
91,112
103,94
103,297
81,60
106,95
121,183
63,342
102,43
8,85
92,191
102,274
42,215
102,189
123,164
95,175
101,101
121,19
101,167
92,411
13,239
8,760
121,652
28,86
6,396
92,365
10,380
102,107
86,229
92,153
86,377
92,158
76,456
92,293
89,483
103,137
89,172
6,252
13,52
103,190
112,304
103,303
92,257
8,314
53,146
92,171
92,92
13,91
47,382
78,79
6,414
102,185
93,145
102,147
102,265
95,113
102,150
92,7
8,129
92,242
106,26
92,138
121,309
106,477
107,157
121,184
92,41
3,10
103,136
5,254
69,2
20,126
100,154
102,61
47,266
8,3
78,144
121,71
8,128
92,272
103,439
16,178
103,121
102,102
8,643
8,339
13,324
92,83
73,80
7,88
102,296
101,288
92,259
121,6
103,42
92,495
106,232
92,163
92,1
92,366
5,4
101,261
18,29
92,119
92,519
92,289
99,419
92,51
92,48
92,402
102,22
89,54
41,40
102,97
102,333
92,32
30,578
13,602
8,131
92,135
99,57
92,132
92,18
97,14
102,179
103,275
92,349
102,283
13,455
102,481
92,285
103,210
101,59
102,104
92,9
95,263
102,39
92,284
99,220
91,5
102,233
91,264
8,223
102,222
92,398
92,576
8,451
103,231
104,253
58,374
92,16
8,556
6,277
103,367
103,244
103,44
92,114
92,353
92,318
13,90
102,120
92,186
92,523
8,249
103,118
121,68
104,93
92,64
103,404
53,267
92,250
45,310
8,361
96,430
8,177
105,72
92,371
91,78
13,270
101,273
107,31
104,47
92,62
92,17
102,96
89,161
121,74
102,334
92,46
8,156
92,116
92,23
8,75
107,56
102,216
46,326
92,255
100,67
92,37
92,478
103,278
92,159
6,209
101,379
103,200
92,509
103,319
103,235
92,447
121,221
92,228
91,188
92,702
102,49
103,269
92,133
102,87
8,428
92,688
92,581
92,596
89,389
102,655
102,553
121,599
92,549
103,641
92,570
92,124
106,646
92,579
92,388
88,676
103,624
8,678
90,705
73,287
121,482
120,387
8,525
121,491
103,492
103,485
91,558
101,400
109,406
102,416
92,390
8,465
13,665
13,450
106,165
12,322
92,496
92,320
92,170
92,354
92,352
8,431
92,58
92,243
92,340
92,559
92,444
92,609
92,457
92,403
106,507
92,276
8,476
88,38
8,202
92,351
92,355
121,433
102,111
92,109
102,338
92,50
92,182
102,203
8,33
92,386
92,474
92,795
92,701
92,781
92,262
103,792
92,794
12,793
92,770
92,290
92,115
13,524
113,34
92,13
102,21
8,15
92,708
121,797
13,737
13,736
92,180
92,786
103,773
92,745
92,771
102,734
92,709
92,731
90,772
92,251
92,743
92,236
92,748
92,749
92,798
92,787
121,445
92,187
92,217
121,732
121,493
13,566
13,657
121,656
13,454
92,427
13,585
13,535
121,659
92,697
89,149
92,84
92,789
13,321
14,744
13,488
92,106
92,199
13,82
13,751
92,429
121,616
92,785
92,593
92,778
92,469
92,765
121,484
92,738
92,204
109,311
92,733
92,726
121,327
121,729
121,345
92,258
92,730
121,707
92,631
13,768
13,500
13,644
13,791
92,110
92,681
121,166
92,764
121,424
90,757
92,413
13,647
92,784
92,472
121,763
121,776
13,572
13,66
92,53
12,117
92,645
121,70
13,247
13,346
13,181
13,24
92,291
13,421
13,160
