3,712
3,728
3,737
4,724
3,701
3,600
15,618
3,508
3,646
3,654
3,656
3,505
3,719
3,739
3,643
3,669
3,664
3,504
15,686
3,616
3,729
3,677
15,596
3,633
15,734
15,718
3,715
3,723
3,702
15,545
3,685
3,671
3,722
4,571
3,406
3,720
3,512
3,756
3,735
15,727
3,370
3,546
3,364
3,427
3,621
15,564
3,351
3,521
4,632
3,732
15,687
3,659
2,526
3,604
3,731
3,705
2,615
3,601
4,506
3,672
3,714
3,611
3,644
15,708
15,479
3,648
3,559
3,588
3,547
15,710
3,667
3,581
3,469
3,553
3,647
15,636
3,638
3,562
3,688
3,585
15,520
3,262
3,630
3,560
3,613
3,419
3,699
3,476
3,590
3,456
3,529
3,570
3,623
4,662
3,272
3,401
3,524
15,403
2,609
15,321
3,346
3,649
3,645
3,386
3,368
3,661
3,652
3,706
3,461
23,284
3,625
15,550
3,586
15,670
3,634
3,610
3,703
1,543
4,683
14,352
3,721
15,568
15,363
3,208
3,535
22,541
3,379
15,497
3,418
8,528
3,444
14,640
3,695
3,607
3,655
3,591
17,680
3,573
3,673
13,696
11,593
23,400
3,709
3,658
1,657
3,540
3,446
3,393
20,319
17,453
3,660
15,438
3,462
17,507
9,744
6,675
3,287
2,264
3,192
2,484
3,679
17,347
3,460
3,605
3,390
17,382
5,405
3,236
3,454
2,578
2,247
15,488
14,378
7,522
17,407
17,425
17,502
3,330
15,373
17,276
17,483
17,285
3,274
17,435
17,491
3,249
3,415
17,515
17,441
3,514
20,374
17,486
17,327
23,381
17,377
17,487
17,429
17,574
19,542
17,463
17,525
17,450
17,455
3,493
3,220
17,238
17,320
17,243
17,413
3,387
17,316
17,354
17,443
15,492
12,397
3,189
2,412
15,150
23,404
17,248
17,537
3,241
17,385
17,299
17,211
4,408
17,232
17,306
17,430
17,464
17,577
17,494
3,567
3,258
17,384
17,255
17,627
17,235
17,270
17,181
17,177
17,532
17,594
17,608
2,421
3,296
17,383
17,694
17,414
2,503
17,411
17,556
17,442
17,513
17,361
17,642
21,209
17,329
17,348
17,325
17,475
17,227
17,449
17,283
17,436
17,307
17,239
17,162
17,266
17,434
18,212
17,297
17,196
17,184
17,301
17,223
17,345
17,259
17,500
17,197
10,490
17,579
17,554
17,392
17,641
17,576
17,480
17,228
17,290
17,288
17,253
23,372
17,440
17,350
17,225
17,375
17,252
17,278
17,176
17,598
17,575
17,395
12,626
17,472
17,416
17,231
17,206
17,595
17,240
17,628
17,561
17,268
17,582
3,277
17,275
17,154
17,201
17,603
17,185
17,750
17,747
17,755
17,745
17,758
17,653
17,760
17,757
17,753
17,742
17,748
17,752
17,746
17,749
17,751
15,743
17,761
3,523
17,552
3,527
17,467
17,332
17,549
17,451
17,530
17,353
17,366
17,221
17,359
17,256
17,322
17,555
17,254
17,280
17,202
17,485
3,291
17,237
23,355
17,300
17,424
17,340
17,519
17,580
17,459
17,389
17,614
17,282
17,544
23,265
17,433
1,380
17,289
17,589
17,305
17,439
17,651
17,311
17,309
17,637
17,639
17,445
17,224
17,668
17,344
17,597
17,587
17,251
17,207
17,315
17,230
17,631
17,195
17,312
17,295
17,698
3,516
17,388
17,313
17,612
17,399
17,509
17,563
17,367
17,583
17,557
17,409
17,716
17,398
17,394
17,622
17,432
17,437
17,465
17,635
17,458
17,410
22,293
17,468
17,539
3,267
17,334
23,349
17,343
17,362
17,428
23,606
17,338
17,302
17,260
17,242
22,357
17,308
17,342
17,518
17,717
17,331
17,182
17,175
17,279
17,261
17,365
17,689
17,510
17,551
17,423
17,304
15,326
17,318
17,726
17,697
17,269
17,681
17,707
17,317
17,617
17,693
2,692
17,629
17,725
17,730
17,676
17,496
17,323
17,666
17,736
17,691
17,733
17,569
17,682
17,665
17,489
17,538
15,548
3,402
17,599
17,481
23,263
23,452
17,572
17,482
17,584
17,558
17,498
17,213
17,501
17,200
17,391
17,376
17,624
17,704
17,324
17,678
17,273
17,360
2,180
17,470
17,690
17,198
23,333
17,740
17,466
17,471
17,328
17,294
17,188
17,286
17,448
17,203
17,193
17,244
3,592
17,684
17,565
17,663
17,536
17,298
3,137
17,336
17,341
17,166
17,229
17,310
17,271
17,199
17,763
17,764
17,754
17,149
17,191
17,257
3,194
17,499
22,110
3,292
17,426
17,369
17,477
17,602
17,219
17,422
17,478
17,358
17,142
17,711
17,533
17,126
17,431
17,417
17,64
17,112
17,172
17,65
17,114
17,25
17,218
17,81
17,741
17,122
17,23
17,46
17,152
17,566
17,30
17,70
17,123
15,179
17,76
17,100
17,7
17,214
17,128
17,473
17,447
17,335
17,650
17,19
17,51
17,770
17,40
17,98
17,26
17,173
17,132
17,120
17,700
17,738
17,303
17,215
17,155
17,713
17,281
17,141
17,140
17,5
17,79
17,15
17,115
17,337
17,420
17,54
17,127
23,102
17,31
17,69
17,517
17,67
17,216
17,8
17,33
17,74
17,29
17,55
17,14
17,89
17,32
17,84
17,28
17,72
4,1
3,47
17,3
17,41
17,97
17,90
17,6
17,39
17,133
17,82
17,762
17,11
17,27
17,21
17,125
17,765
17,44
17,769
17,43
17,768
17,135
17,183
17,190
17,68
17,161
17,159
17,124
17,92
17,234
17,168
17,246
15,147
17,531
17,134
17,66
17,153
17,106
17,60
17,77
17,20
17,22
17,2
17,10
17,93
17,45
17,109
17,101
17,78
17,131
17,58
17,157
17,144
17,24
17,103
17,35
1,146
17,62
17,48
17,18
17,767
17,13
17,87
17,36
17,17
17,37
17,63
17,83
17,9
17,16
17,42
17,136
17,766
17,339
17,205
17,71
17,396
17,178
17,52
17,222
17,356
17,116
12,107
17,474
17,96
17,511
17,534
17,314
17,204
17,138
17,91
17,151
17,50
23,139
17,148
9,88
17,38
17,111
17,80
17,86
17,210
17,61
17,12
17,117
17,73
17,186
17,75
17,620
17,105
17,165
17,85
17,104
17,187
17,163
17,121
17,95
17,169
17,108
17,56
17,143
12,164
17,113
17,129
15,233
17,226
17,759
17,619
17,94
17,59
17,49
17,119
17,34
17,4
17,160
17,250
17,495
16,158
17,245
17,457
17,171
17,217
4,170
17,57
17,99
3,53
16,674
16,371
3,145
3,118
3,167
3,174
3,156
15,130
