20,135
14,167
2,130
7,219
6,278
29,276
20,223
42,192
17,162
13,325
43,201
42,287
33,343
22,265
17,299
9,319
4,235
9,382
14,341
10,141
6,123
9,182
7,381
4,304
8,395
19,418
6,378
14,448
12,222
4,298
7,349
20,449
42,396
15,87
31,406
34,76
42,455
9,405
6,364
7,397
10,311
22,458
9,463
22,473
42,467
19,13
22,36
9,215
42,153
6,344
42,432
29,438
10,371
29,322
4,279
17,216
42,194
19,307
22,294
42,121
42,208
8,470
31,421
18,474
17,54
42,6
19,52
22,303
6,138
23,224
42,380
42,433
19,63
18,110
42,331
39,379
23,315
18,35
42,353
6,246
23,321
42,360
22,317
23,392
22,146
42,372
39,269
9,180
42,460
22,387
10,206
23,189
6,273
17,383
22,231
22,357
42,242
15,476
23,258
15,237
42,184
42,106
42,103
22,115
15,114
42,156
23,295
22,89
42,462
31,339
42,61
5,176
42,79
42,97
42,197
9,165
10,318
17,227
19,290
17,270
28,388
6,301
37,400
42,284
15,232
22,267
42,347
8,257
23,183
37,332
5,209
5,255
10,291
19,217
37,327
22,384
22,158
29,456
19,239
22,316
37,359
23,305
4,8
23,342
22,60
30,401
42,336
22,323
23,187
22,233
22,252
19,157
34,101
22,124
22,296
42,171
42,72
42,49
6,179
43,127
22,109
37,57
5,113
23,37
42,166
42,147
37,86
42,45
19,111
22,82
42,186
42,102
5,33
23,168
22,71
42,51
15,320
19,66
42,75
30,172
19,408
37,12
42,454
42,361
23,466
42,338
42,414
9,160
24,459
7,354
6,461
37,434
23,11
28,425
17,377
22,398
42,435
8,285
5,328
22,90
37,196
22,281
22,253
15,211
22,203
24,272
22,329
28,247
42,429
22,345
22,245
15,236
22,370
22,373
34,148
28,261
42,251
15,250
37,404
18,170
22,243
36,326
37,140
29,205
7,260
10,221
42,126
22,154
23,155
17,14
25,293
42,375
42,202
15,42
37,297
22,367
42,175
19,362
42,145
6,210
15,150
26,151
22,200
15,161
22,83
31,96
22,207
19,213
15,137
22,214
22,330
42,104
22,108
19,59
42,313
5,85
42,47
42,95
23,136
22,228
22,68
23,44
7,300
15,366
37,363
19,457
42,465
5,444
30,346
42,259
18,283
22,144
24,142
15,174
20,314
37,193
17,149
37,164
28,262
20,356
22,185
15,81
23,92
42,107
22,229
17,129
37,70
5,84
5,352
42,77
42,99
15,351
22,306
28,58
42,139
42,248
22,119
36,152
37,238
22,181
42,374
19,254
29,302
38,134
42,310
23,169
28,451
15,427
12,73
19,67
35,26
7,46
22,178
23,391
31,266
42,440
30,424
42,422
37,348
42,416
31,7
32,478
42,32
15,280
37,1
22,376
42,275
22,439
22,389
22,446
31,407
42,472
7,218
5,204
5,241
42,264
15,274
41,105
42,100
11,177
37,282
42,125
37,368
32,442
22,34
21,369
42,420
19,355
40,244
11,98
23,234
23,249
31,337
43,324
15,308
23,402
26,212
5,292
42,413
31,65
41,56
22,195
22,230
35,9
5,415
22,94
22,394
15,15
15,277
22,286
32,118
30,120
22,436
19,417
22,64
20,78
44,74
36,220
31,426
29,477
38,271
37,410
25,365
42,334
4,335
14,412
24,288
42,112
20,132
8,464
19,256
30,431
1,358
17,173
36,268
40,131
35,447
22,468
7,199
42,289
42,471
15,445
12,163
22,430
35,27
39,21
20,80
42,423
13,93
5,191
7,50
5,69
16,240
41,122
17,39
20,159
17,5
36,31
4,40
15,23
28,263
19,4
6,225
19,411
44,312
18,469
19,190
10,399
22,333
5,437
5,62
32,128
29,198
43,390
22,25
17,30
7,24
32,17
20,55
19,143
1,450
15,385
3,419
21,41
5,20
20,428
5,133
36,117
40,226
4,453
19,91
3,53
10,43
42,48
35,22
42,18
22,88
35,116
43,16
24,38
43,188
42,309
33,403
5,29
21,340
41,350
33,441
5,393
7,3
28,452
5,443
20,19
33,28
28,386
13,2
27,409
18,475
20,10
