34,135
23,167
2,130
11,219
10,278
52,276
34,223
75,192
27,162
22,325
77,201
74,287
60,343
37,265
27,299
15,319
5,235
16,382
23,341
17,141
10,123
16,182
11,381
5,304
14,395
31,418
10,378
23,448
20,222
5,298
11,349
34,449
74,396
25,87
56,406
61,76
74,455
15,405
10,364
11,397
17,311
37,458
16,463
38,473
74,467
31,13
38,36
16,215
74,153
10,344
74,432
52,438
17,371
52,322
5,279
27,216
74,194
31,307
38,294
75,121
75,208
14,470
56,421
30,474
27,54
74,6
31,52
38,303
10,138
42,224
74,380
74,433
31,63
30,110
74,331
70,379
42,315
30,35
75,353
10,246
42,321
74,360
38,317
42,392
38,146
74,372
70,269
16,180
75,460
37,387
17,206
42,189
10,273
27,383
38,231
38,357
75,242
24,476
42,258
25,237
74,184
74,106
75,103
38,115
25,114
75,156
42,295
38,89
74,462
56,339
74,61
9,176
74,79
75,97
75,197
16,165
17,318
28,227
31,290
28,270
48,388
10,301
68,400
74,284
25,232
37,267
74,347
14,257
42,183
68,332
9,209
9,255
17,291
31,217
68,327
38,384
38,158
52,456
31,239
37,316
68,359
42,305
5,8
42,342
37,60
53,401
74,336
37,323
42,187
37,233
37,252
31,157
61,101
37,124
37,296
75,171
74,72
75,49
10,179
78,127
37,109
68,57
7,113
42,37
75,166
74,147
68,86
74,45
31,111
37,82
74,186
74,102
9,33
42,168
37,71
75,51
25,320
31,66
74,75
54,172
31,408
68,12
75,454
75,361
42,466
74,338
74,414
15,160
43,459
11,354
10,461
68,434
42,11
48,425
27,377
37,398
75,435
14,285
9,328
37,90
68,196
37,281
37,253
25,211
37,203
44,272
38,329
48,247
75,429
37,345
37,245
24,236
38,370
38,373
61,148
48,261
75,251
25,250
68,404
30,170
37,243
66,326
68,140
50,205
11,260
17,221
75,126
38,154
42,155
27,14
45,293
75,375
74,202
24,42
68,297
37,367
75,175
31,362
75,145
10,210
25,150
46,151
37,200
24,161
37,83
55,96
37,207
31,213
24,137
37,214
37,330
74,104
37,108
31,59
75,313
9,85
75,47
75,95
42,136
37,228
37,68
42,44
11,300
25,366
68,363
31,457
75,465
9,444
54,346
75,259
29,283
37,144
43,142
25,174
34,314
68,193
28,149
68,164
48,262
34,356
37,185
25,81
42,92
75,107
37,229
28,129
68,70
9,84
9,352
75,77
75,99
24,351
37,306
48,58
75,139
74,248
37,119
66,152
68,238
38,181
75,374
31,254
52,302
69,134
75,310
41,169
48,451
24,427
19,73
31,67
62,26
11,46
38,178
42,391
56,266
75,440
53,424
75,422
68,348
74,416
55,7
57,478
74,32
24,280
68,1
37,376
75,275
37,439
37,389
38,446
56,407
75,472
13,218
9,204
9,241
75,264
24,274
72,105
75,100
18,177
68,282
75,125
68,368
58,442
37,34
36,369
75,420
33,355
71,244
18,98
41,234
42,249
55,337
78,324
24,308
42,402
46,212
9,292
75,413
55,65
73,56
37,195
40,230
65,9
9,415
39,94
37,394
25,15
25,277
37,286
57,118
53,120
37,436
31,417
37,64
34,78
79,74
67,220
56,426
50,477
69,271
68,410
45,365
75,334
5,335
23,412
44,288
75,112
35,132
14,464
31,256
53,431
1,358
27,173
67,268
71,131
62,447
37,468
12,199
75,289
75,471
24,445
19,163
37,430
64,27
70,21
35,80
74,423
21,93
9,191
11,50
9,69
26,240
72,122
27,39
34,159
28,5
67,31
6,40
25,23
48,263
32,4
10,225
32,411
79,312
30,469
31,190
17,399
37,333
8,437
9,62
58,128
51,198
76,390
37,25
28,30
13,24
58,17
34,55
32,143
1,450
25,385
3,419
36,41
7,20
35,428
9,133
67,117
71,226
5,453
31,91
4,53
17,43
74,48
64,22
75,18
40,88
63,116
78,16
44,38
76,188
75,309
59,403
9,29
36,340
73,350
59,441
9,393
11,3
48,452
7,443
35,19
59,28
49,386
21,2
47,409
29,475
34,10
