16,135
11,167
2,130
6,219
5,278
25,276
16,223
35,192
14,162
10,325
36,201
35,287
28,343
18,265
14,299
7,319
4,235
7,382
11,341
7,141
5,123
7,182
6,381
4,304
6,395
16,418
5,378
11,448
9,222
4,298
6,349
16,449
35,396
12,87
26,406
28,76
35,455
7,405
5,364
6,397
7,311
18,458
7,463
18,473
35,467
16,13
18,36
7,215
35,153
5,344
35,432
25,438
7,371
25,322
4,279
14,216
35,194
16,307
18,294
35,121
35,208
6,470
26,421
15,474
14,54
35,6
16,52
18,303
5,138
19,224
35,380
35,433
16,63
15,110
35,331
32,379
19,315
15,35
35,353
5,246
19,321
35,360
18,317
19,392
18,146
35,372
32,269
7,180
35,460
18,387
7,206
19,189
5,273
14,383
18,231
18,357
35,242
12,476
19,258
12,237
35,184
35,106
35,103
18,115
12,114
35,156
19,295
18,89
35,462
26,339
35,61
5,176
35,79
35,97
35,197
7,165
7,318
14,227
16,290
14,270
24,388
5,301
31,400
35,284
12,232
18,267
35,347
6,257
19,183
31,332
5,209
5,255
7,291
16,217
31,327
18,384
18,158
25,456
16,239
18,316
31,359
19,305
4,8
19,342
18,60
26,401
35,336
18,323
19,187
18,233
18,252
16,157
28,101
18,124
18,296
35,171
35,72
35,49
5,179
36,127
18,109
31,57
5,113
19,37
35,166
35,147
31,86
35,45
16,111
18,82
35,186
35,102
5,33
19,168
18,71
35,51
12,320
16,66
35,75
26,172
16,408
31,12
35,454
35,361
19,466
35,338
35,414
7,160
20,459
6,354
5,461
31,434
19,11
24,425
14,377
18,398
35,435
6,285
5,328
18,90
31,196
18,281
18,253
12,211
18,203
20,272
18,329
24,247
35,429
18,345
18,245
12,236
18,370
18,373
28,148
24,261
35,251
12,250
31,404
15,170
18,243
30,326
31,140
25,205
6,260
7,221
35,126
18,154
19,155
14,14
21,293
35,375
35,202
12,42
31,297
18,367
35,175
16,362
35,145
5,210
12,150
22,151
18,200
12,161
18,83
26,96
18,207
16,213
12,137
18,214
18,330
35,104
18,108
16,59
35,313
5,85
35,47
35,95
19,136
18,228
18,68
19,44
6,300
12,366
31,363
16,457
35,465
5,444
26,346
35,259
15,283
18,144
20,142
12,174
16,314
31,193
14,149
31,164
24,262
16,356
18,185
12,81
19,92
35,107
18,229
14,129
31,70
5,84
5,352
35,77
35,99
12,351
18,306
24,58
35,139
35,248
18,119
30,152
31,238
18,181
35,374
16,254
25,302
31,134
35,310
19,169
24,451
12,427
9,73
16,67
29,26
6,46
18,178
19,391
26,266
35,440
26,424
35,422
31,348
35,416
26,7
27,478
35,32
12,280
31,1
18,376
35,275
18,439
18,389
18,446
26,407
35,472
6,218
5,204
5,241
35,264
12,274
34,105
35,100
8,177
31,282
35,125
31,368
27,442
18,34
17,369
35,420
16,355
33,244
8,98
19,234
19,249
26,337
36,324
12,308
19,402
22,212
5,292
35,413
26,65
34,56
18,195
18,230
29,9
5,415
18,94
18,394
12,15
12,277
18,286
27,118
26,120
18,436
16,417
18,64
16,78
37,74
30,220
26,426
25,477
31,271
31,410
21,365
35,334
4,335
11,412
20,288
35,112
16,132
6,464
16,256
26,431
1,358
14,173
30,268
33,131
29,447
18,468
6,199
35,289
35,471
12,445
9,163
18,430
29,27
32,21
16,80
35,423
10,93
5,191
6,50
5,69
13,240
34,122
14,39
16,159
14,5
30,31
4,40
12,23
24,263
16,4
5,225
16,411
37,312
15,469
16,190
7,399
18,333
5,437
5,62
27,128
25,198
36,390
18,25
14,30
6,24
27,17
16,55
16,143
1,450
12,385
3,419
17,41
5,20
16,428
5,133
30,117
33,226
4,453
16,91
3,53
7,43
35,48
29,22
35,18
18,88
29,116
36,16
20,38
36,188
35,309
28,403
5,29
17,340
34,350
28,441
5,393
6,3
24,452
5,443
16,19
28,28
24,386
10,2
23,409
15,475
16,10
