23,135
16,167
2,130
7,219
6,278
36,276
23,223
51,192
20,162
15,325
53,201
51,287
41,343
26,265
20,299
10,319
4,235
11,382
16,341
12,141
6,123
11,182
7,381
4,304
9,395
22,418
6,378
16,448
14,222
4,298
7,349
23,449
51,396
18,87
39,406
42,76
51,455
10,405
6,364
7,397
12,311
26,458
11,463
26,473
51,467
22,13
26,36
11,215
51,153
6,344
51,432
36,438
12,371
36,322
4,279
20,216
51,194
22,307
26,294
51,121
51,208
9,470
39,421
21,474
20,54
51,6
22,52
26,303
6,138
28,224
51,380
51,433
22,63
21,110
51,331
48,379
28,315
21,35
51,353
6,246
28,321
51,360
26,317
28,392
26,146
51,372
48,269
11,180
51,460
26,387
12,206
28,189
6,273
20,383
26,231
26,357
51,242
17,476
28,258
18,237
51,184
51,106
51,103
26,115
18,114
51,156
28,295
26,89
51,462
39,339
51,61
5,176
51,79
51,97
51,197
11,165
12,318
20,227
22,290
20,270
34,388
6,301
46,400
51,284
18,232
26,267
51,347
9,257
28,183
46,332
5,209
5,255
12,291
22,217
46,327
26,384
26,158
36,456
22,239
26,316
46,359
28,305
4,8
28,342
26,60
37,401
51,336
26,323
28,187
26,233
26,252
22,157
42,101
26,124
26,296
51,171
51,72
51,49
6,179
54,127
26,109
46,57
5,113
28,37
51,166
51,147
46,86
51,45
22,111
26,82
51,186
51,102
5,33
28,168
26,71
51,51
18,320
22,66
51,75
37,172
22,408
46,12
51,454
51,361
28,466
51,338
51,414
10,160
29,459
7,354
6,461
46,434
28,11
34,425
20,377
26,398
51,435
9,285
5,328
26,90
46,196
26,281
26,253
18,211
26,203
30,272
26,329
34,247
51,429
26,345
26,245
17,236
26,370
26,373
42,148
34,261
51,251
18,250
46,404
21,170
26,243
45,326
46,140
36,205
7,260
12,221
51,126
26,154
28,155
20,14
31,293
51,375
51,202
17,42
46,297
26,367
51,175
22,362
51,145
6,210
18,150
32,151
26,200
17,161
26,83
38,96
26,207
22,213
17,137
26,214
26,330
51,104
26,108
22,59
51,313
5,85
51,47
51,95
28,136
26,228
26,68
28,44
7,300
18,366
46,363
22,457
51,465
5,444
37,346
51,259
21,283
26,144
29,142
18,174
23,314
46,193
20,149
46,164
34,262
23,356
26,185
18,81
28,92
51,107
26,229
20,129
46,70
5,84
5,352
51,77
51,99
17,351
26,306
34,58
51,139
51,248
26,119
45,152
46,238
26,181
51,374
22,254
36,302
47,134
51,310
28,169
34,451
17,427
14,73
22,67
43,26
7,46
26,178
28,391
39,266
51,440
37,424
51,422
46,348
51,416
38,7
40,478
51,32
17,280
46,1
26,376
51,275
26,439
26,389
26,446
39,407
51,472
8,218
5,204
5,241
51,264
17,274
50,105
51,100
13,177
46,282
51,125
46,368
40,442
26,34
25,369
51,420
22,355
49,244
13,98
28,234
28,249
38,337
54,324
17,308
28,402
32,212
5,292
51,413
38,65
50,56
26,195
27,230
44,9
5,415
26,94
26,394
18,15
18,277
26,286
40,118
37,120
26,436
22,417
26,64
23,78
55,74
45,220
39,426
36,477
47,271
46,410
31,365
51,334
4,335
16,412
30,288
51,112
24,132
9,464
22,256
37,431
1,358
20,173
45,268
49,131
43,447
26,468
7,199
51,289
51,471
17,445
14,163
26,430
44,27
48,21
24,80
51,423
15,93
5,191
7,50
5,69
19,240
50,122
20,39
23,159
20,5
45,31
4,40
18,23
34,263
22,4
6,225
22,411
55,312
21,469
22,190
12,399
26,333
5,437
5,62
40,128
36,198
52,390
26,25
20,30
8,24
40,17
23,55
22,143
1,450
18,385
3,419
25,41
5,20
24,428
5,133
45,117
49,226
4,453
22,91
3,53
12,43
51,48
44,22
51,18
27,88
43,116
54,16
30,38
52,188
51,309
41,403
5,29
25,340
50,350
41,441
5,393
7,3
34,452
5,443
24,19
41,28
35,386
15,2
33,409
21,475
23,10
