45,374
58,735
58,664
24,665
26,710
24,704
15,660
58,326
12,699
44,672
12,650
18,602
23,356
72,540
30,667
24,599
45,617
30,638
35,716
53,695
47,655
46,693
15,555
46,627
46,697
12,696
32,621
21,588
45,604
47,589
11,132
2,570
24,259
29,289
36,401
12,571
14,56
36,622
55,568
46,493
45,728
39,647
25,709
32,734
12,670
12,629
45,714
31,715
60,700
33,686
46,720
25,712
49,579
52,536
45,631
12,541
57,293
12,637
24,733
12,731
14,633
55,657
58,603
24,616
12,576
71,479
39,572
36,598
70,452
18,587
49,724
37,623
47,727
12,708
46,711
71,674
54,651
71,600
53,713
33,565
57,702
24,701
58,634
58,684
32,654
45,669
54,630
35,680
35,543
45,510
35,492
46,594
46,561
49,721
32,546
12,641
53,258
49,535
72,460
22,688
46,642
27,692
12,433
46,517
7,521
46,440
41,485
57,482
12,624
39,325
13,564
45,529
37,620
27,530
47,575
45,26
53,671
36,658
11,321
12,656
45,628
63,524
46,538
10,478
46,126
12,380
14,198
14,218
12,367
53,430
53,416
12,409
61,539
55,498
40,652
45,368
45,515
21,648
33,501
21,406
8,109
25,509
32,673
31,668
12,593
14,698
4,690
14,542
25,608
48,488
66,646
39,581
12,606
59,679
71,722
39,247
14,96
50,360
51,534
12,338
22,580
45,643
64,619
43,551
39,459
13,601
38,613
45,442
30,516
10,456
64,46
39,591
26,188
55,508
46,649
50,103
45,424
12,322
58,553
56,566
3,635
7,585
15,502
12,717
45,597
30,489
18,659
12,514
18,560
55,499
5,567
24,497
33,388
33,494
35,145
15,398
9,473
12,435
42,413
14,486
47,454
59,531
15,662
61,389
16,339
44,528
28,470
39,120
35,309
55,429
45,436
71,420
60,396
55,350
3,507
45,372
30,294
12,184
14,242
71,385
46,300
1,487
35,618
14,523
11,316
14,370
14,466
48,450
46,65
12,395
39,519
72,513
45,36
8,58
60,45
45,563
14,160
12,677
14,644
39,544
15,490
12,547
58,341
45,353
12,462
58,60
12,74
46,245
46,153
54,586
15,506
47,449
39,314
53,477
49,238
33,329
45,511
12,392
12,549
55,432
24,362
46,504
45,292
59,505
5,394
1,277
58,354
12,554
67,230
8,471
8,422
45,483
71,268
14,343
50,11
25,330
12,9
39,423
14,129
1,481
35,178
65,290
45,225
62,439
66,119
45,31
17,166
33,111
12,170
11,324
45,550
12,315
12,124
12,375
6,303
60,61
14,146
33,384
58,319
12,200
68,219
71,279
14,311
34,467
73,469
46,444
35,453
45,127
12,334
39,455
14,274
61,227
8,239
12,474
10,237
12,37
41,297
17,148
14,226
45,157
12,224
12,128
45,520
10,661
12,345
12,7
45,23
36,203
12,251
12,241
45,196
45,183
46,234
14,426
39,313
45,271
45,141
12,270
12,182
46,105
12,191
16,265
12,295
45,215
14,181
39,147
55,197
9,348
71,573
12,552
58,605
58,415
12,537
12,443
55,512
12,386
34,557
71,412
17,390
12,522
45,187
12,363
18,189
39,558
39,12
35,70
12,451
12,427
46,441
12,491
39,468
12,205
46,342
12,556
14,318
39,287
45,359
46,28
33,138
12,403
39,140
45,100
45,161
14,13
12,6
18,4
25,33
12,16
12,192
18,59
66,64
12,261
58,82
12,52
12,276
12,149
48,142
12,43
71,387
45,102
12,114
59,173
21,5
46,266
46,222
12,280
32,32
46,465
12,582
71,437
59,425
18,336
12,233
58,211
18,361
12,286
71,495
45,636
51,382
12,400
46,607
12,480
12,484
12,323
45,337
8,185
20,331
66,272
12,344
12,383
39,162
12,17
12,136
71,244
12,418
12,615
45,463
71,283
11,545
12,496
16,86
12,291
18,236
14,41
39,320
39,90
61,168
45,257
12,377
12,1
19,112
12,29
14,263
12,116
14,177
12,47
42,475
46,121
12,327
12,216
59,55
12,448
45,308
46,332
45,137
12,206
14,10
16,592
14,457
12,199
12,317
47,107
12,164
14,369
45,249
46,404
12,106
12,248
12,306
45,378
12,373
12,737
12,685
45,405
12,125
12,458
12,421
12,626
12,22
12,262
16,408
12,93
12,340
12,123
45,476
45,518
12,333
12,75
12,92
47,175
12,683
12,229
59,25
12,104
12,40
12,24
12,718
12,51
12,101
12,464
12,569
18,666
12,610
12,574
12,639
12,675
12,625
46,632
12,221
14,73
12,730
18,726
12,676
12,115
71,682
71,691
71,472
12,736
12,596
12,583
12,577
66,500
71,611
12,612
12,252
12,201
18,30
12,21
12,19
12,89
12,91
12,209
12,366
12,88
45,281
12,223
12,195
71,307
12,118
10,68
12,35
18,328
12,38
12,379
12,50
17,194
18,256
18,80
71,288
12,139
12,298
71,193
12,304
12,357
12,85
12,44
12,143
12,27
46,95
12,407
12,278
12,445
18,584
46,364
12,365
12,253
47,67
71,446
12,152
12,208
12,110
45,335
47,431
39,376
12,310
12,42
12,346
12,172
12,165
72,381
12,156
42,240
12,231
12,371
70,135
47,72
12,113
12,167
12,217
12,18
12,15
12,186
12,169
12,144
18,48
12,34
45,207
12,2
71,84
46,267
47,246
47,393
12,243
69,299
45,414
12,8
12,83
12,3
12,351
12,63
12,179
12,352
12,57
12,81
46,108
46,202
12,503
12,411
12,402
12,154
12,264
46,461
12,204
12,133
12,312
45,447
12,49
12,296
46,213
71,235
12,122
12,284
12,355
12,174
67,190
12,347
12,39
12,260
12,214
12,62
12,210
12,134
71,87
12,77
12,250
12,79
12,130
12,20
12,117
12,97
14,254
12,131
72,180
12,159
12,419
46,54
12,94
12,98
12,53
12,255
12,71
12,158
12,176
12,275
46,397
47,228
12,150
71,723
12,548
12,76
71,527
47,706
46,438
12,562
46,732
12,66
71,78
12,725
71,578
12,703
47,410
12,434
12,707
71,694
12,349
12,705
12,533
12,719
12,417
12,689
12,220
12,399
71,729
12,559
71,155
71,678
71,302
12,687
12,358
12,609
12,526
12,273
12,681
12,653
12,525
12,212
12,640
46,595
71,69
12,590
12,99
12,14
71,663
12,232
71,305
47,614
12,301
12,151
71,391
47,285
12,532
71,428
12,645
12,269
12,163
47,171
46,282
