11,833
11,565
23,831
11,845
16,640
24,769
22,767
11,682
11,739
8,713
7,797
11,832
23,732
12,762
16,691
10,642
11,756
25,795
11,367
21,711
2,776
16,810
11,671
11,607
24,747
19,822
10,318
16,494
26,669
7,853
10,847
11,818
11,751
19,114
24,687
14,793
26,731
25,608
4,559
4,645
11,707
11,353
11,839
15,771
24,543
16,750
15,723
11,322
11,689
22,763
11,817
23,714
11,709
14,802
11,676
11,746
19,653
24,598
11,573
20,184
14,748
25,179
4,782
14,638
10,675
11,571
11,761
11,579
26,595
16,485
23,304
19,646
19,719
24,778
25,619
23,672
19,615
23,734
11,555
25,764
11,774
11,848
16,668
16,677
24,216
11,212
4,695
12,685
24,305
11,820
18,605
11,686
11,826
11,787
23,841
23,789
16,825
14,819
16,840
6,704
14,416
23,792
25,850
14,829
11,575
12,790
20,712
16,814
11,737
11,740
11,532
11,170
25,568
11,588
25,48
11,550
11,566
11,754
20,547
16,843
11,718
11,725
14,816
23,849
16,806
11,661
11,842
11,437
24,824
10,429
11,652
11,462
11,259
11,518
23,94
11,524
14,19
11,109
19,479
14,478
11,567
11,9
24,326
11,246
24,604
4,618
11,692
25,226
10,422
16,558
25,766
16,267
23,639
17,445
24,800
23,17
16,378
23,727
10,418
11,770
11,328
26,706
14,384
26,374
11,253
16,643
11,234
14,345
11,854
11,670
11,830
9,59
11,131
22,681
4,745
19,852
24,696
16,834
11,779
11,773
16,637
4,708
23,610
11,683
11,512
3,557
11,520
11,654
11,625
11,611
19,626
16,499
11,563
19,393
14,634
23,587
16,589
26,651
11,535
21,562
16,678
23,743
11,585
23,757
25,622
15,788
9,693
11,530
11,118
19,442
12,702
11,703
11,721
11,541
11,656
11,755
4,684
11,781
9,516
15,627
11,644
11,722
25,453
23,522
10,255
11,556
11,423
11,657
11,796
15,837
11,309
14,443
11,600
11,552
17,803
11,738
11,597
14,663
23,617
11,574
14,635
11,591
24,649
13,716
23,705
11,623
14,780
16,641
11,760
14,694
4,580
14,724
11,630
25,458
11,799
11,648
11,759
23,658
11,667
11,477
24,504
4,551
11,592
11,741
11,513
11,472
11,544
11,596
24,459
11,469
11,167
10,444
16,515
24,377
14,338
11,2
16,8
14,435
11,295
11,528
19,401
23,386
11,380
23,534
15,385
16,249
17,55
4,381
10,427
11,483
11,362
1,388
11,390
26,475
11,317
11,144
11,468
14,237
5,187
14,484
14,315
11,449
11,564
11,726
11,465
11,481
14,599
11,700
11,578
17,620
11,323
14,749
11,583
16,116
11,577
14,594
11,768
11,394
11,343
23,169
2,433
11,329
11,344
11,199
4,744
11,283
11,398
11,265
11,506
11,222
11,519
9,655
11,81
14,440
11,375
16,349
14,330
11,526
23,498
14,662
11,650
4,493
11,432
11,266
11,365
11,276
11,12
11,136
11,229
23,68
4,368
11,90
11,133
11,476
11,364
14,537
11,279
14,402
11,209
24,132
7,141
11,348
4,400
11,570
11,614
11,680
11,542
11,452
4,51
24,32
14,193
22,715
15,511
11,593
11,752
23,473
11,569
11,601
20,492
11,502
11,501
23,404
23,327
11,730
11,728
11,697
11,572
11,447
8,391
11,436
11,497
11,742
11,508
11,673
23,772
16,699
23,688
11,733
11,586
11,431
11,603
11,500
11,523
11,214
24,263
11,576
16,293
24,42
23,306
4,439
23,221
16,126
11,122
24,41
11,134
11,233
23,92
11,121
16,270
11,357
4,185
11,56
11,448
4,303
24,514
23,308
11,406
14,335
11,49
11,257
11,609
11,415
11,236
24,584
11,67
11,366
11,482
23,66
11,142
11,710
11,173
11,110
11,190
11,161
11,413
24,127
11,180
11,271
11,313
16,138
24,546
11,290
11,147
23,231
23,23
11,631
23,616
11,488
11,346
24,208
11,521
11,268
11,387
4,33
11,1
11,302
11,311
11,347
11,213
27,93
24,392
11,399
11,296
23,549
11,128
11,188
11,529
11,242
11,53
11,79
11,165
11,43
11,403
11,621
11,430
4,582
24,495
11,227
23,505
24,291
16,525
11,503
11,679
11,456
11,215
24,218
11,461
11,171
11,319
11,203
11,517
11,420
11,510
11,355
11,333
11,331
16,467
11,86
23,735
11,82
11,480
11,613
11,647
11,354
11,466
11,441
11,228
11,111
11,352
11,341
11,359
11,463
11,105
11,260
11,24
11,256
24,280
11,324
11,264
11,117
16,112
11,297
23,4
11,240
11,189
16,160
11,106
23,14
16,211
24,88
11,27
11,130
11,289
11,159
23,225
11,31
11,272
14,16
11,65
11,149
11,332
11,207
16,172
23,219
11,244
11,561
11,312
11,241
11,252
4,247
14,278
11,371
11,250
11,548
11,428
11,195
11,275
11,64
11,232
11,300
11,168
11,298
11,337
11,307
11,358
11,238
11,104
11,340
11,101
11,36
24,301
11,316
11,334
11,137
11,123
11,356
11,61
11,163
11,54
4,140
11,98
11,44
11,220
11,47
11,285
11,373
11,230
11,206
11,784
11,855
11,539
23,861
11,28
11,808
11,720
4,450
11,46
11,851
11,785
11,99
11,181
16,152
11,108
11,97
11,277
11,192
11,813
11,70
11,5
11,22
11,659
11,857
11,660
16,15
11,859
11,166
11,314
5,178
4,828
11,83
11,407
16,248
23,197
11,273
11,201
23,531
11,860
11,157
11,396
11,120
11,821
11,701
11,286
11,805
11,777
11,823
11,632
11,612
11,84
11,419
11,674
11,624
11,815
11,336
11,125
11,858
11,507
11,801
16,835
16,536
11,758
11,698
11,150
24,553
16,491
24,412
11,665
11,287
11,154
11,235
11,310
11,91
11,451
16,269
11,540
11,666
11,85
11,405
11,370
11,460
11,581
11,471
11,414
11,408
11,274
11,446
11,496
11,261
11,434
23,35
11,25
11,360
11,89
11,45
11,487
11,177
11,74
16,425
11,664
11,155
16,143
11,129
11,527
11,58
11,243
11,145
11,6
11,490
11,113
11,75
11,103
11,38
11,62
11,80
11,205
11,18
4,254
11,115
11,148
16,223
11,151
11,37
11,294
11,29
11,69
11,198
11,162
11,164
3,489
11,636
11,383
11,282
11,438
11,602
11,633
4,95
11,417
11,409
11,204
11,538
11,509
11,71
11,457
11,382
11,426
11,339
11,96
11,350
11,554
11,690
11,76
11,411
4,376
11,196
11,284
11,474
11,454
16,153
11,202
11,13
11,124
11,239
11,245
11,455
4,135
11,52
11,258
11,320
11,397
11,395
11,224
11,156
11,78
11,158
1,102
11,183
16,545
11,533
11,3
11,372
11,174
11,7
4,50
16,379
16,107
4,119
11,60
11,20
11,200
11,470
4,26
11,73
11,139
8,281
11,191
11,194
11,72
5,77
11,34
11,210
16,176
11,57
11,606
4,838
16,836
11,560
4,765
16,351
4,63
11,844
4,629
4,811
16,421
11,464
16,827
11,717
11,175
11,809
11,410
11,590
16,846
11,363
16,804
11,783
11,251
11,39
4,486
16,856
11,40
11,182
11,812
11,369
11,146
11,262
16,342
4,807
11,736
4,217
11,753
11,791
11,288
11,786
11,325
4,87
11,424
4,729
11,186
11,299
11,798
11,628
16,100
11,321
11,21
11,775
16,292
4,10
16,794
16,389
16,30
16,361
16,11
