64,667
54,680
16,672
4,649
54,652
65,651
49,634
25,671
41,669
54,660
32,510
49,656
10,631
52,647
59,598
53,594
16,682
36,107
58,515
33,405
43,138
33,474
41,481
6,519
52,507
18,552
52,639
25,646
40,495
28,617
44,553
2,658
54,616
28,527
57,584
64,543
10,535
51,654
50,583
25,558
22,636
37,664
27,608
46,655
33,666
42,653
11,629
25,676
25,599
44,560
1,601
25,358
33,644
33,446
34,678
25,71
51,633
54,588
18,145
27,395
19,234
15,550
64,426
25,485
67,430
20,429
25,374
54,302
64,129
64,308
25,327
25,416
25,82
38,257
25,8
18,52
9,489
61,152
25,143
25,421
46,587
25,612
11,579
33,623
60,565
25,90
45,486
5,600
19,452
25,378
16,534
56,549
10,352
53,195
6,432
64,353
25,454
57,417
16,473
22,546
25,363
21,330
1,216
33,228
25,427
21,491
25,536
55,453
6,410
28,400
48,541
54,334
31,350
45,555
15,595
7,663
25,637
1,650
26,643
25,563
18,657
25,508
36,681
25,662
25,372
50,626
25,404
6,590
25,513
45,465
54,478
25,447
54,246
60,611
18,613
57,554
4,580
25,566
54,529
64,568
25,476
54,597
25,591
18,551
25,521
21,574
37,573
50,562
18,585
14,511
26,537
25,412
56,632
56,592
9,576
9,578
18,610
24,642
25,615
25,487
25,533
25,530
6,497
3,455
14,544
25,556
29,630
26,531
64,456
50,479
13,268
49,517
47,282
32,422
54,444
25,509
42,351
25,218
25,329
54,326
24,420
50,451
14,518
25,461
58,394
53,528
49,437
28,324
22,548
56,213
54,202
15,645
54,624
16,496
25,460
18,226
52,545
25,204
54,356
26,377
63,127
25,270
32,159
25,217
25,73
25,249
25,291
20,449
25,337
18,72
25,40
41,442
25,459
25,64
33,364
25,419
25,101
25,439
10,609
25,577
19,561
18,606
4,684
30,532
33,618
25,538
27,614
25,581
25,525
6,559
25,539
25,540
52,214
25,677
13,635
10,564
25,607
24,596
25,431
25,492
25,665
64,409
54,297
25,406
33,141
25,462
25,340
26,488
25,522
60,418
10,467
59,475
25,307
54,493
33,381
25,296
25,231
25,120
25,285
17,277
18,391
6,56
25,211
33,524
26,122
25,362
57,271
25,498
54,298
25,503
25,247
26,463
32,86
54,441
25,567
25,28
25,283
30,317
25,266
25,506
26,117
25,184
25,433
17,361
25,483
25,336
28,342
25,322
25,345
1,79
25,280
33,241
39,436
25,178
7,259
25,237
25,162
25,132
23,424
56,256
13,411
25,80
50,371
31,97
62,229
66,166
25,390
25,413
64,325
54,526
1,179
11,286
33,457
21,67
32,466
25,490
25,393
19,575
33,369
25,379
64,471
25,176
54,289
25,398
25,253
25,232
25,512
26,621
25,49
25,288
25,240
33,207
54,276
25,320
25,124
25,542
25,458
32,335
54,239
25,469
10,220
25,354
32,105
4,294
25,279
43,375
64,275
33,470
64,435
25,382
25,384
25,401
25,516
25,161
33,263
25,206
26,386
25,316
8,209
54,125
25,258
25,75
25,331
25,370
26,244
12,160
56,198
33,48
25,205
25,248
25,357
25,494
26,200
25,281
25,272
64,168
25,365
25,373
25,151
56,328
25,265
25,119
20,227
25,43
64,60
25,30
4,188
58,110
31,34
25,438
25,287
46,167
25,238
25,434
25,181
51,158
49,41
25,189
47,100
25,299
25,304
33,113
64,389
25,224
25,278
25,501
47,675
20,679
25,619
25,245
25,500
25,480
25,520
64,686
54,640
25,628
25,589
25,502
25,45
25,402
25,104
25,20
33,319
25,53
58,255
25,332
25,355
54,225
25,22
25,292
25,313
25,685
25,368
24,423
25,54
25,84
25,348
28,215
25,586
54,264
25,55
25,338
54,203
25,315
12,482
25,11
25,273
64,174
25,343
62,499
25,66
25,408
25,383
25,468
25,208
25,472
25,146
25,106
25,102
25,314
25,89
25,61
25,221
64,318
25,261
25,210
25,121
20,222
25,144
25,76
25,157
20,149
25,26
25,196
25,59
25,135
12,284
25,260
25,91
33,17
25,194
32,3
25,99
64,235
25,171
25,301
25,445
25,477
25,366
25,47
25,83
25,312
25,115
26,62
25,192
25,183
25,165
25,150
35,37
33,93
33,219
33,13
25,251
57,341
64,236
25,77
25,156
25,155
25,295
25,116
25,359
25,230
25,109
54,163
25,262
25,95
25,128
25,24
25,4
33,223
25,344
25,387
64,137
25,88
25,290
25,118
25,103
25,311
25,51
25,32
25,164
25,68
25,415
25,133
25,175
25,33
25,191
25,254
25,112
25,193
25,243
25,428
25,199
25,269
25,131
25,323
64,440
25,443
25,310
25,58
25,2
25,142
25,514
25,333
25,5
25,339
64,274
25,10
25,360
25,180
25,139
25,16
25,186
25,94
25,108
25,380
25,367
25,153
63,154
64,92
64,190
64,300
25,136
25,35
25,98
25,504
25,267
25,425
25,19
25,185
25,388
64,134
25,250
25,85
25,252
33,15
25,25
25,27
33,14
25,233
25,197
25,38
64,57
25,396
25,126
25,182
25,170
25,39
25,148
25,303
25,78
64,87
64,114
64,130
66,50
25,31
25,44
25,81
25,392
25,638
25,407
25,173
25,399
25,111
25,7
25,172
25,12
25,187
33,397
64,212
25,9
64,23
25,177
25,46
64,346
25,21
64,42
33,147
25,123
25,18
25,293
25,74
25,29
25,140
25,604
25,376
25,622
47,347
25,670
33,523
64,464
25,661
25,321
25,602
25,582
25,96
25,36
64,683
25,69
25,625
25,570
25,448
25,659
25,648
25,414
25,63
25,620
25,385
64,603
25,572
64,593
25,309
25,505
25,484
25,668
25,674
25,547
64,169
25,571
64,242
25,557
25,70
62,641
64,403
33,627
25,349
25,1
25,569
33,201
25,6
25,305
25,673
64,450
25,605
33,306
33,65
