79,753
78,746
83,76
44,762
56,775
81,512
65,668
97,486
55,706
77,696
113,758
108,699
15,780
53,260
15,711
62,691
27,499
53,796
92,45
97,130
15,206
43,89
38,669
130,632
108,735
67,703
101,724
103,790
44,756
106,782
26,754
47,169
4,777
15,716
99,759
121,761
41,123
5,755
55,774
42,663
74,661
81,788
95,583
60,511
103,739
37,694
25,577
46,690
127,606
13,752
45,767
71,747
134,685
43,383
108,766
35,63
54,713
6,468
55,127
93,679
83,741
25,750
103,672
34,619
103,727
134,742
40,693
32,722
97,717
132,714
84,528
30,504
112,608
37,660
39,510
103,605
103,698
28,728
72,634
82,635
109,526
1,574
82,502
14,417
95,372
123,537
128,473
82,432
103,544
33,282
69,589
69,337
32,557
93,224
93,710
27,721
42,626
98,385
100,529
113,405
91,395
86,426
116,617
55,595
103,671
17,552
89,515
108,666
13,667
134,551
12,615
93,603
65,683
61,522
15,569
38,680
134,505
32,627
44,516
33,723
86,686
114,466
103,719
8,725
113,689
83,637
103,564
85,568
66,286
103,306
54,464
54,453
127,436
107,313
54,28
77,329
71,77
75,218
113,268
113,494
113,440
113,514
117,449
84,769
68,378
70,65
68,783
113,598
14,700
65,625
112,720
110,654
88,662
83,452
99,597
37,256
74,438
87,105
24,240
135,673
37,590
117,612
80,638
91,533
10,622
134,565
92,563
117,664
103,506
7,670
69,692
71,675
110,348
106,541
91,381
114,459
31,584
85,618
53,548
15,546
129,650
4,384
93,408
74,358
68,312
33,779
15,27
126,642
91,718
71,441
95,740
107,592
118,300
117,518
98,227
107,211
96,628
107,213
2,99
22,443
97,639
5,677
4,35
134,155
117,392
103,195
117,98
117,174
21,30
52,462
100,237
113,393
100,422
97,226
91,542
35,298
15,376
103,294
110,305
55,580
124,198
59,331
59,336
103,134
96,192
106,315
100,196
124,682
88,540
108,591
57,148
80,391
56,271
120,547
125,567
15,653
106,704
93,418
90,280
103,630
120,415
67,463
6,687
60,594
113,357
97,360
129,434
116,550
33,629
31,536
15,490
71,368
58,140
77,520
40,125
103,302
70,458
134,11
81,100
103,517
44,141
15,343
55,480
59,308
65,325
83,461
31,245
103,623
127,531
28,364
113,497
85,521
26,534
95,684
53,460
5,601
63,620
23,543
108,715
113,139
116,420
103,212
51,142
55,610
52,651
103,586
8,151
82,425
44,423
15,508
131,73
97,401
87,347
105,539
96,498
82,399
93,561
105,538
120,640
100,621
117,487
113,475
71,649
71,562
105,575
103,571
116,611
113,316
75,648
31,633
134,712
102,442
103,613
70,407
107,350
114,409
96,554
33,410
19,489
7,122
16,176
7,448
109,607
82,501
113,695
36,614
134,532
110,446
103,560
120,301
107,194
108,205
47,207
37,162
117,582
107,335
103,168
13,143
82,208
6,369
120,103
94,588
113,573
116,397
134,281
129,555
112,248
103,307
51,344
114,108
12,25
11,332
33,279
11,362
12,230
93,55
113,12
102,363
110,530
113,323
31,81
108,373
108,513
113,545
89,328
79,527
64,173
113,375
116,152
119,394
29,219
103,359
109,604
62,479
110,341
105,587
88,299
103,330
21,241
89,234
103,370
73,471
103,600
102,503
103,412
3,636
8,467
8,658
8,674
10,193
113,470
98,36
106,8
110,201
103,20
89,246
116,214
59,69
112,435
8,292
112,437
43,295
5,225
31,197
103,317
9,238
114,356
102,112
114,94
114,297
90,60
118,95
134,183
68,342
113,43
9,85
103,191
113,274
45,215
113,189
136,164
106,175
112,101
134,19
112,167
103,411
15,239
8,760
134,652
31,86
6,396
103,365
12,380
113,107
97,229
103,153
96,377
103,158
85,456
103,293
100,483
114,137
100,172
6,252
15,52
115,190
125,304
114,303
103,257
10,314
57,146
103,171
103,92
15,91
50,382
87,79
6,414
113,185
104,145
113,147
113,265
106,113
113,150
103,7
10,129
103,242
118,26
103,138
134,309
118,477
119,157
134,184
103,41
3,10
114,136
5,254
76,2
23,126
111,154
113,61
50,266
8,3
87,144
134,71
8,128
103,272
114,439
18,178
114,121
113,102
8,643
8,339
15,324
103,83
81,80
7,88
113,296
112,288
103,259
134,6
115,42
103,495
118,232
103,163
103,1
103,366
5,4
112,261
20,29
103,119
103,519
103,289
110,419
103,51
103,48
103,402
113,22
100,54
44,40
113,97
113,333
103,32
33,578
15,602
8,131
103,135
110,57
103,132
103,18
108,14
113,179
115,275
103,349
113,283
15,455
113,481
103,285
114,210
112,59
113,104
103,9
106,263
113,39
103,284
110,220
102,5
113,233
102,264
8,223
113,222
103,398
103,576
8,451
114,231
116,253
62,374
103,16
8,556
6,277
115,367
114,244
114,44
103,114
103,353
103,318
15,90
113,120
103,186
103,523
8,249
114,118
134,68
116,93
103,64
114,404
57,267
103,250
48,310
8,361
107,430
8,177
117,72
103,371
102,78
15,270
112,273
120,31
116,47
103,62
103,17
113,96
100,161
134,74
113,334
103,46
8,156
103,116
103,23
8,75
119,56
113,216
49,326
103,255
111,67
103,37
103,478
115,278
103,159
6,209
112,379
114,200
103,509
114,319
115,235
103,447
134,221
103,228
102,188
103,702
113,49
114,269
103,133
113,87
8,428
103,688
103,581
103,596
100,389
113,655
113,553
134,599
103,549
114,641
103,570
103,124
118,646
103,579
103,388
99,676
114,624
8,678
101,705
82,287
134,482
133,387
8,525
134,491
114,492
114,485
102,558
112,400
122,406
113,416
103,390
8,465
15,665
15,450
118,165
14,322
103,496
103,320
103,170
103,354
103,352
10,431
103,58
103,243
103,340
103,559
103,444
103,609
103,457
103,403
118,507
103,276
8,476
99,38
8,202
103,351
103,355
134,433
113,111
103,109
113,338
103,50
103,182
113,203
8,33
103,386
103,474
103,795
103,701
103,781
103,262
115,792
103,794
14,793
103,770
103,290
103,115
15,524
126,34
103,13
113,21
8,15
103,708
134,797
15,737
15,736
103,180
103,786
114,773
103,745
103,771
113,734
103,709
103,731
101,772
103,251
103,743
103,236
103,748
103,749
103,798
103,787
134,445
103,187
103,217
134,732
134,493
15,566
15,657
134,656
15,454
103,427
15,585
15,535
134,659
103,697
100,149
103,84
103,789
15,321
16,744
15,488
103,106
103,199
15,82
15,751
103,429
134,616
103,785
103,593
103,778
103,469
103,765
134,484
103,738
103,204
122,311
103,733
103,726
134,327
134,729
134,345
103,258
103,730
134,707
103,631
15,768
15,500
15,644
15,791
103,110
103,681
134,166
103,764
134,424
101,757
103,413
15,647
103,784
103,472
134,763
134,776
15,572
15,66
103,53
14,117
103,645
134,70
15,247
15,346
15,181
15,24
103,291
15,421
15,160
