74,753
73,746
77,76
43,762
54,775
75,512
63,668
91,486
54,706
72,696
107,758
102,699
15,780
52,260
15,711
60,691
26,499
52,796
86,45
91,130
15,206
42,89
37,669
124,632
102,735
64,703
95,724
97,790
43,756
100,782
25,754
46,169
4,777
15,716
93,759
115,761
40,123
5,755
54,774
41,663
69,661
75,788
89,583
58,511
97,739
36,694
24,577
45,690
121,606
13,752
44,767
67,747
128,685
42,383
102,766
34,63
53,713
6,468
54,127
87,679
77,741
24,750
97,672
33,619
97,727
128,742
39,693
31,722
91,717
126,714
78,528
29,504
106,608
36,660
38,510
97,605
97,698
27,728
68,634
76,635
103,526
1,574
76,502
14,417
89,372
117,537
122,473
76,432
97,544
32,282
66,589
66,337
31,557
87,224
87,710
26,721
41,626
92,385
94,529
107,405
85,395
80,426
110,617
54,595
97,671
17,552
83,515
102,666
13,667
128,551
12,615
87,603
63,683
59,522
15,569
37,680
128,505
31,627
43,516
32,723
80,686
108,466
97,719
8,725
107,689
77,637
97,564
79,568
63,286
97,306
53,464
53,453
121,436
101,313
53,28
72,329
67,77
70,218
107,268
107,494
107,440
107,514
111,449
78,769
65,378
66,65
65,783
107,598
14,700
63,625
106,720
104,654
82,662
77,452
93,597
36,256
69,438
81,105
23,240
129,673
36,590
111,612
74,638
85,533
10,622
128,565
86,563
111,664
97,506
7,670
66,692
67,675
104,348
100,541
85,381
108,459
30,584
79,618
52,548
15,546
123,650
4,384
87,408
69,358
65,312
32,779
15,27
120,642
85,718
67,441
89,740
101,592
112,300
111,518
92,227
101,211
90,628
101,213
2,99
21,443
91,639
5,677
4,35
128,155
111,392
97,195
111,98
111,174
21,30
51,462
94,237
107,393
94,422
91,226
85,542
34,298
15,376
97,294
104,305
54,580
118,198
57,331
57,336
97,134
90,192
100,315
94,196
118,682
82,540
102,591
55,148
74,391
54,271
114,547
119,567
15,653
100,704
87,418
84,280
97,630
114,415
64,463
6,687
58,594
107,357
91,360
123,434
110,550
32,629
30,536
15,490
67,368
56,140
72,520
39,125
97,302
66,458
128,11
75,100
97,517
43,141
15,343
54,480
57,308
63,325
77,461
30,245
97,623
121,531
27,364
107,497
79,521
25,534
89,684
52,460
5,601
61,620
22,543
102,715
107,139
110,420
97,212
50,142
54,610
51,651
97,586
8,151
76,425
43,423
15,508
125,73
91,401
81,347
99,539
90,498
76,399
87,561
99,538
114,640
94,621
111,487
107,475
67,649
67,562
99,575
97,571
110,611
107,316
70,648
30,633
128,712
96,442
97,613
66,407
101,350
108,409
90,554
32,410
19,489
7,122
16,176
7,448
103,607
76,501
107,695
35,614
128,532
104,446
97,560
114,301
101,194
102,205
46,207
36,162
111,582
101,335
97,168
13,143
76,208
6,369
114,103
88,588
107,573
110,397
128,281
123,555
106,248
97,307
50,344
108,108
12,25
11,332
32,279
11,362
12,230
87,55
107,12
96,363
104,530
107,323
30,81
102,373
102,513
107,545
83,328
74,527
62,173
107,375
110,152
113,394
28,219
97,359
103,604
60,479
104,341
99,587
82,299
97,330
21,241
83,234
97,370
68,471
97,600
96,503
97,412
3,636
8,467
8,658
8,674
10,193
107,470
92,36
100,8
104,201
97,20
83,246
110,214
57,69
106,435
8,292
106,437
42,295
5,225
30,197
97,317
9,238
108,356
96,112
108,94
108,297
84,60
112,95
128,183
65,342
107,43
9,85
97,191
107,274
44,215
107,189
130,164
100,175
106,101
128,19
106,167
97,411
15,239
8,760
128,652
30,86
6,396
97,365
12,380
107,107
91,229
97,153
90,377
97,158
79,456
97,293
94,483
108,137
94,172
6,252
15,52
109,190
119,304
108,303
97,257
10,314
55,146
97,171
97,92
15,91
49,382
81,79
6,414
107,185
98,145
107,147
107,265
100,113
107,150
97,7
10,129
97,242
112,26
97,138
128,309
112,477
113,157
128,184
97,41
3,10
108,136
5,254
71,2
22,126
105,154
107,61
49,266
8,3
81,144
128,71
8,128
97,272
108,439
18,178
108,121
107,102
8,643
8,339
15,324
97,83
75,80
7,88
107,296
106,288
97,259
128,6
109,42
97,495
112,232
97,163
97,1
97,366
5,4
106,261
20,29
97,119
97,519
97,289
104,419
97,51
97,48
97,402
107,22
94,54
43,40
107,97
107,333
97,32
32,578
15,602
8,131
97,135
104,57
97,132
97,18
102,14
107,179
109,275
97,349
107,283
15,455
107,481
97,285
108,210
106,59
107,104
97,9
100,263
107,39
97,284
104,220
96,5
107,233
96,264
8,223
107,222
97,398
97,576
8,451
108,231
110,253
60,374
97,16
8,556
6,277
109,367
108,244
108,44
97,114
97,353
97,318
15,90
107,120
97,186
97,523
8,249
108,118
128,68
110,93
97,64
108,404
55,267
97,250
47,310
8,361
101,430
8,177
111,72
97,371
96,78
15,270
106,273
114,31
110,47
97,62
97,17
107,96
94,161
128,74
107,334
97,46
8,156
97,116
97,23
8,75
113,56
107,216
48,326
97,255
105,67
97,37
97,478
109,278
97,159
6,209
106,379
108,200
97,509
108,319
109,235
97,447
128,221
97,228
96,188
97,702
107,49
108,269
97,133
107,87
8,428
97,688
97,581
97,596
94,389
107,655
107,553
128,599
97,549
108,641
97,570
97,124
112,646
97,579
97,388
93,676
108,624
8,678
95,705
76,287
128,482
127,387
8,525
128,491
108,492
108,485
96,558
106,400
116,406
107,416
97,390
8,465
15,665
15,450
112,165
14,322
97,496
97,320
97,170
97,354
97,352
10,431
97,58
97,243
97,340
97,559
97,444
97,609
97,457
97,403
112,507
97,276
8,476
93,38
8,202
97,351
97,355
128,433
107,111
97,109
107,338
97,50
97,182
107,203
8,33
97,386
97,474
97,795
97,701
97,781
97,262
109,792
97,794
14,793
97,770
97,290
97,115
15,524
120,34
97,13
107,21
8,15
97,708
128,797
15,737
15,736
97,180
97,786
108,773
97,745
97,771
107,734
97,709
97,731
95,772
97,251
97,743
97,236
97,748
97,749
97,798
97,787
128,445
97,187
97,217
128,732
128,493
15,566
15,657
128,656
15,454
97,427
15,585
15,535
128,659
97,697
94,149
97,84
97,789
15,321
16,744
15,488
97,106
97,199
15,82
15,751
97,429
128,616
97,785
97,593
97,778
97,469
97,765
128,484
97,738
97,204
116,311
97,733
97,726
128,327
128,729
128,345
97,258
97,730
128,707
97,631
15,768
15,500
15,644
15,791
97,110
97,681
128,166
97,764
128,424
95,757
97,413
15,647
97,784
97,472
128,763
128,776
15,572
15,66
97,53
14,117
97,645
128,70
15,247
15,346
15,181
15,24
97,291
15,421
15,160
