2,1206
8,1208
8,1210
8,1064
8,1219
2,1236
8,703
9,1232
8,1207
7,1157
5,1199
2,1082
7,1112
8,1212
7,1095
6,889
9,1144
5,1227
7,876
7,1118
9,1005
7,954
7,1089
8,1042
8,561
9,1087
9,591
7,1223
3,1139
7,928
2,1222
2,908
7,784
5,1077
7,891
7,1056
7,912
2,1228
7,1215
7,655
3,946
7,970
7,996
7,532
7,581
2,485
9,722
1,751
6,829
7,1192
9,1194
7,514
7,831
7,1197
7,633
7,967
8,500
7,1030
6,952
1,386
7,1221
6,880
7,1032
7,1166
7,1001
7,697
5,1133
6,659
7,993
8,1163
7,1196
8,1053
7,520
7,978
7,1204
7,1147
3,798
7,981
8,1101
6,850
7,1060
6,1153
6,1079
7,1195
7,1022
7,1010
6,1205
7,1116
7,636
1,701
7,1052
7,927
7,602
7,522
7,1094
2,853
7,351
7,745
7,811
6,1067
6,583
7,772
7,1086
7,863
7,716
3,564
3,385
7,816
7,725
7,580
7,1231
7,1176
3,882
8,411
7,660
5,920
7,913
6,374
3,288
9,631
7,683
9,393
6,518
7,621
7,400
7,577
7,1046
7,667
7,1114
7,554
7,456
8,723
6,720
6,953
3,959
6,1122
7,937
7,1058
7,543
7,982
7,578
3,791
7,511
8,1049
5,740
6,1098
3,692
5,727
7,593
8,427
7,415
7,493
8,430
3,1115
5,841
7,1031
7,919
3,861
6,1217
1,1224
7,1161
1,773
7,823
7,565
7,626
5,1120
7,991
7,979
7,1076
7,1182
7,526
7,1008
7,894
7,830
7,969
7,947
7,999
7,1105
7,704
7,512
7,428
6,612
7,486
7,744
7,1132
7,466
7,842
7,980
7,1063
7,817
6,1029
7,775
7,568
7,681
7,730
4,781
7,851
7,1068
7,762
7,608
13,729
7,690
7,1141
7,944
5,767
7,611
6,930
7,1016
7,549
7,1121
7,609
7,790
7,865
7,825
7,1143
7,1047
7,845
7,984
7,1119
7,888
7,590
7,843
7,708
7,641
7,685
2,574
7,1211
7,1225
7,642
7,1198
7,1202
7,1226
8,698
7,972
5,1051
7,1156
5,1184
7,837
6,684
7,1177
7,713
7,1229
7,1164
5,1126
7,801
7,924
7,917
7,1216
7,1235
7,1218
7,1158
7,872
7,1209
7,1185
7,1136
7,916
7,1017
7,1234
7,1138
8,1036
7,1104
7,1220
5,709
7,1175
7,800
7,1088
7,921
6,584
5,465
7,1146
5,1169
7,918
7,962
7,1142
7,788
7,1055
7,1129
7,765
7,1128
7,802
6,629
7,777
6,1075
7,1018
7,669
7,896
7,824
7,938
7,529
7,388
7,792
7,854
7,535
8,1069
6,878
7,1180
7,810
7,1170
7,1171
7,285
7,915
7,1151
7,1092
7,652
5,1154
7,1168
7,334
7,1173
1,645
7,412
7,657
7,846
7,503
3,995
7,318
7,866
7,1109
7,983
1,910
7,1125
7,809
7,1145
7,625
7,505
6,732
7,1004
7,771
7,968
7,1024
7,855
7,956
7,743
7,1083
7,1045
7,1131
7,640
6,933
7,524
7,1165
7,1000
7,760
7,1174
7,617
7,1187
3,955
7,884
7,904
7,1048
7,752
7,844
7,536
7,632
7,1044
7,1200
6,587
7,1034
7,828
5,1123
2,717
7,813
7,869
7,974
7,1003
7,840
7,1090
7,1135
7,1084
7,769
1,1040
8,964
7,502
7,1021
7,1106
7,754
7,1006
11,1113
3,966
7,832
7,594
7,682
7,691
7,618
7,1137
7,1189
7,1002
7,712
7,1213
7,793
7,961
7,895
7,1230
7,1214
7,677
7,348
7,1178
7,936
6,934
7,932
7,1188
7,395
7,734
5,1152
7,1111
7,997
5,1043
7,758
1,906
7,676
7,903
7,646
7,1148
7,925
7,668
7,1071
7,949
7,1140
7,540
7,875
7,322
6,735
7,747
7,544
7,390
9,1097
7,1183
7,569
7,941
7,702
12,893
7,582
2,647
7,1059
7,1134
7,768
7,960
7,858
7,929
5,990
7,672
7,1130
7,1020
7,864
7,551
7,282
7,601
7,886
7,513
7,449
7,1110
7,623
7,988
7,779
7,736
6,572
7,1124
7,320
7,586
7,275
7,384
7,812
7,592
6,635
7,380
7,1167
7,1062
7,746
7,883
3,1033
6,506
7,958
7,852
7,976
7,494
7,562
7,497
7,898
7,527
7,870
11,731
7,530
6,787
7,987
8,794
7,897
7,573
7,1093
7,733
7,689
7,403
7,501
6,822
7,1054
7,902
7,821
7,627
7,662
7,780
7,671
7,710
7,445
7,839
7,539
7,566
7,1023
7,948
7,1149
7,877
7,686
7,890
7,867
7,911
7,885
7,776
7,973
6,1014
7,1091
7,1072
7,567
7,1028
7,1027
7,1080
7,498
1,695
7,600
7,940
7,488
7,496
7,558
7,556
7,408
7,432
7,439
7,437
7,674
7,795
7,1057
7,1150
7,579
7,576
7,738
7,441
7,422
7,198
7,93
7,95
7,286
7,489
7,257
7,157
7,236
7,311
7,477
7,806
7,696
7,610
7,994
6,724
7,458
7,860
7,596
7,1099
7,785
7,820
7,1009
7,504
7,1107
7,835
7,826
7,805
7,679
7,656
7,763
7,541
7,721
7,1061
7,418
7,650
7,753
7,649
7,766
7,874
7,750
7,922
7,957
7,783
7,926
7,807
7,1085
7,899
7,847
7,943
7,1100
7,986
7,670
7,764
7,654
7,510
7,665
7,818
7,387
7,862
7,588
7,658
7,827
7,310
7,375
7,680
7,394
7,223
7,1038
7,571
7,705
7,473
7,247
7,749
7,620
7,129
7,86
7,232
7,280
7,315
7,484
7,675
7,538
7,545
7,459
7,302
7,172
7,255
6,343
7,434
7,333
7,1015
7,585
7,971
7,546
7,859
7,624
7,507
7,266
7,209
7,349
1,219
7,517
7,443
7,435
7,292
7,104
7,354
7,552
1,542
7,164
7,214
7,188
7,151
7,297
7,347
7,737
7,550
7,416
7,848
7,360
1,371
7,598
7,352
6,267
7,338
7,128
7,433
7,487
7,834
7,296
7,871
7,977
7,799
7,856
7,1041
7,1073
7,475
7,139
7,833
7,401
7,1070
7,350
7,604
7,321
10,471
7,85
7,98
7,312
7,189
7,234
7,242
7,560
7,190
7,367
7,357
7,225
13,206
7,238
7,328
7,180
7,341
7,589
7,362
7,303
7,379
7,460
7,84
7,246
10,261
7,326
7,786
7,638
7,1103
7,256
7,942
6,814
7,399
7,548
7,218
7,173
7,193
7,141
7,143
7,279
7,277
7,78
7,63
7,313
7,363
7,105
7,472
7,220
7,688
7,605
7,323
7,421
7,1162
7,442
7,905
7,426
7,91
7,797
7,452
7,366
7,340
7,892
7,719
7,327
7,1190
7,998
7,228
7,224
7,210
7,254
7,339
7,474
7,715
7,270
7,121
7,213
7,186
7,289
7,202
7,290
7,252
7,378
7,112
7,308
7,156
7,273
7,836
2,1096
7,204
7,230
7,265
7,65
7,881
7,229
7,448
7,163
7,222
7,97
7,171
7,89
7,755
7,69
6,335
7,88
7,678
7,287
7,241
7,179
7,127
7,140
7,276
7,212
7,203
7,492
7,200
7,476
7,92
7,353
7,547
7,165
7,262
7,317
7,570
7,192
7,184
7,531
7,615
7,653
3,346
7,796
7,329
7,324
7,849
7,240
7,300
7,248
7,417
7,306
7,344
7,634
7,185
7,616
7,307
7,707
7,178
7,301
7,628
7,243
7,939
7,907
7,450
7,409
7,414
7,272
7,161
7,446
7,482
7,1159
7,706
7,253
7,264
7,490
7,951
7,603
7,423
7,398
7,413
7,1127
7,613
7,365
11,444
7,463
7,170
7,259
7,274
7,137
7,94
7,174
7,169
7,71
7,64
7,258
7,516
7,382
7,183
7,208
13,480
7,108
7,138
7,838
7,368
7,700
6,176
7,103
7,249
7,109
7,250
7,117
7,742
7,931
7,131
7,373
7,110
7,130
7,56
7,211
7,99
7,464
7,694
7,757
7,1155
7,1026
7,756
7,1025
7,622
7,1035
7,714
7,639
7,356
7,759
7,316
7,396
6,607
7,1181
7,739
7,559
7,533
7,1108
7,508
7,521
7,644
7,761
7,1065
7,619
7,331
7,661
3,606
7,168
7,455
7,614
7,741
7,555
7,406
7,782
7,525
7,519
7,726
7,963
13,231
7,693
7,673
7,804
7,1037
7,914
7,453
7,534
7,381
7,563
7,391
7,372
7,770
7,597
7,803
7,887
7,965
7,748
7,945
7,553
7,336
7,425
7,778
7,528
7,819
7,537
7,1201
7,1012
7,1013
7,950
7,451
7,599
7,278
7,495
7,637
7,728
7,361
7,467
7,901
7,330
7,197
7,975
7,1039
7,1203
7,461
7,868
7,1233
7,342
7,293
7,575
3,1019
7,291
7,181
7,195
7,111
7,216
7,251
6,648
7,436
7,457
7,364
7,470
7,392
7,808
7,478
7,900
7,389
7,1007
7,1172
7,1193
7,36
7,66
7,13
7,74
7,37
7,124
10,35
7,58
7,22
7,177
7,75
7,30
7,45
7,39
7,43
7,53
7,115
7,664
7,125
7,199
7,40
7,73
7,15
7,989
7,61
7,23
7,33
7,383
7,299
7,19
7,20
7,28
7,10
7,50
7,42
7,52
7,55
7,102
7,404
7,284
7,447
7,126
7,215
7,76
7,245
3,175
7,440
7,595
7,410
7,509
7,217
7,44
7,149
7,1066
7,304
7,499
7,332
7,298
7,194
7,227
7,419
7,1186
7,1078
7,167
7,54
7,152
7,187
7,221
7,81
6,1081
7,233
7,114
7,260
7,57
7,483
7,150
7,294
7,370
7,24
7,132
7,3
7,144
7,5
7,7
7,1237
7,9
7,4
7,70
7,2
7,79
7,153
7,14
7,72
7,25
7,8
7,21
7,26
11,51
7,17
7,1238
7,47
7,27
7,424
7,120
7,122
7,134
7,789
7,909
7,397
7,182
7,481
7,630
5,454
7,100
7,101
7,283
7,133
7,207
7,59
7,239
7,268
7,159
7,281
7,62
7,337
7,49
7,718
7,83
7,118
7,191
7,16
7,491
7,146
7,87
7,469
7,123
7,82
7,515
7,80
7,557
7,68
7,295
7,1191
7,879
7,666
7,325
7,992
7,420
7,462
7,1074
7,355
7,136
7,358
7,269
7,67
5,271
7,1117
7,1160
7,438
7,244
7,11
7,18
7,235
7,155
7,237
7,305
7,402
7,116
7,148
7,263
7,34
7,145
7,166
7,205
10,405
7,41
7,985
7,107
7,154
7,923
7,314
7,345
7,113
7,158
7,815
7,142
6,77
7,468
7,377
7,135
7,119
7,29
7,106
7,147
7,1050
7,196
7,1102
7,857
7,479
7,376
7,1179
7,1011
7,687
7,711
7,429
7,699
7,935
7,201
7,873
7,319
7,60
7,162
7,651
7,90
7,369
7,663
7,309
7,643
7,523
7,160
7,48
7,407
7,774
7,226
7,38
7,6
7,359
7,431
7,12
7,32
7,1
7,46
8,31
9,96
