13,1288
10,1285
10,1229
12,1254
4,1294
12,1290
10,1302
12,1153
10,1242
10,1262
10,1292
10,1102
10,282
10,1185
13,1240
13,998
10,1197
10,1238
13,1300
13,1168
10,1174
10,1187
10,1303
13,1299
10,1210
10,1272
12,1280
4,645
10,1247
4,1271
10,1054
10,1037
10,238
10,613
13,670
13,1156
10,823
10,1189
12,1255
10,757
10,1276
12,1230
13,1307
4,1172
10,946
10,621
10,434
4,913
13,1219
10,685
4,860
10,1209
10,365
10,682
10,1148
10,956
13,1281
13,995
4,509
4,1109
10,636
10,1047
10,540
10,563
10,958
10,438
12,1184
13,405
13,651
10,1231
10,825
13,1139
10,528
10,1146
10,1186
10,1118
13,1092
10,845
10,925
4,1235
10,1130
12,1308
12,1261
10,1068
4,1074
10,700
10,1016
10,619
10,1266
13,921
10,982
12,1232
4,399
10,1076
10,417
4,1282
8,1151
4,1226
10,1287
10,853
13,1142
12,1049
13,379
13,288
11,1056
10,859
4,826
13,794
10,809
10,1190
10,1245
10,915
4,1160
10,1183
13,1202
10,666
12,591
12,1066
10,1220
4,353
13,467
13,616
4,635
10,862
4,833
13,800
10,485
10,1297
13,1257
10,1286
8,1234
4,1104
12,1162
4,1128
12,1216
4,691
4,751
13,448
10,964
10,708
4,866
4,1127
10,1144
6,1256
4,492
4,950
10,1199
10,1289
4,1295
4,1233
10,1277
4,1030
4,469
10,916
4,1205
4,941
4,1243
10,1225
4,345
10,1133
4,999
10,1081
10,1175
10,1293
4,1129
4,626
12,428
10,1201
4,1196
4,1070
4,1181
4,1284
12,1112
4,1131
10,502
10,1006
2,721
4,1000
10,1071
4,819
4,716
4,1055
10,962
12,1249
4,1052
10,1171
4,817
4,1214
10,1163
4,1032
4,326
1,1244
4,1122
4,799
10,523
4,877
4,697
10,1221
10,991
4,840
10,1173
10,1008
1,987
4,850
10,609
4,1278
4,1304
4,1157
13,949
4,801
4,1027
4,1119
4,1192
1,1105
4,1134
9,954
10,740
4,1028
13,977
4,679
4,899
4,208
4,297
10,906
4,805
4,765
4,934
4,1298
4,1296
10,1283
4,1301
4,1218
4,1228
4,544
4,161
4,1269
4,404
4,1018
10,886
12,611
4,443
4,959
4,1085
4,253
4,667
4,473
4,450
10,695
4,402
6,287
3,378
4,994
4,856
4,764
4,1087
4,1200
10,974
4,1147
4,930
4,631
4,1136
4,503
4,989
1,1023
4,815
4,1079
4,565
4,696
4,1152
13,975
4,1115
13,615
4,213
4,923
4,1050
4,395
4,1126
4,846
4,649
4,795
4,888
4,488
4,658
1,955
4,1239
4,1159
4,430
4,790
4,785
4,908
4,1241
4,383
4,1179
13,1188
4,1265
4,1258
4,984
4,1259
10,966
4,1203
4,706
10,1215
4,358
4,420
4,269
4,1043
4,919
4,1260
4,842
4,1044
4,654
1,407
4,1161
4,1072
4,331
4,185
4,477
4,394
10,910
4,603
10,396
4,624
4,577
4,735
4,699
4,980
4,914
4,607
4,971
4,324
4,836
4,944
4,802
4,755
4,928
4,715
10,1264
4,907
4,876
4,376
4,347
4,789
4,644
4,262
4,855
4,1154
4,705
4,1208
4,496
10,804
4,546
4,837
4,472
4,986
4,922
4,191
4,527
4,869
4,1073
4,236
4,254
4,759
4,973
4,320
4,357
4,549
4,798
4,863
4,676
4,532
4,316
4,444
4,895
10,838
5,688
4,243
2,662
4,366
4,988
4,215
4,1213
4,196
4,743
4,811
4,929
4,1123
4,1251
4,1270
4,604
4,981
4,722
4,963
4,1064
4,589
4,612
4,260
4,879
4,766
4,709
4,848
4,871
4,359
10,704
4,1167
4,1275
4,285
4,873
4,717
4,841
4,887
4,844
4,750
4,573
4,1077
4,538
4,812
4,931
4,594
4,1042
4,961
4,1057
4,336
4,632
4,249
4,574
4,1108
4,672
4,690
4,281
4,517
4,1021
4,1113
4,1191
4,1031
4,227
4,657
4,470
4,880
4,550
4,1083
4,1060
4,1194
4,1029
4,481
4,633
4,306
4,322
4,211
4,200
4,233
4,997
4,720
4,882
4,872
4,454
4,1124
13,663
4,1125
4,386
4,1279
4,978
4,1088
4,1141
4,453
4,1069
4,1250
4,380
4,1114
4,990
4,421
4,835
4,414
4,768
4,425
4,1246
4,1204
4,828
4,427
4,409
4,293
4,1001
4,460
4,356
4,1022
4,1003
10,993
13,1039
4,489
4,1010
4,520
4,796
4,329
10,1035
4,936
4,1099
4,767
4,983
4,318
4,729
4,397
4,752
4,687
4,1166
4,596
4,665
4,1121
4,1143
4,1075
4,1004
4,948
4,511
4,683
4,255
4,436
4,373
4,889
4,1135
4,480
4,821
4,622
13,728
4,416
4,967
4,1007
4,553
4,385
4,985
4,992
4,661
4,308
4,924
4,1116
4,797
4,733
4,564
4,774
4,1101
4,1176
4,419
4,222
4,300
4,363
4,898
4,338
4,829
4,507
4,1094
10,1137
4,933
4,599
10,937
4,656
4,461
4,225
4,491
4,277
4,1082
4,1045
4,874
4,1117
4,839
4,583
4,598
4,263
4,458
4,452
4,852
4,832
7,465
4,1053
4,957
4,1089
4,1149
4,335
4,951
10,769
4,431
4,814
10,782
4,349
4,433
4,628
4,266
10,398
4,142
4,157
4,680
4,593
4,432
4,555
4,343
4,578
4,568
4,515
4,572
4,466
4,439
4,793
4,206
4,543
4,271
4,435
4,370
4,242
4,235
4,352
4,602
4,518
4,557
4,146
4,938
4,451
4,884
10,508
4,495
4,777
4,423
4,671
4,120
4,145
4,762
4,745
4,711
4,702
4,810
4,1120
4,1046
4,1274
10,585
6,442
4,625
4,710
4,181
4,367
4,1180
4,787
4,1267
4,707
4,426
4,854
4,1019
4,415
4,581
4,535
4,344
4,1236
4,446
4,664
4,668
7,960
4,818
4,311
4,784
4,1038
4,1017
4,917
4,1111
4,1103
4,1252
4,552
4,542
4,1065
4,834
4,1150
4,1106
4,736
4,1014
4,703
4,808
4,422
4,355
4,806
4,424
4,1158
4,1237
4,516
4,279
4,510
4,659
4,410
4,412
4,501
4,223
4,372
4,524
4,459
4,342
4,730
4,878
4,497
4,827
4,1012
4,561
4,1227
4,234
4,533
4,483
4,783
4,776
4,1090
4,1178
4,775
4,259
4,870
4,830
4,570
4,713
4,327
4,1061
4,996
4,1140
4,885
4,881
4,362
4,559
4,674
4,820
4,911
4,935
4,901
4,1212
4,970
4,280
10,1051
4,525
4,1211
4,1005
4,296
4,354
4,478
4,246
4,900
4,113
4,560
4,303
4,732
4,307
4,231
4,455
4,731
4,861
13,726
4,1020
4,788
4,1198
4,298
4,779
4,610
4,953
4,851
4,1011
4,479
4,1132
4,725
4,675
10,447
4,741
4,896
4,1086
4,150
4,237
4,401
4,531
4,512
4,694
4,268
4,361
4,244
4,494
4,382
4,325
4,608
4,1033
4,539
4,332
4,758
4,292
4,218
4,229
4,152
4,718
4,575
4,723
4,673
4,772
4,341
4,681
4,927
4,778
4,754
4,1067
4,1138
4,1059
4,647
4,413
4,567
4,232
4,822
4,920
4,791
4,1080
4,351
4,639
4,744
4,623
4,945
4,640
4,1025
4,875
4,334
4,617
4,348
4,712
4,317
4,556
4,1096
4,1110
4,1155
4,698
4,943
4,952
4,1002
4,387
4,883
4,1036
4,865
4,734
4,1164
4,748
4,1058
4,212
4,660
4,1224
4,475
4,456
4,346
4,701
4,780
4,390
4,267
4,595
4,505
4,641
4,605
4,600
4,597
4,286
4,646
4,500
4,620
4,965
4,193
4,289
4,388
4,562
4,643
4,807
4,771
4,739
4,669
4,763
4,571
4,693
10,918
4,530
4,304
4,381
4,498
4,278
4,137
4,868
4,727
4,677
4,369
4,590
4,947
4,197
4,159
4,642
4,537
4,847
4,686
4,894
4,592
4,714
4,513
4,514
4,295
4,174
6,1024
4,1026
4,968
4,719
4,283
4,265
4,339
4,761
4,309
4,749
4,738
4,153
4,411
12,313
4,892
4,566
4,134
4,781
4,301
4,258
4,226
4,241
4,652
4,857
4,123
4,1009
4,178
4,59
4,476
4,1040
4,391
4,93
4,190
4,330
4,1177
4,891
4,471
4,172
4,1182
4,792
4,221
4,692
4,1195
4,1034
4,291
4,770
4,678
4,1098
4,773
13,1015
4,909
4,554
10,547
4,1100
4,449
4,932
4,586
4,526
4,482
4,429
4,1165
4,207
4,315
4,418
4,979
4,580
4,558
4,653
4,905
4,601
4,490
4,210
4,545
4,276
4,1091
4,393
4,171
4,831
4,522
4,333
4,816
4,893
8,541
4,389
4,618
4,536
6,684
4,824
4,484
4,637
4,867
4,519
4,323
4,360
4,474
4,1248
4,228
4,310
4,182
4,529
4,849
4,813
4,588
4,926
4,499
4,305
4,843
4,1169
4,441
4,368
4,194
4,655
4,437
4,1084
4,290
4,753
4,340
4,912
4,141
4,256
4,1253
4,1305
4,1291
12,1306
4,274
4,400
4,204
4,273
4,468
4,638
4,445
4,904
4,786
4,384
4,803
4,314
4,689
4,737
4,760
4,408
4,364
4,534
4,187
4,902
4,747
4,1041
4,587
4,275
4,1063
4,634
4,746
4,464
4,1273
4,440
4,247
4,462
4,406
4,582
9,169
4,858
4,1097
4,245
4,1268
4,1223
4,1062
4,252
4,220
4,132
4,940
4,149
4,463
4,969
4,506
4,1217
4,261
4,96
4,156
4,328
4,155
4,60
4,30
4,5
4,51
4,80
4,180
4,98
4,166
4,44
4,28
4,85
4,48
4,392
4,170
4,136
4,606
4,1312
4,1309
4,1310
4,1316
4,1314
4,1315
4,1313
4,1319
13,1318
4,125
10,504
4,371
4,648
4,627
4,165
4,897
4,107
4,188
4,1078
4,375
4,264
4,284
10,214
4,1193
4,1206
4,1263
4,312
4,192
4,203
4,177
4,377
4,251
4,976
4,630
4,144
4,250
4,890
4,650
4,569
4,199
4,202
4,201
4,164
4,50
4,205
4,95
4,576
4,579
4,1207
4,124
4,614
4,175
4,139
4,374
4,52
4,23
4,13
4,65
4,756
4,61
10,84
4,109
4,162
4,54
4,14
4,7
4,1325
4,25
4,47
4,76
4,34
4,319
4,1170
4,186
4,128
4,148
4,493
4,112
4,32
4,403
4,195
4,33
4,127
4,1330
4,22
10,45
4,1321
4,3
4,29
4,119
4,176
4,299
4,147
4,63
4,548
4,183
4,217
4,198
4,111
4,37
4,55
4,75
4,73
4,41
4,38
4,1335
4,1320
4,189
1,66
4,1329
4,86
4,143
4,2
4,12
4,26
4,163
4,79
4,91
4,106
4,31
4,18
1,62
10,40
4,230
4,78
4,151
4,64
4,89
4,74
4,629
4,584
4,1327
4,1328
4,100
4,116
4,53
4,140
12,71
4,158
4,1107
4,239
4,56
4,88
4,724
4,302
4,94
4,337
4,11
4,1334
4,1324
4,99
4,114
4,10
4,9
4,21
4,1331
4,70
4,154
4,110
4,87
4,17
4,224
4,168
4,486
4,321
4,551
4,1145
4,179
4,248
4,257
4,81
4,1095
4,160
4,864
4,350
4,130
4,46
4,942
1,131
4,97
4,972
4,1048
4,216
4,105
4,939
4,272
4,209
4,487
4,270
4,103
4,138
4,36
4,49
4,1311
4,69
4,57
4,101
4,219
4,77
4,72
4,121
4,35
4,122
4,19
4,457
4,294
4,24
4,115
4,104
4,126
4,68
4,742
4,129
4,20
4,15
4,1333
4,90
4,1323
4,58
4,1326
4,1336
4,1
4,1093
4,521
4,16
4,108
13,43
4,42
4,173
4,133
4,4
4,240
12,135
4,118
4,82
10,92
10,1332
12,1222
13,1013
10,39
10,67
13,6
10,27
10,1317
10,903
10,1322
10,102
12,8
13,117
10,167
10,83
13,184
