25,753
24,746
26,76
16,762
19,775
26,512
23,668
30,486
19,706
24,696
33,758
33,699
6,780
18,260
6,711
22,691
11,499
18,796
29,45
30,130
6,206
16,89
13,669
37,632
33,735
23,703
31,724
31,790
16,756
32,782
11,754
17,169
3,777
6,716
31,759
33,761
15,123
4,755
19,774
16,663
24,661
26,788
30,583
21,511
31,739
13,694
11,577
16,690
36,606
5,752
16,767
23,747
40,685
16,383
33,766
13,63
18,713
4,468
19,127
30,679
26,741
11,750
31,672
12,619
31,727
40,742
14,693
12,722
30,717
39,714
26,528
12,504
33,608
13,660
13,510
31,605
31,698
12,728
23,634
26,635
33,526
1,574
26,502
6,417
30,372
34,537
36,473
26,432
31,544
12,282
23,589
23,337
12,557
30,224
30,710
11,721
16,626
31,385
31,529
33,405
29,395
26,426
33,617
19,595
31,671
8,552
28,515
33,666
5,667
40,551
5,615
30,603
23,683
21,522
6,569
13,680
40,505
12,627
16,516
12,723
26,686
33,466
31,719
4,725
33,689
26,637
31,564
26,568
23,286
31,306
18,464
18,453
36,436
32,313
18,28
24,329
23,77
24,218
33,268
33,494
33,440
33,514
33,449
26,769
23,378
23,65
23,783
33,598
6,700
23,625
33,720
33,654
28,662
26,452
31,597
13,256
24,438
27,105
10,240
41,673
13,590
33,612
25,638
29,533
4,622
40,565
29,563
33,664
31,506
4,670
23,692
23,675
33,348
32,541
29,381
33,459
12,584
26,618
18,548
6,546
37,650
3,384
30,408
24,358
23,312
12,779
6,27
35,642
29,718
23,441
30,740
32,592
33,300
33,518
31,227
32,211
30,628
32,213
2,99
10,443
30,639
4,677
3,35
40,155
33,392
31,195
33,98
33,174
10,30
18,462
31,237
33,393
31,422
30,226
29,542
13,298
6,376
31,294
33,305
19,580
35,198
20,331
20,336
31,134
30,192
32,315
31,196
35,682
28,540
33,591
20,148
25,391
19,271
33,547
35,567
6,653
32,704
30,418
29,280
31,630
33,415
23,463
4,687
21,594
33,357
30,360
37,434
33,550
12,629
12,536
6,490
23,368
20,140
24,520
14,125
31,302
23,458
40,11
26,100
31,517
16,141
6,343
19,480
20,308
23,325
26,461
12,245
31,623
36,531
12,364
33,497
26,521
11,534
30,684
18,460
4,601
22,620
10,543
33,715
33,139
33,420
31,212
18,142
19,610
18,651
31,586
4,151
26,425
16,423
6,508
38,73
30,401
27,347
32,539
30,498
26,399
30,561
32,538
33,640
31,621
33,487
33,475
23,649
23,562
32,575
31,571
33,611
33,316
24,648
12,633
40,712
31,442
31,613
23,407
32,350
33,409
30,554
12,410
9,489
4,122
7,176
4,448
33,607
26,501
33,695
13,614
40,532
33,446
31,560
33,301
32,194
33,205
17,207
13,162
33,582
32,335
31,168
5,143
26,208
4,369
33,103
30,588
33,573
33,397
40,281
37,555
33,248
31,307
18,344
33,108
5,25
4,332
12,279
4,362
5,230
30,55
33,12
31,363
33,530
33,323
12,81
33,373
33,513
33,545
28,328
25,527
22,173
33,375
33,152
33,394
12,219
31,359
33,604
22,479
33,341
32,587
28,299
31,330
10,241
28,234
31,370
23,471
31,600
31,503
31,412
3,636
4,467
4,658
4,674
4,193
33,470
31,36
32,8
33,201
31,20
28,246
33,214
20,69
33,435
4,292
33,437
16,295
4,225
12,197
31,317
4,238
33,356
31,112
33,94
33,297
29,60
33,95
40,183
23,342
33,43
4,85
31,191
33,274
16,215
33,189
42,164
32,175
33,101
40,19
33,167
31,411
6,239
4,760
40,652
12,86
4,396
31,365
5,380
33,107
30,229
31,153
30,377
31,158
26,456
31,293
31,483
33,137
31,172
4,252
6,52
33,190
35,304
33,303
31,257
4,314
20,146
31,171
31,92
6,91
18,382
27,79
4,414
33,185
31,145
33,147
33,265
32,113
33,150
31,7
4,129
31,242
33,26
31,138
40,309
33,477
33,157
40,184
31,41
3,10
33,136
4,254
24,2
10,126
33,154
33,61
18,266
4,3
27,144
40,71
4,128
31,272
33,439
8,178
33,121
33,102
4,643
4,339
6,324
31,83
26,80
4,88
33,296
33,288
31,259
40,6
33,42
31,495
33,232
31,163
31,1
31,366
4,4
33,261
9,29
31,119
31,519
31,289
33,419
31,51
31,48
31,402
33,22
31,54
16,40
33,97
33,333
31,32
12,578
6,602
4,131
31,135
33,57
31,132
31,18
33,14
33,179
33,275
31,349
33,283
6,455
33,481
31,285
33,210
33,59
33,104
31,9
32,263
33,39
31,284
33,220
31,5
33,233
31,264
4,223
33,222
31,398
31,576
4,451
33,231
33,253
22,374
31,16
4,556
4,277
33,367
33,244
33,44
31,114
31,353
31,318
6,90
33,120
31,186
31,523
4,249
33,118
40,68
33,93
31,64
33,404
20,267
31,250
17,310
4,361
32,430
4,177
33,72
31,371
31,78
6,270
33,273
33,31
33,47
31,62
31,17
33,96
31,161
40,74
33,334
31,46
4,156
31,116
31,23
4,75
33,56
33,216
17,326
31,255
33,67
31,37
31,478
33,278
31,159
4,209
33,379
33,200
31,509
33,319
33,235
31,447
40,221
31,228
31,188
31,702
33,49
33,269
31,133
33,87
4,428
31,688
31,581
31,596
31,389
33,655
33,553
40,599
31,549
33,641
31,570
31,124
33,646
31,579
31,388
31,676
33,624
4,678
31,705
26,287
40,482
39,387
4,525
40,491
33,492
33,485
31,558
33,400
34,406
33,416
31,390
4,465
6,665
6,450
33,165
6,322
31,496
31,320
31,170
31,354
31,352
4,431
31,58
31,243
31,340
31,559
31,444
31,609
31,457
31,403
33,507
31,276
4,476
31,38
4,202
31,351
31,355
40,433
33,111
31,109
33,338
31,50
31,182
33,203
4,33
31,386
31,474
31,795
31,701
31,781
31,262
33,792
31,794
6,793
31,770
31,290
31,115
6,524
35,34
31,13
33,21
4,15
31,708
40,797
6,737
6,736
31,180
31,786
33,773
31,745
31,771
33,734
31,709
31,731
31,772
31,251
31,743
31,236
31,748
31,749
31,798
31,787
40,445
31,187
31,217
40,732
40,493
6,566
6,657
40,656
6,454
31,427
6,585
6,535
40,659
31,697
31,149
31,84
31,789
6,321
7,744
6,488
31,106
31,199
6,82
6,751
31,429
40,616
31,785
31,593
31,778
31,469
31,765
40,484
31,738
31,204
34,311
31,733
31,726
40,327
40,729
40,345
31,258
31,730
40,707
31,631
6,768
6,500
6,644
6,791
31,110
31,681
40,166
31,764
40,424
31,757
31,413
6,647
31,784
31,472
40,763
40,776
6,572
6,66
31,53
6,117
31,645
40,70
6,247
6,346
6,181
6,24
31,291
6,421
6,160
