31,753
30,746
33,76
19,762
23,775
32,512
27,668
38,486
23,706
30,696
41,758
41,699
6,780
22,260
6,711
26,691
12,499
22,796
36,45
38,130
6,206
19,89
16,669
47,632
41,735
27,703
39,724
39,790
19,756
40,782
12,754
20,169
3,777
6,716
39,759
42,761
18,123
4,755
23,774
19,663
30,661
32,788
37,583
25,511
39,739
16,694
12,577
19,690
45,606
5,752
19,767
29,747
50,685
19,383
41,766
15,63
22,713
4,468
23,127
37,679
33,741
12,750
39,672
14,619
39,727
50,742
17,693
14,722
38,717
49,714
33,528
13,504
41,608
16,660
16,510
39,605
39,698
13,728
29,634
32,635
41,526
1,574
32,502
6,417
37,372
43,537
45,473
32,432
39,544
14,282
29,589
29,337
14,557
37,224
37,710
12,721
19,626
39,385
39,529
41,405
36,395
33,426
41,617
23,595
39,671
8,552
35,515
41,666
5,667
50,551
5,615
37,603
27,683
25,522
6,569
16,680
50,505
14,627
19,516
14,723
33,686
41,466
39,719
4,725
41,689
33,637
39,564
33,568
27,286
39,306
22,464
22,453
45,436
40,313
22,28
30,329
29,77
30,218
41,268
41,494
41,440
41,514
41,449
33,769
28,378
29,65
28,783
41,598
6,700
27,625
41,720
41,654
35,662
33,452
39,597
16,256
30,438
34,105
11,240
51,673
16,590
41,612
31,638
36,533
4,622
50,565
36,563
41,664
39,506
4,670
29,692
29,675
41,348
40,541
36,381
41,459
13,584
33,618
22,548
6,546
46,650
3,384
37,408
30,358
28,312
14,779
6,27
44,642
36,718
29,441
37,740
40,592
42,300
41,518
39,227
40,211
38,628
40,213
2,99
11,443
38,639
4,677
3,35
50,155
41,392
39,195
41,98
41,174
11,30
21,462
39,237
41,393
39,422
38,226
36,542
15,298
6,376
39,294
41,305
23,580
44,198
24,331
24,336
39,134
38,192
40,315
39,196
44,682
35,540
41,591
24,148
31,391
23,271
42,547
44,567
6,653
40,704
37,418
36,280
39,630
42,415
27,463
4,687
25,594
41,357
38,360
46,434
41,550
14,629
13,536
6,490
29,368
24,140
30,520
17,125
39,302
29,458
50,11
32,100
39,517
19,141
6,343
23,480
24,308
27,325
33,461
13,245
39,623
45,531
13,364
41,497
33,521
12,534
37,684
22,460
4,601
26,620
11,543
41,715
41,139
41,420
39,212
21,142
23,610
21,651
39,586
4,151
32,425
19,423
6,508
48,73
38,401
34,347
40,539
38,498
32,399
37,561
40,538
42,640
39,621
41,487
41,475
29,649
29,562
40,575
39,571
41,611
41,316
30,648
13,633
50,712
39,442
39,613
29,407
40,350
41,409
38,554
14,410
10,489
4,122
7,176
4,448
41,607
32,501
41,695
15,614
50,532
41,446
39,560
42,301
40,194
41,205
20,207
16,162
41,582
40,335
39,168
5,143
32,208
4,369
42,103
37,588
41,573
41,397
50,281
46,555
41,248
39,307
21,344
41,108
5,25
4,332
14,279
4,362
5,230
37,55
41,12
39,363
41,530
41,323
13,81
41,373
41,513
41,545
35,328
31,527
26,173
41,375
41,152
42,394
13,219
39,359
41,604
26,479
41,341
40,587
35,299
39,330
11,241
35,234
39,370
29,471
39,600
39,503
39,412
3,636
4,467
4,658
4,674
4,193
41,470
39,36
40,8
41,201
39,20
35,246
41,214
24,69
41,435
4,292
41,437
19,295
4,225
13,197
39,317
4,238
41,356
39,112
41,94
41,297
36,60
42,95
50,183
28,342
41,43
4,85
39,191
41,274
19,215
41,189
52,164
40,175
41,101
50,19
41,167
39,411
6,239
4,760
50,652
13,86
4,396
39,365
5,380
41,107
38,229
39,153
38,377
39,158
33,456
39,293
39,483
41,137
39,172
4,252
6,52
41,190
44,304
41,303
39,257
4,314
24,146
39,171
39,92
6,91
21,382
34,79
4,414
41,185
39,145
41,147
41,265
40,113
41,150
39,7
4,129
39,242
42,26
39,138
50,309
42,477
42,157
50,184
39,41
3,10
41,136
4,254
30,2
11,126
41,154
41,61
21,266
4,3
34,144
50,71
4,128
39,272
41,439
9,178
41,121
41,102
4,643
4,339
6,324
39,83
32,80
4,88
41,296
41,288
39,259
50,6
41,42
39,495
42,232
39,163
39,1
39,366
4,4
41,261
10,29
39,119
39,519
39,289
41,419
39,51
39,48
39,402
41,22
39,54
19,40
41,97
41,333
39,32
14,578
6,602
4,131
39,135
41,57
39,132
39,18
41,14
41,179
41,275
39,349
41,283
6,455
41,481
39,285
41,210
41,59
41,104
39,9
40,263
41,39
39,284
41,220
39,5
41,233
39,264
4,223
41,222
39,398
39,576
4,451
41,231
41,253
26,374
39,16
4,556
4,277
41,367
41,244
41,44
39,114
39,353
39,318
6,90
41,120
39,186
39,523
4,249
41,118
50,68
41,93
39,64
41,404
24,267
39,250
20,310
4,361
40,430
4,177
41,72
39,371
39,78
6,270
41,273
42,31
41,47
39,62
39,17
41,96
39,161
50,74
41,334
39,46
4,156
39,116
39,23
4,75
42,56
41,216
20,326
39,255
41,67
39,37
39,478
41,278
39,159
4,209
41,379
41,200
39,509
41,319
41,235
39,447
50,221
39,228
39,188
39,702
41,49
41,269
39,133
41,87
4,428
39,688
39,581
39,596
39,389
41,655
41,553
50,599
39,549
41,641
39,570
39,124
42,646
39,579
39,388
39,676
41,624
4,678
39,705
32,287
50,482
49,387
4,525
50,491
41,492
41,485
39,558
41,400
43,406
41,416
39,390
4,465
6,665
6,450
42,165
6,322
39,496
39,320
39,170
39,354
39,352
4,431
39,58
39,243
39,340
39,559
39,444
39,609
39,457
39,403
42,507
39,276
4,476
39,38
4,202
39,351
39,355
50,433
41,111
39,109
41,338
39,50
39,182
41,203
4,33
39,386
39,474
39,795
39,701
39,781
39,262
41,792
39,794
6,793
39,770
39,290
39,115
6,524
44,34
39,13
41,21
4,15
39,708
50,797
6,737
6,736
39,180
39,786
41,773
39,745
39,771
41,734
39,709
39,731
39,772
39,251
39,743
39,236
39,748
39,749
39,798
39,787
50,445
39,187
39,217
50,732
50,493
6,566
6,657
50,656
6,454
39,427
6,585
6,535
50,659
39,697
39,149
39,84
39,789
6,321
7,744
6,488
39,106
39,199
6,82
6,751
39,429
50,616
39,785
39,593
39,778
39,469
39,765
50,484
39,738
39,204
43,311
39,733
39,726
50,327
50,729
50,345
39,258
39,730
50,707
39,631
6,768
6,500
6,644
6,791
39,110
39,681
50,166
39,764
50,424
39,757
39,413
6,647
39,784
39,472
50,763
50,776
6,572
6,66
39,53
6,117
39,645
50,70
6,247
6,346
6,181
6,24
39,291
6,421
6,160
