2,1206
26,1208
26,1210
26,1064
26,1219
5,1236
26,703
27,1232
26,1207
20,1157
12,1199
2,1082
20,1112
25,1212
20,1095
13,889
27,1144
12,1227
20,876
20,1118
27,1005
20,954
20,1089
26,1042
25,561
27,1087
27,591
20,1223
7,1139
20,928
3,1222
2,908
20,784
11,1077
20,891
20,1056
20,912
5,1228
20,1215
20,655
8,946
20,970
20,996
18,532
20,581
2,485
27,722
1,751
13,829
20,1192
27,1194
20,514
20,831
17,1197
20,633
19,967
26,500
20,1030
14,952
1,386
20,1221
13,880
19,1032
19,1166
19,1001
20,697
12,1133
15,659
19,993
26,1163
19,1196
25,1053
20,520
20,978
20,1204
20,1147
8,798
19,981
26,1101
15,850
17,1060
15,1153
13,1079
19,1195
19,1022
19,1010
15,1205
19,1116
19,636
1,701
19,1052
19,927
19,602
19,522
19,1094
4,853
19,351
19,745
19,811
14,1067
14,583
20,772
19,1086
19,863
19,716
7,564
8,385
19,816
19,725
19,580
19,1231
19,1176
8,882
26,411
20,660
12,920
19,913
13,374
7,288
27,631
19,683
28,393
15,518
20,621
20,400
20,577
19,1046
19,667
19,1114
19,554
19,456
26,723
14,720
14,953
9,959
16,1122
19,937
19,1058
19,543
19,982
19,578
8,791
19,511
26,1049
11,740
15,1098
6,692
12,727
18,593
26,427
19,415
17,493
26,430
8,1115
12,841
19,1031
19,919
8,861
14,1217
1,1224
19,1161
1,773
19,823
19,565
19,626
11,1120
17,991
19,979
19,1076
19,1182
19,526
19,1008
19,894
19,830
20,969
19,947
20,999
19,1105
19,704
19,512
19,428
14,612
19,486
19,744
19,1132
19,466
17,842
19,980
19,1063
19,817
13,1029
19,775
19,568
18,681
19,730
10,781
19,851
19,1068
20,762
19,608
36,729
19,690
19,1141
19,944
11,767
19,611
14,930
19,1016
19,549
19,1121
19,609
19,790
19,865
19,825
20,1143
19,1047
18,845
19,984
19,1119
19,888
17,590
19,843
19,708
19,641
19,685
5,574
17,1211
19,1225
19,642
19,1198
19,1202
19,1226
26,698
19,972
12,1051
19,1156
12,1184
19,837
14,684
19,1177
19,713
19,1229
19,1164
12,1126
20,801
19,924
19,917
19,1216
19,1235
19,1218
19,1158
19,872
19,1209
19,1185
19,1136
19,916
19,1017
19,1234
19,1138
26,1036
19,1104
19,1220
12,709
19,1175
19,800
19,1088
19,921
14,584
12,465
19,1146
12,1169
19,918
19,962
19,1142
19,788
19,1055
19,1129
19,765
19,1128
19,802
14,629
19,777
14,1075
20,1018
19,669
19,896
19,824
19,938
19,529
19,388
19,792
19,854
19,535
26,1069
15,878
19,1180
19,810
18,1170
20,1171
19,285
19,915
19,1151
19,1092
18,652
12,1154
19,1168
19,334
19,1173
1,645
19,412
19,657
19,846
19,503
8,995
19,318
19,866
19,1109
19,983
1,910
19,1125
19,809
19,1145
19,625
19,505
15,732
19,1004
19,771
19,968
19,1024
19,855
19,956
18,743
19,1083
19,1045
19,1131
19,640
13,933
19,524
19,1165
19,1000
19,760
19,1174
19,617
19,1187
8,955
19,884
19,904
19,1048
19,752
19,844
19,536
19,632
19,1044
19,1200
16,587
19,1034
19,828
12,1123
5,717
19,813
19,869
19,974
19,1003
19,840
19,1090
19,1135
19,1084
19,769
1,1040
26,964
19,502
19,1021
19,1106
19,754
19,1006
34,1113
8,966
19,832
19,594
19,682
19,691
19,618
20,1137
19,1189
19,1002
19,712
19,1213
19,793
19,961
19,895
19,1230
19,1214
19,677
19,348
19,1178
19,936
14,934
19,932
19,1188
19,395
19,734
12,1152
19,1111
20,997
11,1043
19,758
1,906
19,676
19,903
23,646
19,1148
19,925
19,668
19,1071
19,949
19,1140
19,540
19,875
17,322
15,735
19,747
19,544
19,390
27,1097
19,1183
19,569
19,941
19,702
35,893
19,582
5,647
19,1059
19,1134
19,768
19,960
19,858
19,929
12,990
19,672
21,1130
19,1020
19,864
19,551
19,282
19,601
19,886
20,513
19,449
19,1110
19,623
19,988
19,779
19,736
14,572
19,1124
19,320
19,586
19,275
19,384
19,812
19,592
15,635
19,380
19,1167
19,1062
19,746
19,883
8,1033
15,506
19,958
19,852
19,976
19,494
19,562
19,497
19,898
19,527
19,870
33,731
19,530
14,787
19,987
26,794
19,897
19,573
19,1093
19,733
19,689
19,403
19,501
15,822
19,1054
19,902
19,821
19,627
19,662
19,780
19,671
18,710
19,445
19,839
19,539
19,566
19,1023
19,948
19,1149
19,877
19,686
18,890
19,867
19,911
19,885
19,776
19,973
15,1014
19,1091
19,1072
19,567
19,1028
19,1027
19,1080
19,498
1,695
19,600
19,940
19,488
19,496
19,558
19,556
19,408
19,432
19,439
19,437
19,674
19,795
19,1057
19,1150
19,579
19,576
19,738
19,441
19,422
19,198
19,93
19,95
19,286
19,489
19,257
19,157
19,236
19,311
19,477
19,806
19,696
19,610
19,994
15,724
19,458
19,860
19,596
19,1099
19,785
19,820
19,1009
19,504
19,1107
19,835
19,826
19,805
19,679
19,656
19,763
19,541
19,721
19,1061
19,418
19,650
19,753
19,649
19,766
19,874
19,750
19,922
19,957
19,783
19,926
19,807
19,1085
19,899
19,847
19,943
19,1100
19,986
19,670
22,764
19,654
19,510
19,665
19,818
19,387
19,862
19,588
19,658
19,827
19,310
19,375
19,680
19,394
19,223
19,1038
19,571
19,705
19,473
19,247
19,749
19,620
19,129
19,86
19,232
19,280
19,315
19,484
19,675
19,538
19,545
19,459
19,302
19,172
19,255
14,343
19,434
19,333
19,1015
19,585
19,971
19,546
19,859
19,624
19,507
19,266
19,209
19,349
1,219
19,517
19,443
19,435
19,292
19,104
19,354
19,552
1,542
19,164
19,214
19,188
19,151
19,297
19,347
19,737
19,550
19,416
19,848
19,360
1,371
20,598
19,352
15,267
19,338
19,128
19,433
19,487
19,834
19,296
19,871
19,977
19,799
19,856
19,1041
19,1073
19,475
19,139
19,833
19,401
19,1070
19,350
19,604
19,321
29,471
19,85
19,98
19,312
19,189
19,234
19,242
19,560
19,190
19,367
19,357
19,225
36,206
19,238
19,328
19,180
19,341
19,589
19,362
19,303
19,379
19,460
19,84
19,246
30,261
19,326
19,786
19,638
19,1103
19,256
19,942
13,814
19,399
19,548
19,218
19,173
19,193
19,141
19,143
19,279
19,277
19,78
19,63
19,313
19,363
19,105
19,472
19,220
19,688
19,605
19,323
19,421
19,1162
19,442
19,905
19,426
19,91
19,797
19,452
19,366
19,340
19,892
19,719
19,327
19,1190
19,998
19,228
19,224
19,210
19,254
19,339
19,474
19,715
19,270
19,121
19,213
19,186
19,289
19,202
19,290
19,252
19,378
19,112
19,308
19,156
19,273
19,836
5,1096
19,204
19,230
19,265
19,65
19,881
19,229
19,448
19,163
19,222
19,97
19,171
19,89
19,755
19,69
14,335
19,88
19,678
19,287
19,241
19,179
19,127
19,140
19,276
19,212
19,203
19,492
19,200
19,476
19,92
19,353
19,547
19,165
19,262
19,317
19,570
19,192
19,184
19,531
19,615
19,653
8,346
19,796
19,329
19,324
19,849
19,240
19,300
19,248
19,417
19,306
19,344
19,634
19,185
19,616
19,307
19,707
19,178
19,301
19,628
19,243
19,939
19,907
19,450
19,409
19,414
19,272
19,161
19,446
19,482
19,1159
19,706
19,253
19,264
19,490
19,951
19,603
19,423
19,398
19,413
19,1127
19,613
19,365
31,444
19,463
19,170
19,259
19,274
19,137
19,94
19,174
19,169
19,71
19,64
19,258
19,516
19,382
19,183
19,208
37,480
19,108
19,138
19,838
19,368
19,700
15,176
19,103
19,249
19,109
19,250
19,117
19,742
19,931
19,131
19,373
19,110
19,130
19,56
19,211
19,99
19,464
19,694
19,757
19,1155
19,1026
19,756
19,1025
19,622
19,1035
19,714
19,639
19,356
19,759
19,316
19,396
14,607
19,1181
19,739
19,559
19,533
19,1108
19,508
19,521
19,644
19,761
19,1065
19,619
19,331
19,661
8,606
19,168
19,455
19,614
19,741
19,555
19,406
19,782
19,525
19,519
19,726
19,963
36,231
19,693
19,673
19,804
19,1037
19,914
19,453
19,534
19,381
19,563
19,391
19,372
19,770
19,597
19,803
19,887
19,965
19,748
19,945
19,553
19,336
19,425
19,778
19,528
19,819
19,537
19,1201
19,1012
19,1013
19,950
19,451
19,599
19,278
19,495
19,637
19,728
19,361
19,467
19,901
19,330
19,197
19,975
19,1039
19,1203
19,461
19,868
19,1233
19,342
19,293
19,575
8,1019
19,291
19,181
19,195
20,111
19,216
19,251
15,648
19,436
19,457
19,364
19,470
19,392
19,808
19,478
19,900
19,389
19,1007
19,1172
19,1193
19,36
19,66
19,13
19,74
19,37
19,124
29,35
19,58
19,22
19,177
19,75
19,30
19,45
19,39
19,43
19,53
19,115
19,664
19,125
19,199
19,40
19,73
19,15
19,989
19,61
19,23
19,33
19,383
19,299
19,19
19,20
19,28
19,10
19,50
19,42
19,52
19,55
19,102
19,404
19,284
19,447
19,126
19,215
19,76
19,245
6,175
19,440
19,595
19,410
19,509
19,217
19,44
19,149
19,1066
19,304
19,499
19,332
19,298
19,194
19,227
19,419
18,1186
19,1078
19,167
19,54
19,152
19,187
19,221
19,81
15,1081
19,233
19,114
19,260
17,57
19,483
19,150
24,294
19,370
19,24
19,132
19,3
19,144
19,5
19,7
19,1237
19,9
19,4
19,70
19,2
19,79
19,153
19,14
19,72
19,25
19,8
19,21
19,26
32,51
19,17
19,1238
19,47
19,27
19,424
19,120
19,122
19,134
19,789
19,909
19,397
19,182
19,481
19,630
12,454
19,100
19,101
19,283
19,133
19,207
19,59
19,239
19,268
19,159
19,281
19,62
19,337
19,49
19,718
19,83
19,118
19,191
19,16
19,491
19,146
19,87
19,469
19,123
19,82
19,515
19,80
19,557
19,68
19,295
19,1191
19,879
19,666
19,325
19,992
19,420
19,462
19,1074
19,355
19,136
19,358
19,269
19,67
12,271
19,1117
19,1160
19,438
19,244
19,11
19,18
19,235
19,155
19,237
19,305
19,402
19,116
19,148
19,263
19,34
19,145
19,166
19,205
29,405
19,41
19,985
19,107
19,154
19,923
19,314
17,345
19,113
19,158
19,815
19,142
15,77
19,468
19,377
19,135
19,119
19,29
19,106
19,147
19,1050
19,196
19,1102
19,857
19,479
19,376
19,1179
19,1011
19,687
19,711
19,429
19,699
19,935
19,201
19,873
19,319
19,60
19,162
19,651
19,90
19,369
19,663
19,309
19,643
19,523
19,160
19,48
19,407
19,774
19,226
19,38
19,6
19,359
19,431
19,12
19,32
19,1
19,46
26,31
27,96
