5,135
3,167
1,130
2,219
2,278
6,276
5,223
8,192
4,162
3,325
8,201
8,287
7,343
5,265
4,299
2,319
2,235
2,382
3,341
2,141
2,123
2,182
2,381
2,304
2,395
5,418
2,378
3,448
2,222
2,298
2,349
5,449
8,396
4,87
6,406
7,76
8,455
2,405
2,364
2,397
2,311
5,458
2,463
5,473
8,467
5,13
5,36
2,215
8,153
2,344
8,432
6,438
2,371
6,322
2,279
4,216
8,194
5,307
5,294
8,121
8,208
2,470
6,421
4,474
4,54
8,6
5,52
5,303
2,138
5,224
8,380
8,433
5,63
4,110
8,331
7,379
5,315
4,35
8,353
2,246
5,321
8,360
5,317
5,392
5,146
8,372
7,269
2,180
8,460
5,387
2,206
5,189
2,273
4,383
5,231
5,357
8,242
4,476
5,258
4,237
8,184
8,106
8,103
5,115
4,114
8,156
5,295
5,89
8,462
6,339
8,61
2,176
8,79
8,97
8,197
2,165
2,318
4,227
5,290
4,270
6,388
2,301
7,400
8,284
4,232
5,267
8,347
2,257
5,183
7,332
2,209
2,255
2,291
5,217
7,327
5,384
5,158
6,456
5,239
5,316
7,359
5,305
2,8
5,342
5,60
6,401
8,336
5,323
5,187
5,233
5,252
5,157
7,101
5,124
5,296
8,171
8,72
8,49
2,179
8,127
5,109
7,57
2,113
5,37
8,166
8,147
7,86
8,45
5,111
5,82
8,186
8,102
2,33
5,168
5,71
8,51
4,320
5,66
8,75
6,172
5,408
7,12
8,454
8,361
5,466
8,338
8,414
2,160
6,459
2,354
2,461
7,434
5,11
6,425
4,377
5,398
8,435
2,285
2,328
5,90
7,196
5,281
5,253
4,211
5,203
6,272
5,329
6,247
8,429
5,345
5,245
4,236
5,370
5,373
7,148
6,261
8,251
4,250
7,404
4,170
5,243
7,326
7,140
6,205
2,260
2,221
8,126
5,154
5,155
4,14
6,293
8,375
8,202
4,42
7,297
5,367
8,175
5,362
8,145
2,210
4,150
6,151
5,200
4,161
5,83
6,96
5,207
5,213
4,137
5,214
5,330
8,104
5,108
5,59
8,313
2,85
8,47
8,95
5,136
5,228
5,68
5,44
2,300
4,366
7,363
5,457
8,465
2,444
6,346
8,259
4,283
5,144
6,142
4,174
5,314
7,193
4,149
7,164
6,262
5,356
5,185
4,81
5,92
8,107
5,229
4,129
7,70
2,84
2,352
8,77
8,99
4,351
5,306
6,58
8,139
8,248
5,119
7,152
7,238
5,181
8,374
5,254
6,302
7,134
8,310
5,169
6,451
4,427
2,73
5,67
7,26
2,46
5,178
5,391
6,266
8,440
6,424
8,422
7,348
8,416
6,7
7,478
8,32
4,280
7,1
5,376
8,275
5,439
5,389
5,446
6,407
8,472
2,218
2,204
2,241
8,264
4,274
8,105
8,100
2,177
7,282
8,125
7,368
7,442
5,34
5,369
8,420
5,355
7,244
2,98
5,234
5,249
6,337
8,324
4,308
5,402
6,212
2,292
8,413
6,65
8,56
5,195
5,230
7,9
2,415
5,94
5,394
4,15
4,277
5,286
7,118
6,120
5,436
5,417
5,64
5,78
8,74
7,220
6,426
6,477
7,271
7,410
6,365
8,334
2,335
3,412
6,288
8,112
5,132
2,464
5,256
6,431
1,358
4,173
7,268
7,131
7,447
5,468
2,199
8,289
8,471
4,445
2,163
5,430
7,27
7,21
5,80
8,423
3,93
2,191
2,50
2,69
4,240
8,122
4,39
5,159
4,5
7,31
2,40
4,23
6,263
5,4
2,225
5,411
8,312
4,469
5,190
2,399
5,333
2,437
2,62
7,128
6,198
8,390
5,25
4,30
2,24
7,17
5,55
5,143
1,450
4,385
1,419
5,41
2,20
5,428
2,133
7,117
7,226
2,453
5,91
1,53
2,43
8,48
7,22
8,18
5,88
7,116
8,16
6,38
8,188
8,309
7,403
2,29
5,340
8,350
7,441
2,393
2,3
6,452
2,443
5,19
7,28
6,386
3,2
6,409
4,475
5,10
