109,374
139,735
137,664
60,665
66,710
60,704
39,660
137,326
31,699
104,672
26,650
46,602
59,356
167,540
71,667
60,599
107,617
71,638
84,716
126,695
115,655
113,693
39,555
113,627
113,697
24,696
74,621
55,588
111,604
115,589
22,132
4,570
60,259
70,289
87,401
28,571
33,56
85,622
129,568
113,493
110,728
95,647
63,709
73,734
28,670
24,629
112,714
72,715
144,700
78,686
113,720
64,712
119,579
125,536
105,631
24,541
134,293
28,637
61,733
28,731
35,633
131,657
137,603
61,616
28,576
162,479
96,572
86,598
160,452
46,587
120,724
89,623
115,727
28,708
113,711
162,674
128,651
162,600
126,713
79,565
134,702
62,701
137,634
139,684
73,654
110,669
128,630
83,680
84,543
110,510
84,492
113,594
113,561
118,721
74,546
24,641
127,258
118,535
167,460
58,688
113,642
68,692
24,433
113,517
10,521
113,440
100,485
135,482
24,624
97,325
32,564
111,529
88,620
68,530
115,575
111,26
126,671
86,658
20,321
24,656
105,628
150,524
113,538
19,478
113,126
24,380
34,198
36,218
31,367
126,430
127,416
24,409
146,539
132,498
99,652
106,368
105,515
55,648
76,501
56,406
12,109
63,509
73,673
72,668
24,593
35,698
7,690
36,542
64,608
117,488
154,646
96,581
28,606
143,679
162,722
94,247
36,96
121,360
124,534
28,338
57,580
107,643
152,619
103,551
93,459
32,601
90,613
110,442
71,516
18,456
151,46
93,591
67,188
130,508
113,649
121,103
111,424
30,322
136,553
133,566
5,635
11,585
38,502
23,717
107,597
71,489
47,659
24,514
51,560
130,499
8,567
60,497
77,388
78,494
81,145
38,398
17,473
24,435
102,413
35,486
115,454
142,531
39,662
146,389
41,339
104,528
69,470
97,120
84,309
132,429
108,436
165,420
144,396
129,350
6,507
105,372
71,294
24,184
35,242
162,385
114,300
1,487
81,618
36,523
21,316
36,370
34,466
116,450
113,65
29,395
91,519
168,513
108,36
14,58
145,45
110,563
34,160
28,677
34,644
91,544
39,490
23,547
138,341
106,353
28,462
139,60
24,74
113,245
113,153
128,586
39,506
115,449
96,314
127,477
120,238
79,329
109,511
24,392
24,549
129,432
61,362
113,504
111,292
141,505
8,394
2,277
139,354
26,554
156,230
13,471
12,422
107,483
166,268
34,343
122,11
64,330
27,9
96,423
35,129
3,481
81,178
153,290
110,225
149,439
154,119
108,31
44,166
76,111
24,170
21,324
110,550
28,315
24,124
23,375
9,303
144,61
33,146
76,384
138,319
23,200
158,219
163,279
35,311
80,467
169,469
113,444
82,453
105,127
24,334
95,455
35,274
147,227
15,239
28,474
18,237
28,37
101,297
44,148
35,226
110,157
24,224
24,128
108,520
18,661
24,345
24,7
105,23
85,203
28,251
26,241
107,196
105,183
113,234
34,426
98,313
108,271
108,141
24,270
24,182
113,105
28,191
40,265
26,295
107,215
37,181
93,147
130,197
16,348
162,573
25,552
137,605
136,415
28,537
27,443
130,512
24,386
80,557
161,412
45,390
24,522
108,187
28,363
51,189
96,558
96,12
83,70
24,451
24,427
113,441
28,491
92,468
23,205
113,342
24,556
35,318
95,287
109,359
113,28
78,138
24,403
93,140
108,100
107,161
35,13
23,6
48,4
65,33
24,16
24,192
47,59
154,64
28,261
139,82
27,52
28,276
25,149
116,142
24,43
162,387
108,102
24,114
142,173
55,5
113,266
113,222
24,280
75,32
113,465
24,582
162,437
142,425
48,336
24,233
138,211
49,361
24,286
162,495
110,636
123,382
25,400
113,607
29,480
31,484
24,323
108,337
14,185
54,331
155,272
24,344
24,383
98,162
28,17
24,136
162,244
24,418
25,615
108,463
162,283
20,545
24,496
42,86
24,291
49,236
35,41
96,320
96,90
148,168
105,257
28,377
28,1
53,112
24,29
35,263
24,116
34,177
24,47
102,475
113,121
24,327
24,216
140,55
28,448
110,308
114,332
108,137
28,206
35,10
43,592
35,457
24,199
29,317
115,107
24,164
34,369
105,249
113,404
28,106
24,248
24,306
108,378
30,373
24,737
29,685
108,405
24,125
24,458
28,421
24,626
24,22
28,262
42,408
24,93
24,340
24,123
108,476
110,518
24,333
24,75
24,92
115,175
24,683
24,229
142,25
28,104
28,40
28,24
25,718
24,51
24,101
24,464
28,569
50,666
28,610
24,574
24,639
24,675
24,625
113,632
28,221
37,73
24,730
47,726
28,676
24,115
166,682
164,691
162,472
24,736
24,596
24,583
24,577
154,500
162,611
24,612
24,252
24,201
49,30
24,21
24,19
24,89
24,91
24,209
24,366
28,88
110,281
24,223
28,195
162,307
28,118
18,68
24,35
49,328
24,38
29,379
24,50
44,194
48,256
52,80
162,288
24,139
24,298
162,193
28,304
24,357
24,85
24,44
24,143
24,27
114,95
24,407
24,278
24,445
49,584
114,364
24,365
24,253
115,67
162,446
24,152
24,208
24,110
108,335
115,431
96,376
24,310
28,42
24,346
24,172
24,165
167,381
24,156
102,240
24,231
24,371
160,135
115,72
24,113
24,167
24,217
24,18
24,15
24,186
24,169
24,144
49,48
24,34
108,207
24,2
164,84
114,267
115,246
115,393
24,243
159,299
110,414
24,8
24,83
28,3
24,351
24,63
24,179
24,352
24,57
24,81
114,108
113,202
24,503
24,411
24,402
24,154
24,264
114,461
24,204
24,133
24,312
108,447
24,49
24,296
114,213
165,235
24,122
24,284
24,355
28,174
157,190
24,347
24,39
24,260
24,214
24,62
24,210
24,134
166,87
24,77
24,250
24,79
24,130
24,20
24,117
24,97
37,254
24,131
168,180
24,159
24,419
114,54
24,94
24,98
24,53
24,255
24,71
24,158
24,176
24,275
114,397
115,228
28,150
163,723
24,548
24,76
166,527
115,706
113,438
24,562
113,732
24,66
161,78
24,725
162,578
24,703
115,410
24,434
24,707
162,694
24,349
24,705
24,533
24,719
24,417
24,689
24,220
24,399
162,729
24,559
162,155
162,678
162,302
24,687
24,358
24,609
24,526
24,273
24,681
24,653
24,525
24,212
24,640
113,595
162,69
24,590
24,99
24,14
162,663
24,232
162,305
115,614
24,301
24,151
162,391
115,285
24,532
162,428
24,645
24,269
24,163
115,171
113,282
