9,89
11,112
12,33
2,49
13,80
1,113
16,41
1,120
2,65
16,81
18,168
1,67
10,76
3,29
13,189
1,104
17,122
4,75
13,23
13,87
17,121
13,96
13,82
1,28
13,140
13,92
13,117
13,272
13,50
17,102
13,148
17,107
13,68
13,162
13,85
17,56
17,98
4,97
1,60
13,146
13,161
13,22
13,235
15,84
13,20
13,95
13,201
17,42
13,79
13,101
17,70
15,69
17,105
17,58
13,78
13,200
13,55
13,115
13,40
13,88
13,209
13,57
13,114
17,34
13,156
13,77
13,47
13,27
13,91
13,93
13,190
2,63
10,45
13,240
13,138
13,66
13,171
13,26
13,46
13,61
13,31
13,90
17,35
13,15
13,59
10,25
13,232
13,271
13,62
13,19
13,71
13,268
13,244
11,247
13,175
13,264
13,133
13,109
1,43
17,127
13,248
13,249
17,254
13,198
13,221
13,218
13,181
17,158
13,233
13,74
17,5
13,106
13,110
13,126
13,267
1,257
13,3
11,94
11,170
13,119
13,183
13,216
17,178
17,202
17,179
13,172
13,2
2,212
17,224
17,118
17,180
15,13
13,73
17,86
7,261
17,30
17,225
13,160
17,154
13,103
7,228
2,37
17,217
17,124
4,153
13,111
17,182
13,83
17,108
2,166
17,32
17,197
17,184
17,164
7,125
13,53
17,36
13,208
15,152
17,236
13,177
13,203
16,219
17,130
7,129
17,187
17,196
13,48
15,173
11,193
13,100
11,17
17,137
7,252
13,147
17,139
17,195
11,151
11,64
11,207
13,188
17,222
11,215
17,234
17,205
4,143
17,211
17,21
13,51
13,54
4,157
2,131
17,255
15,256
17,223
17,134
17,144
13,231
17,199
13,176
13,220
11,270
17,149
15,185
17,210
2,136
17,260
17,167
13,259
17,123
17,262
11,194
4,52
15,214
17,241
11,132
17,204
13,237
17,44
17,169
13,229
17,159
17,10
11,163
17,7
1,239
16,243
17,269
15,266
6,227
17,186
13,145
13,238
17,213
13,191
17,245
15,18
4,38
16,258
13,250
15,230
6,242
16,251
13,246
4,141
6,135
13,165
13,174
13,253
6,265
6,155
17,273
7,1
13,150
17,142
17,192
12,72
5,4
17,9
17,128
10,263
17,206
2,14
13,24
7,226
16,12
14,99
13,116
16,39
17,16
13,8
13,6
8,11
