12,712
12,728
12,737
19,724
12,701
12,600
34,618
12,508
12,646
12,654
12,656
13,505
12,719
12,739
12,643
12,669
12,664
12,504
34,686
12,616
12,729
12,677
34,596
12,633
34,734
33,718
12,715
12,723
12,702
34,545
12,685
12,671
12,722
19,571
12,406
12,720
12,512
12,756
12,735
34,727
12,370
12,546
12,364
12,427
12,621
34,564
12,351
12,521
18,632
12,732
34,687
12,659
8,526
12,604
12,731
16,705
7,615
12,601
18,506
12,672
12,714
12,611
12,644
34,708
34,479
12,648
12,559
12,588
12,547
34,710
12,667
12,581
13,469
12,553
13,647
34,636
12,638
12,562
12,688
12,585
34,520
12,262
12,630
12,560
11,613
12,419
12,699
12,476
12,590
12,456
12,529
12,570
12,623
18,662
14,272
12,401
12,524
33,403
7,609
34,321
12,346
12,649
12,645
11,386
11,368
12,661
12,652
17,706
12,461
49,284
12,625
34,550
9,586
34,670
12,634
12,610
13,703
3,543
19,683
32,352
15,721
34,568
34,363
12,208
12,535
48,541
12,379
34,497
9,418
23,528
12,444
31,640
12,695
12,607
12,655
12,591
40,680
12,573
12,673
30,696
27,593
53,400
9,709
12,658
2,657
12,540
12,446
12,393
45,319
39,453
12,660
34,438
12,462
39,507
25,744
21,675
12,287
4,264
12,192
4,484
12,679
39,347
15,460
9,605
11,390
36,382
20,405
12,236
14,454
6,578
6,247
34,488
31,378
22,522
39,407
39,425
39,502
12,330
34,373
39,276
39,483
39,285
12,274
39,435
39,491
13,249
11,415
39,515
39,441
12,514
44,374
39,486
39,327
49,381
39,377
39,487
39,429
39,574
43,542
39,463
39,525
39,450
39,455
12,493
12,220
39,238
39,320
39,243
39,413
12,387
39,316
39,354
39,443
34,492
29,397
12,189
6,412
34,150
51,404
39,248
39,537
12,241
39,385
39,299
39,211
18,408
39,232
39,306
36,430
39,464
39,577
39,494
10,567
12,258
39,384
39,255
39,627
39,235
39,270
39,181
39,177
39,532
39,594
38,608
4,421
12,296
39,383
39,694
39,414
4,503
39,411
39,556
39,442
39,513
39,361
39,642
46,209
39,329
39,348
39,325
39,475
39,227
39,449
39,283
39,436
39,307
39,239
39,162
39,266
39,434
42,212
39,297
39,196
39,184
39,301
39,223
39,345
39,259
39,500
39,197
26,490
39,579
39,554
39,392
39,641
39,576
39,480
39,228
39,290
39,288
39,253
49,372
39,440
39,350
39,225
39,375
39,252
37,278
39,176
39,598
39,575
39,395
28,626
39,472
39,416
39,231
39,206
39,595
39,240
41,628
39,561
39,268
39,582
12,277
39,275
39,154
39,201
39,603
39,185
39,750
39,747
39,755
39,745
39,758
39,653
39,760
39,757
39,753
39,742
39,748
39,752
39,746
39,749
39,751
34,743
40,761
12,523
39,552
12,527
39,467
36,332
39,549
39,451
39,530
39,353
39,366
39,221
39,359
39,256
39,322
39,555
39,254
39,280
39,202
39,485
12,291
39,237
52,355
39,300
39,424
39,340
39,519
39,580
39,459
39,389
39,614
39,282
39,544
49,265
39,433
1,380
39,289
39,589
39,305
39,439
39,651
39,311
39,309
39,637
39,639
39,445
39,224
39,668
39,344
39,597
39,587
39,251
39,207
39,315
39,230
39,631
39,195
39,312
39,295
39,698
12,516
39,388
39,313
39,612
39,399
39,509
39,563
39,367
39,583
39,557
39,409
39,716
39,398
39,394
39,622
39,432
39,437
39,465
39,635
39,458
39,410
47,293
39,468
39,539
12,267
39,334
52,349
39,343
39,362
39,428
49,606
39,338
39,302
39,260
39,242
47,357
39,308
39,342
39,518
39,717
39,331
39,182
39,175
39,279
39,261
39,365
39,689
39,510
39,551
39,423
39,304
34,326
39,318
39,726
39,697
39,269
39,681
39,707
39,317
39,617
39,693
5,692
39,629
39,725
39,730
39,676
39,496
39,323
39,666
39,736
39,691
39,733
39,569
39,682
39,665
39,489
39,538
34,548
12,402
39,599
39,481
49,263
52,452
39,572
39,482
39,584
39,558
39,498
39,213
39,501
39,200
39,391
39,376
39,624
39,704
39,324
39,678
39,273
39,360
4,180
39,470
39,690
39,198
49,333
39,740
39,466
39,471
39,328
39,294
39,188
39,286
39,448
39,203
39,193
39,244
12,592
39,684
39,565
39,663
39,536
39,298
12,137
39,336
39,341
39,166
39,229
39,310
39,271
39,199
39,763
39,764
39,754
39,149
39,191
39,257
12,194
39,499
48,110
12,292
39,426
37,369
39,477
39,602
39,219
39,422
39,478
39,358
39,142
39,711
39,533
39,126
39,431
39,417
39,64
39,112
39,172
39,65
39,114
39,25
39,218
39,81
39,741
39,122
39,23
39,46
39,152
39,566
39,30
39,70
38,123
34,179
39,76
39,100
39,7
39,214
39,128
39,473
39,447
39,335
39,650
39,19
39,51
39,770
39,40
39,98
39,26
39,173
39,132
39,120
39,700
39,738
39,303
39,215
39,155
39,713
39,281
38,141
39,140
39,5
39,79
39,15
39,115
39,337
39,420
39,54
39,127
50,102
39,31
39,69
39,517
39,67
39,216
39,8
39,33
39,74
39,29
39,55
39,14
39,89
39,32
39,84
39,28
39,72
18,1
11,47
39,3
39,41
39,97
39,90
39,6
39,39
39,133
39,82
39,762
39,11
39,27
39,21
39,125
39,765
39,44
39,769
39,43
39,768
39,135
39,183
39,190
39,68
39,161
39,159
39,124
39,92
39,234
39,168
39,246
34,147
39,531
39,134
39,66
39,153
39,106
39,60
39,77
39,20
39,22
39,2
39,10
39,93
37,45
39,109
39,101
39,78
39,131
39,58
39,157
39,144
39,24
39,103
39,35
1,146
39,62
39,48
39,18
39,767
39,13
39,87
39,36
39,17
39,37
38,63
39,83
39,9
39,16
39,42
39,136
39,766
39,339
39,205
39,71
39,396
39,178
39,52
39,222
39,356
39,116
28,107
39,474
39,96
39,511
39,534
39,314
39,204
39,138
39,91
39,151
39,50
53,139
39,148
24,88
39,38
39,111
39,80
39,86
39,210
39,61
39,12
39,117
39,73
39,186
39,75
39,620
39,105
39,165
39,85
39,104
39,187
39,163
39,121
39,95
39,169
39,108
39,56
39,143
28,164
39,113
39,129
34,233
39,226
39,759
39,619
39,94
39,59
39,49
39,119
39,34
39,4
39,160
39,250
39,495
35,158
39,245
39,457
39,171
39,217
18,170
39,57
39,99
12,53
35,674
35,371
12,145
12,118
12,167
12,174
12,156
34,130
