35,833
28,565
78,831
39,845
58,640
92,769
75,767
28,682
28,739
21,713
20,797
28,832
82,732
43,762
58,691
25,642
28,756
94,795
28,367
74,711
2,776
58,810
35,671
38,607
88,747
69,822
24,318
58,494
96,669
19,853
24,847
31,818
35,751
68,114
90,687
49,793
96,731
93,608
10,559
11,645
31,707
31,353
34,839
54,771
88,543
58,750
55,723
28,322
32,689
75,763
31,817
79,714
34,709
48,802
28,676
32,746
66,653
86,598
28,573
72,184
48,748
93,179
9,782
51,638
25,675
32,571
32,761
28,579
96,595
58,485
81,304
69,646
69,719
87,778
93,619
83,672
70,615
79,734
34,555
93,764
28,774
37,848
58,668
58,677
89,216
37,212
13,695
44,685
88,305
28,820
65,605
31,686
34,826
28,787
81,841
81,789
58,825
46,819
58,840
17,704
49,416
80,792
93,850
49,829
38,575
43,790
71,712
58,814
28,737
32,740
37,532
39,170
93,568
28,588
94,48
28,550
39,566
28,754
71,547
58,843
31,718
31,725
50,816
84,849
58,806
31,661
33,842
34,437
86,824
24,429
28,652
27,462
28,259
31,518
85,94
28,524
50,19
33,109
69,479
47,478
31,567
32,9
91,326
28,246
92,604
11,618
35,692
94,226
26,422
58,558
95,766
58,267
83,639
62,445
91,800
79,17
58,378
80,727
24,418
42,770
32,328
96,706
48,384
97,374
34,253
58,643
28,234
51,345
28,854
28,670
36,830
22,59
32,131
76,681
9,745
67,852
87,696
58,834
28,779
33,773
58,637
11,708
77,610
28,683
30,512
4,557
28,520
34,654
40,625
32,611
69,626
58,499
31,563
69,393
52,634
83,587
58,589
96,651
28,535
73,562
58,678
82,743
36,585
81,757
93,622
57,788
23,693
35,530
27,118
68,442
43,702
28,703
34,721
31,541
36,656
28,755
7,684
36,781
22,516
54,627
31,644
28,722
94,453
79,522
24,255
28,556
36,423
37,657
28,796
56,837
35,309
51,443
31,600
28,552
63,803
32,738
28,597
49,663
84,617
41,574
52,635
34,591
86,649
45,716
84,705
28,623
52,780
58,641
28,760
52,694
8,580
52,724
28,630
94,458
28,799
38,648
32,759
79,658
28,667
38,477
90,504
11,551
31,592
39,741
28,513
28,472
28,544
35,596
89,459
31,469
33,167
24,444
58,515
90,377
52,338
28,2
58,8
52,435
28,295
38,528
69,401
81,386
28,380
83,534
53,385
58,249
62,55
5,381
24,427
35,483
36,362
1,388
31,390
96,475
28,317
34,144
39,468
51,237
15,187
51,484
49,315
35,449
32,564
28,726
28,465
31,481
49,599
32,700
28,578
64,620
35,323
52,749
33,583
58,116
28,577
49,594
28,768
28,394
36,343
79,169
3,433
28,329
28,344
39,199
12,744
28,283
31,398
28,265
28,506
28,222
37,519
23,655
37,81
50,440
32,375
58,349
51,330
28,526
81,498
49,662
38,650
6,493
28,432
28,266
28,365
35,276
35,12
31,136
28,229
81,68
9,368
37,90
28,133
37,476
37,364
50,537
30,279
49,402
38,209
88,132
18,141
28,348
9,400
28,570
28,614
32,680
28,542
28,452
11,51
89,32
52,193
76,715
53,511
28,593
28,752
83,473
28,569
28,601
71,492
28,502
28,501
81,404
81,327
28,730
28,728
28,697
35,572
28,447
21,391
28,436
31,497
34,742
28,508
28,673
79,772
58,699
79,688
28,733
34,586
31,431
28,603
29,500
36,523
31,214
89,263
32,576
58,293
89,42
81,306
9,439
83,221
60,126
32,122
89,41
32,134
28,233
81,92
28,121
58,270
37,357
9,185
28,56
28,448
14,303
91,514
81,308
28,406
52,335
28,49
36,257
31,609
28,415
28,236
90,584
28,67
31,366
28,482
81,66
31,142
28,710
37,173
28,110
28,190
28,161
28,413
90,127
31,180
32,271
28,313
58,138
89,546
31,290
28,147
83,231
84,23
36,631
81,616
28,488
28,346
89,208
36,521
28,268
38,387
9,33
28,1
37,302
37,311
28,347
28,213
98,93
89,392
28,399
31,296
83,549
28,128
28,188
28,529
28,242
28,53
37,79
28,165
32,43
28,403
28,621
28,430
11,582
88,495
35,227
81,505
92,291
59,525
31,503
28,679
28,456
36,215
90,218
31,461
28,171
28,319
31,203
31,517
31,420
36,510
28,355
36,333
28,331
58,467
31,86
81,735
37,82
31,480
28,613
28,647
32,354
28,466
28,441
37,228
28,111
28,352
28,341
35,359
28,463
31,105
28,260
36,24
28,256
86,280
28,324
34,264
28,117
58,112
28,297
77,4
28,240
28,189
58,160
28,106
81,14
58,211
89,88
28,27
31,130
28,289
28,159
77,225
35,31
28,272
52,16
34,65
28,149
28,332
28,207
59,172
81,219
28,244
28,561
28,312
28,241
28,252
9,247
52,278
28,371
28,250
28,548
28,428
28,195
28,275
28,64
31,232
31,300
28,168
31,298
28,337
28,307
28,358
31,238
28,104
28,340
28,101
28,36
89,301
36,316
28,334
32,137
28,123
31,356
28,61
28,163
28,54
9,140
28,98
28,44
31,220
28,47
28,285
28,373
28,230
28,206
28,784
28,855
31,539
81,861
31,28
28,808
28,720
9,450
28,46
28,851
32,785
28,99
28,181
58,152
37,108
31,97
28,277
35,192
28,813
28,70
28,5
28,22
36,659
28,857
28,660
58,15
28,859
28,166
28,314
16,178
9,828
28,83
35,407
58,248
81,197
28,273
28,201
81,531
28,860
28,157
28,396
28,120
28,821
28,701
28,286
28,805
28,777
28,823
37,632
28,612
28,84
28,419
28,674
28,624
28,815
28,336
28,125
28,858
28,507
28,801
58,835
58,536
28,758
28,698
28,150
91,553
61,491
89,412
28,665
28,287
28,154
28,235
28,310
28,91
31,451
58,269
28,540
28,666
28,85
28,405
36,370
31,460
28,581
28,471
28,414
28,408
28,274
28,446
28,496
31,261
28,434
83,35
28,25
28,360
28,89
28,45
28,487
28,177
31,74
58,425
31,664
28,155
58,143
28,129
28,527
28,58
28,243
28,145
28,6
28,490
28,113
32,75
28,103
28,38
28,62
28,80
31,205
28,18
9,254
28,115
28,148
58,223
28,151
28,37
28,294
28,29
28,69
28,198
28,162
31,164
4,489
31,636
28,383
28,282
31,438
28,602
37,633
6,95
28,417
28,409
28,204
28,538
28,509
31,71
28,457
28,382
28,426
28,339
28,96
28,350
28,554
28,690
28,76
31,411
7,376
28,196
28,284
28,474
28,454
58,153
28,202
28,13
28,124
28,239
28,245
28,455
9,135
28,52
28,258
28,320
28,397
28,395
28,224
31,156
28,78
28,158
1,102
28,183
58,545
28,533
28,3
28,372
28,174
28,7
8,50
58,379
58,107
12,119
28,60
28,20
28,200
28,470
5,26
28,73
28,139
21,281
28,191
28,194
28,72
15,77
28,34
28,210
58,176
28,57
28,606
9,838
58,836
28,560
6,765
58,351
9,63
28,844
9,629
11,811
58,421
28,464
58,827
28,717
28,175
28,809
28,410
28,590
58,846
28,363
58,804
28,783
28,251
28,39
9,486
58,856
28,40
28,182
28,812
28,369
28,146
28,262
58,342
9,807
28,736
9,217
28,753
28,791
28,288
28,786
28,325
9,87
28,424
9,729
28,186
28,299
28,798
28,628
58,100
28,321
28,21
28,775
58,292
11,10
58,794
58,389
58,30
58,361
58,11
