9,753
9,746
9,76
7,762
7,775
9,512
9,668
11,486
7,706
9,696
11,758
11,699
2,780
7,260
2,711
8,691
5,499
7,796
11,45
11,130
2,206
7,89
6,669
14,632
11,735
9,703
11,724
11,790
7,756
11,782
5,754
7,169
2,777
2,716
11,759
11,761
6,123
2,755
7,774
7,663
9,661
9,788
11,583
8,511
11,739
6,694
5,577
7,690
13,606
2,752
7,767
9,747
14,685
7,383
11,766
6,63
7,713
2,468
7,127
11,679
9,741
5,750
11,672
5,619
11,727
14,742
6,693
5,722
11,717
14,714
9,528
5,504
11,608
6,660
6,510
11,605
11,698
5,728
9,634
9,635
11,526
1,574
9,502
2,417
11,372
11,537
13,473
9,432
11,544
5,282
9,589
9,337
5,557
11,224
11,710
5,721
7,626
11,385
11,529
11,405
11,395
9,426
11,617
7,595
11,671
3,552
10,515
11,666
2,667
14,551
2,615
11,603
9,683
8,522
2,569
6,680
14,505
5,627
7,516
5,723
9,686
11,466
11,719
2,725
11,689
9,637
11,564
9,568
9,286
11,306
7,464
7,453
13,436
11,313
7,28
9,329
9,77
9,218
11,268
11,494
11,440
11,514
11,449
9,769
9,378
9,65
9,783
11,598
2,700
9,625
11,720
11,654
10,662
9,452
11,597
6,256
9,438
10,105
4,240
15,673
6,590
11,612
9,638
11,533
2,622
14,565
11,563
11,664
11,506
2,670
9,692
9,675
11,348
11,541
11,381
11,459
5,584
9,618
7,548
2,546
14,650
2,384
11,408
9,358
9,312
5,779
2,27
12,642
11,718
9,441
11,740
11,592
11,300
11,518
11,227
11,211
11,628
11,213
1,99
4,443
11,639
2,677
2,35
14,155
11,392
11,195
11,98
11,174
4,30
7,462
11,237
11,393
11,422
11,226
11,542
6,298
2,376
11,294
11,305
7,580
12,198
7,331
7,336
11,134
11,192
11,315
11,196
12,682
10,540
11,591
7,148
9,391
7,271
11,547
12,567
2,653
11,704
11,418
11,280
11,630
11,415
9,463
2,687
8,594
11,357
11,360
14,434
11,550
5,629
5,536
2,490
9,368
7,140
9,520
6,125
11,302
9,458
14,11
9,100
11,517
7,141
2,343
7,480
7,308
9,325
9,461
5,245
11,623
13,531
5,364
11,497
9,521
5,534
11,684
7,460
2,601
8,620
4,543
11,715
11,139
11,420
11,212
7,142
7,610
7,651
11,586
2,151
9,425
7,423
2,508
14,73
11,401
10,347
11,539
11,498
9,399
11,561
11,538
11,640
11,621
11,487
11,475
9,649
9,562
11,575
11,571
11,611
11,316
9,648
5,633
14,712
11,442
11,613
9,407
11,350
11,409
11,554
5,410
4,489
2,122
2,176
2,448
11,607
9,501
11,695
6,614
14,532
11,446
11,560
11,301
11,194
11,205
7,207
6,162
11,582
11,335
11,168
2,143
9,208
2,369
11,103
11,588
11,573
11,397
14,281
14,555
11,248
11,307
7,344
11,108
2,25
2,332
5,279
2,362
2,230
11,55
11,12
11,363
11,530
11,323
5,81
11,373
11,513
11,545
10,328
9,527
8,173
11,375
11,152
11,394
5,219
11,359
11,604
8,479
11,341
11,587
10,299
11,330
4,241
10,234
11,370
9,471
11,600
11,503
11,412
2,636
2,467
2,658
2,674
2,193
11,470
11,36
11,8
11,201
11,20
10,246
11,214
7,69
11,435
2,292
11,437
7,295
2,225
5,197
11,317
2,238
11,356
11,112
11,94
11,297
11,60
11,95
14,183
9,342
11,43
2,85
11,191
11,274
7,215
11,189
16,164
11,175
11,101
14,19
11,167
11,411
2,239
2,760
14,652
5,86
2,396
11,365
2,380
11,107
11,229
11,153
11,377
11,158
9,456
11,293
11,483
11,137
11,172
2,252
2,52
11,190
12,304
11,303
11,257
2,314
7,146
11,171
11,92
2,91
7,382
10,79
2,414
11,185
11,145
11,147
11,265
11,113
11,150
11,7
2,129
11,242
11,26
11,138
14,309
11,477
11,157
14,184
11,41
2,10
11,136
2,254
9,2
4,126
11,154
11,61
7,266
2,3
10,144
14,71
2,128
11,272
11,439
3,178
11,121
11,102
2,643
2,339
2,324
11,83
9,80
2,88
11,296
11,288
11,259
14,6
11,42
11,495
11,232
11,163
11,1
11,366
2,4
11,261
4,29
11,119
11,519
11,289
11,419
11,51
11,48
11,402
11,22
11,54
7,40
11,97
11,333
11,32
5,578
2,602
2,131
11,135
11,57
11,132
11,18
11,14
11,179
11,275
11,349
11,283
2,455
11,481
11,285
11,210
11,59
11,104
11,9
11,263
11,39
11,284
11,220
11,5
11,233
11,264
2,223
11,222
11,398
11,576
2,451
11,231
11,253
8,374
11,16
2,556
2,277
11,367
11,244
11,44
11,114
11,353
11,318
2,90
11,120
11,186
11,523
2,249
11,118
14,68
11,93
11,64
11,404
7,267
11,250
7,310
2,361
11,430
2,177
11,72
11,371
11,78
2,270
11,273
11,31
11,47
11,62
11,17
11,96
11,161
14,74
11,334
11,46
2,156
11,116
11,23
2,75
11,56
11,216
7,326
11,255
11,67
11,37
11,478
11,278
11,159
2,209
11,379
11,200
11,509
11,319
11,235
11,447
14,221
11,228
11,188
11,702
11,49
11,269
11,133
11,87
2,428
11,688
11,581
11,596
11,389
11,655
11,553
14,599
11,549
11,641
11,570
11,124
11,646
11,579
11,388
11,676
11,624
2,678
11,705
9,287
14,482
14,387
2,525
14,491
11,492
11,485
11,558
11,400
11,406
11,416
11,390
2,465
2,665
2,450
11,165
2,322
11,496
11,320
11,170
11,354
11,352
2,431
11,58
11,243
11,340
11,559
11,444
11,609
11,457
11,403
11,507
11,276
2,476
11,38
2,202
11,351
11,355
14,433
11,111
11,109
11,338
11,50
11,182
11,203
2,33
11,386
11,474
11,795
11,701
11,781
11,262
11,792
11,794
2,793
11,770
11,290
11,115
2,524
12,34
11,13
11,21
2,15
11,708
14,797
2,737
2,736
11,180
11,786
11,773
11,745
11,771
11,734
11,709
11,731
11,772
11,251
11,743
11,236
11,748
11,749
11,798
11,787
14,445
11,187
11,217
14,732
14,493
2,566
2,657
14,656
2,454
11,427
2,585
2,535
14,659
11,697
11,149
11,84
11,789
2,321
2,744
2,488
11,106
11,199
2,82
2,751
11,429
14,616
11,785
11,593
11,778
11,469
11,765
14,484
11,738
11,204
11,311
11,733
11,726
14,327
14,729
14,345
11,258
11,730
14,707
11,631
2,768
2,500
2,644
2,791
11,110
11,681
14,166
11,764
14,424
11,757
11,413
2,647
11,784
11,472
14,763
14,776
2,572
2,66
11,53
2,117
11,645
14,70
2,247
2,346
2,181
2,24
11,291
2,421
2,160
