6,712
6,728
6,737
8,724
6,701
6,600
21,618
6,508
6,646
6,654
6,656
6,505
6,719
6,739
6,643
6,669
6,664
6,504
21,686
6,616
6,729
6,677
21,596
6,633
21,734
20,718
6,715
6,723
6,702
21,545
6,685
6,671
6,722
8,571
6,406
6,720
6,512
6,756
6,735
21,727
6,370
6,546
6,364
6,427
6,621
21,564
6,351
6,521
8,632
6,732
21,687
6,659
3,526
6,604
6,731
7,705
2,615
6,601
8,506
6,672
6,714
6,611
6,644
21,708
21,479
6,648
6,559
6,588
6,547
21,710
6,667
6,581
6,469
6,553
6,647
21,636
6,638
6,562
6,688
6,585
21,520
6,262
6,630
6,560
6,613
6,419
6,699
6,476
6,590
6,456
6,529
6,570
6,623
8,662
6,272
6,401
6,524
20,403
2,609
21,321
6,346
6,649
6,645
6,386
6,368
6,661
6,652
7,706
6,461
32,284
6,625
21,550
4,586
21,670
6,634
6,610
6,703
1,543
8,683
19,352
6,721
21,568
21,363
6,208
6,535
31,541
6,379
21,497
4,418
12,528
6,444
19,640
6,695
6,607
6,655
6,591
23,680
6,573
6,673
18,696
15,593
35,400
4,709
6,658
1,657
6,540
6,446
6,393
28,319
23,453
6,660
21,438
6,462
23,507
13,744
10,675
6,287
2,264
6,192
2,484
6,679
23,347
6,460
4,605
6,390
23,382
9,405
6,236
6,454
2,578
2,247
21,488
19,378
11,522
23,407
23,425
23,502
6,330
21,373
23,276
23,483
23,285
6,274
23,435
23,491
6,249
6,415
23,515
23,441
6,514
27,374
23,486
23,327
32,381
23,377
23,487
23,429
23,574
26,542
23,463
23,525
23,450
23,455
6,493
6,220
23,238
23,320
23,243
23,413
6,387
23,316
23,354
23,443
21,492
17,397
6,189
2,412
21,150
33,404
23,248
23,537
6,241
23,385
23,299
23,211
8,408
23,232
23,306
23,430
23,464
23,577
23,494
5,567
6,258
23,384
23,255
23,627
23,235
23,270
23,181
23,177
23,532
23,594
23,608
2,421
6,296
23,383
23,694
23,414
2,503
23,411
23,556
23,442
23,513
23,361
23,642
29,209
23,329
23,348
23,325
23,475
23,227
23,449
23,283
23,436
23,307
23,239
23,162
23,266
23,434
25,212
23,297
23,196
23,184
23,301
23,223
23,345
23,259
23,500
23,197
14,490
23,579
23,554
23,392
23,641
23,576
23,480
23,228
23,290
23,288
23,253
32,372
23,440
23,350
23,225
23,375
23,252
23,278
23,176
23,598
23,575
23,395
16,626
23,472
23,416
23,231
23,206
23,595
23,240
24,628
23,561
23,268
23,582
6,277
23,275
23,154
23,201
23,603
23,185
23,750
23,747
23,755
23,745
23,758
23,653
23,760
23,757
23,753
23,742
23,748
23,752
23,746
23,749
23,751
21,743
23,761
6,523
23,552
6,527
23,467
23,332
23,549
23,451
23,530
23,353
23,366
23,221
23,359
23,256
23,322
23,555
23,254
23,280
23,202
23,485
6,291
23,237
34,355
23,300
23,424
23,340
23,519
23,580
23,459
23,389
23,614
23,282
23,544
32,265
23,433
1,380
23,289
23,589
23,305
23,439
23,651
23,311
23,309
23,637
23,639
23,445
23,224
23,668
23,344
23,597
23,587
23,251
23,207
23,315
23,230
23,631
23,195
23,312
23,295
23,698
6,516
23,388
23,313
23,612
23,399
23,509
23,563
23,367
23,583
23,557
23,409
23,716
23,398
23,394
23,622
23,432
23,437
23,465
23,635
23,458
23,410
30,293
23,468
23,539
6,267
23,334
34,349
23,343
23,362
23,428
32,606
23,338
23,302
23,260
23,242
30,357
23,308
23,342
23,518
23,717
23,331
23,182
23,175
23,279
23,261
23,365
23,689
23,510
23,551
23,423
23,304
21,326
23,318
23,726
23,697
23,269
23,681
23,707
23,317
23,617
23,693
2,692
23,629
23,725
23,730
23,676
23,496
23,323
23,666
23,736
23,691
23,733
23,569
23,682
23,665
23,489
23,538
21,548
6,402
23,599
23,481
32,263
34,452
23,572
23,482
23,584
23,558
23,498
23,213
23,501
23,200
23,391
23,376
23,624
23,704
23,324
23,678
23,273
23,360
2,180
23,470
23,690
23,198
32,333
23,740
23,466
23,471
23,328
23,294
23,188
23,286
23,448
23,203
23,193
23,244
6,592
23,684
23,565
23,663
23,536
23,298
6,137
23,336
23,341
23,166
23,229
23,310
23,271
23,199
23,763
23,764
23,754
23,149
23,191
23,257
6,194
23,499
31,110
6,292
23,426
23,369
23,477
23,602
23,219
23,422
23,478
23,358
23,142
23,711
23,533
23,126
23,431
23,417
23,64
23,112
23,172
23,65
23,114
23,25
23,218
23,81
23,741
23,122
23,23
23,46
23,152
23,566
23,30
23,70
23,123
21,179
23,76
23,100
23,7
23,214
23,128
23,473
23,447
23,335
23,650
23,19
23,51
23,770
23,40
23,98
23,26
23,173
23,132
23,120
23,700
23,738
23,303
23,215
23,155
23,713
23,281
23,141
23,140
23,5
23,79
23,15
23,115
23,337
23,420
23,54
23,127
32,102
23,31
23,69
23,517
23,67
23,216
23,8
23,33
23,74
23,29
23,55
23,14
23,89
23,32
23,84
23,28
23,72
8,1
6,47
23,3
23,41
23,97
23,90
23,6
23,39
23,133
23,82
23,762
23,11
23,27
23,21
23,125
23,765
23,44
23,769
23,43
23,768
23,135
23,183
23,190
23,68
23,161
23,159
23,124
23,92
23,234
23,168
23,246
21,147
23,531
23,134
23,66
23,153
23,106
23,60
23,77
23,20
23,22
23,2
23,10
23,93
23,45
23,109
23,101
23,78
23,131
23,58
23,157
23,144
23,24
23,103
23,35
1,146
23,62
23,48
23,18
23,767
23,13
23,87
23,36
23,17
23,37
23,63
23,83
23,9
23,16
23,42
23,136
23,766
23,339
23,205
23,71
23,396
23,178
23,52
23,222
23,356
23,116
16,107
23,474
23,96
23,511
23,534
23,314
23,204
23,138
23,91
23,151
23,50
35,139
23,148
13,88
23,38
23,111
23,80
23,86
23,210
23,61
23,12
23,117
23,73
23,186
23,75
23,620
23,105
23,165
23,85
23,104
23,187
23,163
23,121
23,95
23,169
23,108
23,56
23,143
16,164
23,113
23,129
21,233
23,226
23,759
23,619
23,94
23,59
23,49
23,119
23,34
23,4
23,160
23,250
23,495
22,158
23,245
23,457
23,171
23,217
8,170
23,57
23,99
6,53
22,674
22,371
6,145
6,118
6,167
6,174
6,156
21,130
