2,1206
17,1208
17,1210
17,1064
17,1219
3,1236
17,703
18,1232
17,1207
12,1157
8,1199
2,1082
12,1112
16,1212
12,1095
9,889
18,1144
8,1227
12,876
12,1118
18,1005
12,954
12,1089
17,1042
16,561
18,1087
18,591
12,1223
4,1139
12,928
2,1222
2,908
12,784
7,1077
12,891
12,1056
12,912
3,1228
12,1215
12,655
5,946
12,970
12,996
11,532
12,581
2,485
18,722
1,751
9,829
12,1192
18,1194
12,514
12,831
11,1197
12,633
12,967
17,500
12,1030
9,952
1,386
12,1221
9,880
12,1032
12,1166
12,1001
12,697
8,1133
10,659
12,993
17,1163
12,1196
16,1053
12,520
12,978
12,1204
12,1147
5,798
12,981
17,1101
10,850
11,1060
10,1153
9,1079
12,1195
12,1022
12,1010
10,1205
12,1116
12,636
1,701
12,1052
12,927
12,602
12,522
12,1094
2,853
12,351
12,745
12,811
9,1067
9,583
12,772
12,1086
12,863
12,716
4,564
5,385
12,816
12,725
12,580
12,1231
12,1176
5,882
17,411
12,660
8,920
12,913
9,374
4,288
18,631
12,683
19,393
10,518
12,621
12,400
12,577
12,1046
12,667
12,1114
12,554
12,456
17,723
9,720
9,953
5,959
10,1122
12,937
12,1058
12,543
12,982
12,578
5,791
12,511
17,1049
7,740
10,1098
4,692
8,727
11,593
17,427
12,415
11,493
17,430
5,1115
8,841
12,1031
12,919
5,861
9,1217
1,1224
12,1161
1,773
12,823
12,565
12,626
7,1120
11,991
12,979
12,1076
12,1182
12,526
12,1008
12,894
12,830
12,969
12,947
12,999
12,1105
12,704
12,512
12,428
9,612
12,486
12,744
12,1132
12,466
11,842
12,980
12,1063
12,817
9,1029
12,775
12,568
11,681
12,730
6,781
12,851
12,1068
12,762
12,608
26,729
12,690
12,1141
12,944
7,767
12,611
9,930
12,1016
12,549
12,1121
12,609
12,790
12,865
12,825
12,1143
12,1047
11,845
12,984
12,1119
12,888
11,590
12,843
12,708
12,641
12,685
3,574
11,1211
12,1225
12,642
12,1198
12,1202
12,1226
17,698
12,972
8,1051
12,1156
8,1184
12,837
9,684
12,1177
12,713
12,1229
12,1164
8,1126
12,801
12,924
12,917
12,1216
12,1235
12,1218
12,1158
12,872
12,1209
12,1185
12,1136
12,916
12,1017
12,1234
12,1138
17,1036
12,1104
12,1220
8,709
12,1175
12,800
12,1088
12,921
9,584
8,465
12,1146
8,1169
12,918
12,962
12,1142
12,788
12,1055
12,1129
12,765
12,1128
12,802
9,629
12,777
9,1075
12,1018
12,669
12,896
12,824
12,938
12,529
12,388
12,792
12,854
12,535
17,1069
10,878
12,1180
12,810
11,1170
12,1171
12,285
12,915
12,1151
12,1092
11,652
8,1154
12,1168
12,334
12,1173
1,645
12,412
12,657
12,846
12,503
5,995
12,318
12,866
12,1109
12,983
1,910
12,1125
12,809
12,1145
12,625
12,505
10,732
12,1004
12,771
12,968
12,1024
12,855
12,956
11,743
12,1083
12,1045
12,1131
12,640
9,933
12,524
12,1165
12,1000
12,760
12,1174
12,617
12,1187
5,955
12,884
12,904
12,1048
12,752
12,844
12,536
12,632
12,1044
12,1200
10,587
12,1034
12,828
8,1123
3,717
12,813
12,869
12,974
12,1003
12,840
12,1090
12,1135
12,1084
12,769
1,1040
17,964
12,502
12,1021
12,1106
12,754
12,1006
24,1113
5,966
12,832
12,594
12,682
12,691
12,618
12,1137
12,1189
12,1002
12,712
12,1213
12,793
12,961
12,895
12,1230
12,1214
12,677
12,348
12,1178
12,936
9,934
12,932
12,1188
12,395
12,734
8,1152
12,1111
12,997
7,1043
12,758
1,906
12,676
12,903
14,646
12,1148
12,925
12,668
12,1071
12,949
12,1140
12,540
12,875
11,322
10,735
12,747
12,544
12,390
18,1097
12,1183
12,569
12,941
12,702
25,893
12,582
3,647
12,1059
12,1134
12,768
12,960
12,858
12,929
8,990
12,672
12,1130
12,1020
12,864
12,551
12,282
12,601
12,886
12,513
12,449
12,1110
12,623
12,988
12,779
12,736
9,572
12,1124
12,320
12,586
12,275
12,384
12,812
12,592
10,635
12,380
12,1167
12,1062
12,746
12,883
5,1033
10,506
12,958
12,852
12,976
12,494
12,562
12,497
12,898
12,527
12,870
23,731
12,530
9,787
12,987
17,794
12,897
12,573
12,1093
12,733
12,689
12,403
12,501
10,822
12,1054
12,902
12,821
12,627
12,662
12,780
12,671
11,710
12,445
12,839
12,539
12,566
12,1023
12,948
12,1149
12,877
12,686
11,890
12,867
12,911
12,885
12,776
12,973
10,1014
12,1091
12,1072
12,567
12,1028
12,1027
12,1080
12,498
1,695
12,600
12,940
12,488
12,496
12,558
12,556
12,408
12,432
12,439
12,437
12,674
12,795
12,1057
12,1150
12,579
12,576
12,738
12,441
12,422
12,198
12,93
12,95
12,286
12,489
12,257
12,157
12,236
12,311
12,477
12,806
12,696
12,610
12,994
10,724
12,458
12,860
12,596
12,1099
12,785
12,820
12,1009
12,504
12,1107
12,835
12,826
12,805
12,679
12,656
12,763
12,541
12,721
12,1061
12,418
12,650
12,753
12,649
12,766
12,874
12,750
12,922
12,957
12,783
12,926
12,807
12,1085
12,899
12,847
12,943
12,1100
12,986
12,670
13,764
12,654
12,510
12,665
12,818
12,387
12,862
12,588
12,658
12,827
12,310
12,375
12,680
12,394
12,223
12,1038
12,571
12,705
12,473
12,247
12,749
12,620
12,129
12,86
12,232
12,280
12,315
12,484
12,675
12,538
12,545
12,459
12,302
12,172
12,255
9,343
12,434
12,333
12,1015
12,585
12,971
12,546
12,859
12,624
12,507
12,266
12,209
12,349
1,219
12,517
12,443
12,435
12,292
12,104
12,354
12,552
1,542
12,164
12,214
12,188
12,151
12,297
12,347
12,737
12,550
12,416
12,848
12,360
1,371
12,598
12,352
10,267
12,338
12,128
12,433
12,487
12,834
12,296
12,871
12,977
12,799
12,856
12,1041
12,1073
12,475
12,139
12,833
12,401
12,1070
12,350
12,604
12,321
20,471
12,85
12,98
12,312
12,189
12,234
12,242
12,560
12,190
12,367
12,357
12,225
26,206
12,238
12,328
12,180
12,341
12,589
12,362
12,303
12,379
12,460
12,84
12,246
21,261
12,326
12,786
12,638
12,1103
12,256
12,942
9,814
12,399
12,548
12,218
12,173
12,193
12,141
12,143
12,279
12,277
12,78
12,63
12,313
12,363
12,105
12,472
12,220
12,688
12,605
12,323
12,421
12,1162
12,442
12,905
12,426
12,91
12,797
12,452
12,366
12,340
12,892
12,719
12,327
12,1190
12,998
12,228
12,224
12,210
12,254
12,339
12,474
12,715
12,270
12,121
12,213
12,186
12,289
12,202
12,290
12,252
12,378
12,112
12,308
12,156
12,273
12,836
3,1096
12,204
12,230
12,265
12,65
12,881
12,229
12,448
12,163
12,222
12,97
12,171
12,89
12,755
12,69
9,335
12,88
12,678
12,287
12,241
12,179
12,127
12,140
12,276
12,212
12,203
12,492
12,200
12,476
12,92
12,353
12,547
12,165
12,262
12,317
12,570
12,192
12,184
12,531
12,615
12,653
5,346
12,796
12,329
12,324
12,849
12,240
12,300
12,248
12,417
12,306
12,344
12,634
12,185
12,616
12,307
12,707
12,178
12,301
12,628
12,243
12,939
12,907
12,450
12,409
12,414
12,272
12,161
12,446
12,482
12,1159
12,706
12,253
12,264
12,490
12,951
12,603
12,423
12,398
12,413
12,1127
12,613
12,365
22,444
12,463
12,170
12,259
12,274
12,137
12,94
12,174
12,169
12,71
12,64
12,258
12,516
12,382
12,183
12,208
27,480
12,108
12,138
12,838
12,368
12,700
10,176
12,103
12,249
12,109
12,250
12,117
12,742
12,931
12,131
12,373
12,110
12,130
12,56
12,211
12,99
12,464
12,694
12,757
12,1155
12,1026
12,756
12,1025
12,622
12,1035
12,714
12,639
12,356
12,759
12,316
12,396
9,607
12,1181
12,739
12,559
12,533
12,1108
12,508
12,521
12,644
12,761
12,1065
12,619
12,331
12,661
5,606
12,168
12,455
12,614
12,741
12,555
12,406
12,782
12,525
12,519
12,726
12,963
26,231
12,693
12,673
12,804
12,1037
12,914
12,453
12,534
12,381
12,563
12,391
12,372
12,770
12,597
12,803
12,887
12,965
12,748
12,945
12,553
12,336
12,425
12,778
12,528
12,819
12,537
12,1201
12,1012
12,1013
12,950
12,451
12,599
12,278
12,495
12,637
12,728
12,361
12,467
12,901
12,330
12,197
12,975
12,1039
12,1203
12,461
12,868
12,1233
12,342
12,293
12,575
5,1019
12,291
12,181
12,195
12,111
12,216
12,251
10,648
12,436
12,457
12,364
12,470
12,392
12,808
12,478
12,900
12,389
12,1007
12,1172
12,1193
12,36
12,66
12,13
12,74
12,37
12,124
20,35
12,58
12,22
12,177
12,75
12,30
12,45
12,39
12,43
12,53
12,115
12,664
12,125
12,199
12,40
12,73
12,15
12,989
12,61
12,23
12,33
12,383
12,299
12,19
12,20
12,28
12,10
12,50
12,42
12,52
12,55
12,102
12,404
12,284
12,447
12,126
12,215
12,76
12,245
4,175
12,440
12,595
12,410
12,509
12,217
12,44
12,149
12,1066
12,304
12,499
12,332
12,298
12,194
12,227
12,419
11,1186
12,1078
12,167
12,54
12,152
12,187
12,221
12,81
10,1081
12,233
12,114
12,260
11,57
12,483
12,150
15,294
12,370
12,24
12,132
12,3
12,144
12,5
12,7
12,1237
12,9
12,4
12,70
12,2
12,79
12,153
12,14
12,72
12,25
12,8
12,21
12,26
22,51
12,17
12,1238
12,47
12,27
12,424
12,120
12,122
12,134
12,789
12,909
12,397
12,182
12,481
12,630
8,454
12,100
12,101
12,283
12,133
12,207
12,59
12,239
12,268
12,159
12,281
12,62
12,337
12,49
12,718
12,83
12,118
12,191
12,16
12,491
12,146
12,87
12,469
12,123
12,82
12,515
12,80
12,557
12,68
12,295
12,1191
12,879
12,666
12,325
12,992
12,420
12,462
12,1074
12,355
12,136
12,358
12,269
12,67
8,271
12,1117
12,1160
12,438
12,244
12,11
12,18
12,235
12,155
12,237
12,305
12,402
12,116
12,148
12,263
12,34
12,145
12,166
12,205
20,405
12,41
12,985
12,107
12,154
12,923
12,314
11,345
12,113
12,158
12,815
12,142
10,77
12,468
12,377
12,135
12,119
12,29
12,106
12,147
12,1050
12,196
12,1102
12,857
12,479
12,376
12,1179
12,1011
12,687
12,711
12,429
12,699
12,935
12,201
12,873
12,319
12,60
12,162
12,651
12,90
12,369
12,663
12,309
12,643
12,523
12,160
12,48
12,407
12,774
12,226
12,38
12,6
12,359
12,431
12,12
12,32
12,1
12,46
17,31
18,96
