25,135
17,167
2,130
8,219
7,278
39,276
25,223
59,192
21,162
16,325
61,201
58,287
46,343
28,265
21,299
11,319
4,235
12,382
17,341
13,141
7,123
12,182
8,381
4,304
10,395
23,418
7,378
17,448
15,222
4,298
8,349
25,449
58,396
19,87
43,406
47,76
58,455
11,405
7,364
8,397
13,311
28,458
12,463
28,473
58,467
23,13
28,36
12,215
58,153
7,344
58,432
39,438
13,371
39,322
4,279
21,216
58,194
23,307
28,294
59,121
59,208
10,470
43,421
22,474
21,54
58,6
23,52
28,303
7,138
31,224
58,380
58,433
23,63
22,110
58,331
54,379
31,315
22,35
59,353
7,246
31,321
58,360
28,317
31,392
28,146
58,372
54,269
12,180
59,460
28,387
13,206
31,189
7,273
21,383
28,231
28,357
59,242
18,476
31,258
19,237
58,184
58,106
59,103
28,115
19,114
59,156
31,295
28,89
58,462
43,339
58,61
6,176
58,79
59,97
59,197
12,165
13,318
21,227
23,290
21,270
37,388
7,301
52,400
58,284
19,232
28,267
58,347
10,257
31,183
52,332
6,209
6,255
13,291
23,217
52,327
28,384
28,158
39,456
23,239
28,316
52,359
31,305
4,8
31,342
28,60
40,401
58,336
28,323
31,187
28,233
28,252
23,157
47,101
28,124
28,296
59,171
58,72
59,49
7,179
62,127
28,109
52,57
5,113
31,37
59,166
58,147
52,86
58,45
23,111
28,82
58,186
58,102
6,33
31,168
28,71
59,51
19,320
23,66
58,75
41,172
23,408
52,12
59,454
59,361
31,466
58,338
58,414
11,160
32,459
8,354
7,461
52,434
31,11
37,425
21,377
28,398
59,435
10,285
6,328
28,90
52,196
28,281
28,253
19,211
28,203
33,272
28,329
37,247
59,429
28,345
28,245
18,236
28,370
28,373
47,148
37,261
59,251
19,250
52,404
22,170
28,243
50,326
52,140
39,205
8,260
13,221
59,126
28,154
31,155
21,14
34,293
59,375
58,202
18,42
52,297
28,367
59,175
23,362
59,145
7,210
19,150
35,151
28,200
18,161
28,83
42,96
28,207
23,213
18,137
28,214
28,330
58,104
28,108
23,59
59,313
6,85
59,47
59,95
31,136
28,228
28,68
31,44
8,300
19,366
52,363
23,457
59,465
6,444
41,346
59,259
22,283
28,144
32,142
19,174
25,314
52,193
21,149
52,164
37,262
25,356
28,185
19,81
31,92
59,107
28,229
21,129
52,70
6,84
6,352
59,77
59,99
18,351
28,306
37,58
59,139
58,248
28,119
50,152
52,238
28,181
59,374
23,254
39,302
53,134
59,310
30,169
37,451
18,427
15,73
23,67
48,26
8,46
28,178
31,391
43,266
59,440
40,424
59,422
52,348
58,416
42,7
44,478
58,32
18,280
52,1
28,376
59,275
28,439
28,389
28,446
43,407
59,472
9,218
6,204
6,241
59,264
18,274
56,105
59,100
14,177
52,282
59,125
52,368
45,442
28,34
27,369
59,420
24,355
55,244
14,98
30,234
31,249
42,337
62,324
18,308
31,402
35,212
6,292
59,413
42,65
57,56
28,195
29,230
49,9
6,415
28,94
28,394
19,15
19,277
28,286
44,118
40,120
28,436
23,417
28,64
25,78
63,74
51,220
43,426
39,477
53,271
52,410
34,365
59,334
4,335
17,412
33,288
59,112
26,132
10,464
23,256
40,431
1,358
21,173
51,268
55,131
48,447
28,468
8,199
59,289
59,471
18,445
15,163
28,430
49,27
54,21
26,80
58,423
16,93
6,191
8,50
6,69
20,240
56,122
21,39
25,159
21,5
51,31
4,40
19,23
37,263
24,4
7,225
24,411
63,312
22,469
23,190
13,399
28,333
5,437
6,62
45,128
39,198
60,390
28,25
21,30
9,24
45,17
25,55
24,143
1,450
19,385
3,419
27,41
5,20
26,428
6,133
51,117
55,226
4,453
23,91
3,53
13,43
58,48
49,22
59,18
29,88
48,116
62,16
33,38
60,188
59,309
46,403
6,29
27,340
57,350
46,441
6,393
8,3
37,452
5,443
26,19
46,28
38,386
16,2
36,409
22,475
25,10
