59,374
76,735
76,664
33,665
37,710
33,704
21,660
76,326
17,699
58,672
16,650
26,602
32,356
92,540
41,667
33,599
59,617
41,638
47,716
67,695
61,655
60,693
21,555
60,627
60,697
16,696
43,621
30,588
59,604
61,589
15,132
3,570
33,259
40,289
48,401
16,571
19,56
48,622
70,568
60,493
59,728
52,647
35,709
43,734
16,670
16,629
59,714
42,715
78,700
45,686
60,720
35,712
63,579
66,536
59,631
16,541
74,293
16,637
33,733
16,731
19,633
71,657
76,603
33,616
16,576
90,479
52,572
48,598
89,452
26,587
63,724
49,623
61,727
16,708
60,711
90,674
69,651
90,600
67,713
45,565
74,702
34,701
76,634
76,684
43,654
59,669
69,630
47,680
47,543
59,510
47,492
60,594
60,561
63,721
43,546
16,641
68,258
63,535
92,460
31,688
60,642
38,692
16,433
60,517
8,521
60,440
54,485
75,482
16,624
52,325
18,564
59,529
49,620
38,530
61,575
59,26
67,671
48,658
14,321
16,656
59,628
81,524
60,538
13,478
60,126
16,380
19,198
20,218
17,367
67,430
68,416
16,409
79,539
72,498
53,652
59,368
59,515
30,648
45,501
30,406
9,109
35,509
43,673
42,668
16,593
19,698
5,690
20,542
35,608
62,488
84,646
52,581
16,606
77,679
90,722
51,247
20,96
64,360
65,534
16,338
31,580
59,643
82,619
57,551
51,459
18,601
50,613
59,442
41,516
13,456
82,46
51,591
37,188
70,508
60,649
64,103
59,424
17,322
76,553
73,566
4,635
8,585
21,502
16,717
59,597
41,489
27,659
16,514
27,560
70,499
6,567
33,497
45,388
45,494
47,145
21,398
12,473
16,435
56,413
19,486
61,454
77,531
21,662
79,389
22,339
58,528
39,470
52,120
47,309
72,429
59,436
91,420
78,396
70,350
4,507
59,372
41,294
16,184
19,242
90,385
60,300
1,487
47,618
20,523
14,316
20,370
19,466
62,450
60,65
16,395
51,519
93,513
59,36
10,58
78,45
59,563
19,160
16,677
19,644
51,544
21,490
16,547
76,341
59,353
16,462
76,60
16,74
60,245
60,153
69,586
21,506
61,449
52,314
68,477
63,238
45,329
59,511
16,392
16,549
70,432
33,362
60,504
59,292
77,505
6,394
1,277
76,354
16,554
86,230
9,471
9,422
59,483
91,268
19,343
64,11
35,330
16,9
52,423
19,129
2,481
47,178
83,290
59,225
80,439
84,119
59,31
24,166
45,111
16,170
14,324
59,550
16,315
16,124
16,375
7,303
78,61
19,146
45,384
76,319
16,200
87,219
90,279
19,311
46,467
94,469
60,444
47,453
59,127
16,334
52,455
19,274
79,227
10,239
16,474
13,237
16,37
55,297
24,148
19,226
59,157
16,224
16,128
59,520
13,661
16,345
16,7
59,23
48,203
16,251
16,241
59,196
59,183
60,234
19,426
52,313
59,271
59,141
16,270
16,182
60,105
16,191
22,265
16,295
59,215
20,181
51,147
70,197
11,348
90,573
16,552
76,605
76,415
16,537
16,443
70,512
16,386
46,557
90,412
25,390
16,522
59,187
16,363
27,189
52,558
52,12
47,70
16,451
16,427
60,441
16,491
51,468
16,205
60,342
16,556
19,318
52,287
59,359
60,28
45,138
16,403
51,140
59,100
59,161
19,13
16,6
27,4
36,33
16,16
16,192
27,59
84,64
16,261
76,82
16,52
16,276
16,149
62,142
16,43
90,387
59,102
16,114
77,173
30,5
60,266
60,222
16,280
44,32
60,465
16,582
90,437
77,425
27,336
16,233
76,211
27,361
16,286
90,495
59,636
65,382
16,400
60,607
16,480
17,484
16,323
59,337
10,185
29,331
85,272
16,344
16,383
52,162
16,17
16,136
90,244
16,418
16,615
59,463
90,283
14,545
16,496
23,86
16,291
27,236
19,41
52,320
52,90
79,168
59,257
16,377
16,1
28,112
16,29
19,263
16,116
19,177
16,47
56,475
60,121
16,327
16,216
77,55
16,448
59,308
60,332
59,137
16,206
19,10
23,592
19,457
16,199
16,317
61,107
16,164
19,369
59,249
60,404
16,106
16,248
16,306
59,378
17,373
16,737
16,685
59,405
16,125
16,458
16,421
16,626
16,22
16,262
23,408
16,93
16,340
16,123
59,476
59,518
16,333
16,75
16,92
61,175
16,683
16,229
77,25
16,104
16,40
16,24
16,718
16,51
16,101
16,464
16,569
27,666
16,610
16,574
16,639
16,675
16,625
60,632
16,221
20,73
16,730
27,726
16,676
16,115
91,682
90,691
90,472
16,736
16,596
16,583
16,577
84,500
90,611
16,612
16,252
16,201
27,30
16,21
16,19
16,89
16,91
16,209
16,366
16,88
59,281
16,223
16,195
90,307
16,118
13,68
16,35
27,328
16,38
16,379
16,50
24,194
27,256
27,80
90,288
16,139
16,298
90,193
16,304
16,357
16,85
16,44
16,143
16,27
60,95
16,407
16,278
16,445
27,584
60,364
16,365
16,253
61,67
90,446
16,152
16,208
16,110
59,335
61,431
52,376
16,310
16,42
16,346
16,172
16,165
92,381
16,156
56,240
16,231
16,371
89,135
61,72
16,113
16,167
16,217
16,18
16,15
16,186
16,169
16,144
27,48
16,34
59,207
16,2
90,84
60,267
61,246
61,393
16,243
88,299
59,414
16,8
16,83
16,3
16,351
16,63
16,179
16,352
16,57
16,81
60,108
60,202
16,503
16,411
16,402
16,154
16,264
60,461
16,204
16,133
16,312
59,447
16,49
16,296
60,213
91,235
16,122
16,284
16,355
16,174
86,190
16,347
16,39
16,260
16,214
16,62
16,210
16,134
91,87
16,77
16,250
16,79
16,130
16,20
16,117
16,97
20,254
16,131
93,180
16,159
16,419
60,54
16,94
16,98
16,53
16,255
16,71
16,158
16,176
16,275
60,397
61,228
16,150
90,723
16,548
16,76
91,527
61,706
60,438
16,562
60,732
16,66
90,78
16,725
90,578
16,703
61,410
16,434
16,707
90,694
16,349
16,705
16,533
16,719
16,417
16,689
16,220
16,399
90,729
16,559
90,155
90,678
90,302
16,687
16,358
16,609
16,526
16,273
16,681
16,653
16,525
16,212
16,640
60,595
90,69
16,590
16,99
16,14
90,663
16,232
90,305
61,614
16,301
16,151
90,391
61,285
16,532
90,428
16,645
16,269
16,163
61,171
60,282
