15,374
21,735
21,664
10,665
11,710
10,704
6,660
21,326
5,699
15,672
5,650
7,602
9,356
25,540
12,667
10,599
15,617
12,638
13,716
19,695
15,655
15,693
6,555
15,627
15,697
5,696
13,621
8,588
15,604
15,589
5,132
2,570
10,259
12,289
13,401
5,571
6,56
13,622
19,568
15,493
15,728
14,647
10,709
13,734
5,670
5,629
15,714
12,715
21,700
13,686
15,720
10,712
17,579
18,536
15,631
5,541
21,293
5,637
10,733
5,731
6,633
19,657
21,603
10,616
5,576
25,479
14,572
13,598
25,452
7,587
17,724
14,623
15,727
5,708
15,711
25,674
19,651
25,600
19,713
13,565
21,702
10,701
21,634
21,684
13,654
15,669
19,630
13,680
13,543
15,510
13,492
15,594
15,561
17,721
13,546
5,641
19,258
17,535
25,460
8,688
15,642
11,692
5,433
15,517
3,521
15,440
15,485
21,482
5,624
14,325
5,564
15,529
14,620
11,530
15,575
15,26
19,671
13,658
5,321
5,656
15,628
22,524
15,538
5,478
15,126
5,380
6,198
6,218
5,367
19,430
19,416
5,409
21,539
19,498
14,652
15,368
15,515
8,648
13,501
8,406
3,109
10,509
13,673
12,668
5,593
6,698
3,690
6,542
10,608
16,488
23,646
14,581
5,606
21,679
25,722
14,247
6,96
17,360
18,534
5,338
8,580
15,643
23,619
15,551
14,459
5,601
14,613
15,442
12,516
5,456
23,46
14,591
11,188
19,508
15,649
17,103
15,424
5,322
21,553
20,566
3,635
3,585
6,502
5,717
15,597
12,489
7,659
5,514
7,560
19,499
3,567
10,497
13,388
13,494
13,145
6,398
4,473
5,435
15,413
6,486
15,454
21,531
6,662
21,389
7,339
15,528
12,470
14,120
13,309
19,429
15,436
25,420
21,396
19,350
3,507
15,372
12,294
5,184
6,242
25,385
15,300
1,487
13,618
6,523
5,316
6,370
6,466
16,450
15,65
5,395
14,519
25,513
15,36
3,58
21,45
15,563
6,160
5,677
6,644
14,544
6,490
5,547
21,341
15,353
5,462
21,60
5,74
15,245
15,153
19,586
6,506
15,449
14,314
19,477
17,238
13,329
15,511
5,392
5,549
19,432
10,362
15,504
15,292
21,505
3,394
1,277
21,354
5,554
23,230
3,471
3,422
15,483
25,268
6,343
17,11
10,330
5,9
14,423
6,129
1,481
13,178
23,290
15,225
22,439
23,119
15,31
7,166
13,111
5,170
5,324
15,550
5,315
5,124
5,375
3,303
21,61
6,146
13,384
21,319
5,200
24,219
25,279
6,311
13,467
26,469
15,444
13,453
15,127
5,334
14,455
6,274
21,227
3,239
5,474
5,237
5,37
15,297
7,148
6,226
15,157
5,224
5,128
15,520
5,661
5,345
5,7
15,23
13,203
5,251
5,241
15,196
15,183
15,234
6,426
14,313
15,271
15,141
5,270
5,182
15,105
5,191
7,265
5,295
15,215
6,181
14,147
19,197
4,348
25,573
5,552
21,605
21,415
5,537
5,443
19,512
5,386
13,557
25,412
7,390
5,522
15,187
5,363
7,189
14,558
14,12
13,70
5,451
5,427
15,441
5,491
14,468
5,205
15,342
5,556
6,318
14,287
15,359
15,28
13,138
5,403
14,140
15,100
15,161
6,13
5,6
7,4
10,33
5,16
5,192
7,59
23,64
5,261
21,82
5,52
5,276
5,149
16,142
5,43
25,387
15,102
5,114
21,173
8,5
15,266
15,222
5,280
13,32
15,465
5,582
25,437
21,425
7,336
5,233
21,211
7,361
5,286
25,495
15,636
18,382
5,400
15,607
5,480
5,484
5,323
15,337
3,185
7,331
23,272
5,344
5,383
14,162
5,17
5,136
25,244
5,418
5,615
15,463
25,283
5,545
5,496
7,86
5,291
7,236
6,41
14,320
14,90
21,168
15,257
5,377
5,1
7,112
5,29
6,263
5,116
6,177
5,47
15,475
15,121
5,327
5,216
21,55
5,448
15,308
15,332
15,137
5,206
6,10
7,592
6,457
5,199
5,317
15,107
5,164
6,369
15,249
15,404
5,106
5,248
5,306
15,378
5,373
5,737
5,685
15,405
5,125
5,458
5,421
5,626
5,22
5,262
7,408
5,93
5,340
5,123
15,476
15,518
5,333
5,75
5,92
15,175
5,683
5,229
21,25
5,104
5,40
5,24
5,718
5,51
5,101
5,464
5,569
7,666
5,610
5,574
5,639
5,675
5,625
15,632
5,221
6,73
5,730
7,726
5,676
5,115
25,682
25,691
25,472
5,736
5,596
5,583
5,577
23,500
25,611
5,612
5,252
5,201
7,30
5,21
5,19
5,89
5,91
5,209
5,366
5,88
15,281
5,223
5,195
25,307
5,118
5,68
5,35
7,328
5,38
5,379
5,50
7,194
7,256
7,80
25,288
5,139
5,298
25,193
5,304
5,357
5,85
5,44
5,143
5,27
15,95
5,407
5,278
5,445
7,584
15,364
5,365
5,253
15,67
25,446
5,152
5,208
5,110
15,335
15,431
14,376
5,310
5,42
5,346
5,172
5,165
25,381
5,156
15,240
5,231
5,371
25,135
15,72
5,113
5,167
5,217
5,18
5,15
5,186
5,169
5,144
7,48
5,34
15,207
5,2
25,84
15,267
15,246
15,393
5,243
24,299
15,414
5,8
5,83
5,3
5,351
5,63
5,179
5,352
5,57
5,81
15,108
15,202
5,503
5,411
5,402
5,154
5,264
15,461
5,204
5,133
5,312
15,447
5,49
5,296
15,213
25,235
5,122
5,284
5,355
5,174
23,190
5,347
5,39
5,260
5,214
5,62
5,210
5,134
25,87
5,77
5,250
5,79
5,130
5,20
5,117
5,97
6,254
5,131
25,180
5,159
5,419
15,54
5,94
5,98
5,53
5,255
5,71
5,158
5,176
5,275
15,397
15,228
5,150
25,723
5,548
5,76
25,527
15,706
15,438
5,562
15,732
5,66
25,78
5,725
25,578
5,703
15,410
5,434
5,707
25,694
5,349
5,705
5,533
5,719
5,417
5,689
5,220
5,399
25,729
5,559
25,155
25,678
25,302
5,687
5,358
5,609
5,526
5,273
5,681
5,653
5,525
5,212
5,640
15,595
25,69
5,590
5,99
5,14
25,663
5,232
25,305
15,614
5,301
5,151
25,391
15,285
5,532
25,428
5,645
5,269
5,163
15,171
15,282
