145,374
182,735
180,664
82,665
90,710
82,704
57,660
180,326
43,699
136,672
33,650
66,602
81,356
214,540
95,667
82,599
143,617
95,638
110,716
166,695
154,655
152,693
57,555
152,627
152,697
29,696
99,621
77,588
149,604
154,589
25,132
4,570
82,259
94,289
114,401
37,571
48,56
111,622
172,568
152,493
146,728
124,647
86,709
98,734
37,670
29,629
151,714
97,715
189,700
103,686
152,720
87,712
159,579
165,536
139,631
29,541
177,293
37,637
84,733
36,731
51,633
174,657
180,603
84,616
37,576
207,479
126,572
112,598
205,452
66,587
160,724
116,623
155,727
36,708
152,711
207,674
170,651
207,600
167,713
104,565
177,702
85,701
180,634
182,684
98,654
147,669
170,630
109,680
110,543
148,510
110,492
152,594
152,561
158,721
99,546
29,641
168,258
158,535
213,460
80,688
152,642
92,692
29,433
152,517
11,521
152,440
131,485
178,482
29,624
127,325
45,564
149,529
115,620
92,530
155,575
150,26
166,671
113,658
22,321
28,656
138,628
195,524
152,538
21,478
152,126
29,380
49,198
53,218
44,367
167,430
169,416
29,409
191,539
175,498
130,652
141,368
140,515
77,648
101,501
78,406
13,109
86,509
98,673
97,668
29,593
51,698
7,690
53,542
88,608
157,488
199,646
126,581
36,606
188,679
208,722
122,247
53,96
161,360
164,534
37,338
79,580
142,643
197,619
135,551
120,459
46,601
117,613
148,442
96,516
20,456
196,46
121,591
91,188
173,508
152,649
161,103
150,424
42,322
179,553
176,566
5,635
12,585
56,502
26,717
142,597
95,489
68,659
29,514
73,560
173,499
9,567
83,497
102,388
103,494
107,145
56,398
19,473
29,435
134,413
51,486
154,454
187,531
57,662
191,389
60,339
137,528
93,470
128,120
110,309
175,429
144,436
211,420
189,396
172,350
6,507
138,372
95,294
29,184
51,242
208,385
153,300
1,487
107,618
53,523
24,316
53,370
49,466
156,450
152,65
41,395
118,519
215,513
144,36
16,58
190,45
146,563
49,160
40,677
49,644
118,544
58,490
26,547
181,341
141,353
36,462
182,60
29,74
152,245
152,153
171,586
57,506
154,449
125,314
168,477
160,238
105,329
145,511
29,392
29,549
172,432
84,362
152,504
149,292
185,505
8,394
2,277
182,354
34,554
201,230
15,471
14,422
142,483
212,268
49,343
162,11
87,330
35,9
125,423
52,129
3,481
107,178
198,290
147,225
194,439
199,119
144,31
64,166
101,111
29,170
24,324
146,550
38,315
29,124
26,375
10,303
189,61
47,146
101,384
181,319
27,200
203,219
209,279
51,311
106,467
216,469
152,444
108,453
140,127
28,334
123,455
52,274
192,227
17,239
40,474
20,237
37,37
132,297
63,148
51,226
148,157
29,224
29,128
144,520
20,661
29,345
29,7
138,23
111,203
40,251
33,241
142,196
140,183
152,234
49,426
129,313
144,271
144,141
29,270
29,182
152,105
37,191
59,265
34,295
142,215
55,181
121,147
173,197
18,348
207,573
30,552
180,605
179,415
37,537
35,443
173,512
29,386
106,557
206,412
65,390
29,522
144,187
38,363
73,189
125,558
125,12
109,70
29,451
29,427
152,441
37,491
119,468
26,205
152,342
29,556
51,318
123,287
145,359
152,28
103,138
29,403
120,140
144,100
142,161
51,13
26,6
69,4
89,33
29,16
29,192
67,59
199,64
40,261
183,82
35,52
37,276
32,149
156,142
29,43
208,387
144,102
29,114
186,173
77,5
152,266
152,222
29,280
100,32
152,465
29,582
207,437
186,425
70,336
29,233
181,211
71,361
29,286
208,495
147,636
163,382
31,400
152,607
41,480
43,484
29,323
144,337
16,185
76,331
200,272
28,344
29,383
129,162
38,17
29,136
207,244
29,418
31,615
144,463
207,283
23,545
29,496
61,86
29,291
71,236
50,41
125,320
126,90
193,168
140,257
40,377
37,1
75,112
29,29
50,263
29,116
49,177
29,47
133,475
152,121
29,327
29,216
184,55
37,448
147,308
153,332
144,137
37,206
52,10
62,592
52,457
29,199
41,317
155,107
29,164
49,369
138,249
152,404
40,106
29,248
29,306
144,378
42,373
29,737
41,685
144,405
29,125
29,458
37,421
29,626
29,22
37,262
61,408
29,93
29,340
29,123
144,476
147,518
29,333
29,75
29,92
155,175
29,683
29,229
187,25
38,104
39,40
40,24
30,718
29,51
29,101
29,464
40,569
72,666
37,610
29,574
29,639
29,675
29,625
152,632
37,221
54,73
29,730
67,726
37,676
29,115
212,682
210,691
207,472
29,736
29,596
29,583
29,577
199,500
207,611
29,612
29,252
29,201
71,30
29,21
29,19
29,89
29,91
29,209
29,366
37,88
147,281
29,223
37,195
207,307
38,118
20,68
29,35
71,328
29,38
41,379
29,50
63,194
69,256
74,80
208,288
29,139
29,298
207,193
37,304
29,357
29,85
29,44
29,143
29,27
153,95
29,407
29,278
29,445
71,584
153,364
29,365
29,253
155,67
207,446
29,152
29,208
29,110
144,335
155,431
125,376
29,310
40,42
29,346
29,172
29,165
213,381
29,156
133,240
29,231
29,371
205,135
155,72
29,113
29,167
29,217
29,18
29,15
29,186
29,169
29,144
71,48
29,34
144,207
29,2
210,84
153,267
154,246
154,393
29,243
204,299
147,414
29,8
29,83
37,3
29,351
29,63
29,179
29,352
29,57
29,81
153,108
152,202
29,503
29,411
29,402
29,154
29,264
153,461
29,204
29,133
29,312
144,447
29,49
29,296
153,213
211,235
29,122
29,284
29,355
37,174
202,190
29,347
29,39
29,260
29,214
29,62
29,210
29,134
212,87
29,77
29,250
29,79
29,130
29,20
29,117
29,97
54,254
29,131
215,180
29,159
29,419
153,54
29,94
29,98
29,53
29,255
29,71
29,158
29,176
29,275
153,397
155,228
37,150
209,723
29,548
29,76
212,527
155,706
152,438
29,562
152,732
29,66
206,78
29,725
208,578
29,703
155,410
29,434
29,707
207,694
29,349
29,705
29,533
29,719
29,417
29,689
29,220
29,399
207,729
29,559
207,155
207,678
207,302
29,687
29,358
29,609
29,526
29,273
29,681
29,653
29,525
29,212
29,640
152,595
207,69
29,590
29,99
29,14
207,663
29,232
207,305
155,614
29,301
29,151
208,391
155,285
29,532
207,428
29,645
29,269
29,163
155,171
152,282
