4,374
6,735
6,664
3,665
3,710
3,704
2,660
6,326
2,699
4,672
2,650
2,602
2,356
8,540
4,667
3,599
4,617
4,638
4,716
6,695
4,655
4,693
2,555
4,627
4,697
2,696
4,621
2,588
4,604
4,589
2,132
1,570
3,259
4,289
4,401
2,571
2,56
4,622
6,568
4,493
4,728
4,647
3,709
4,734
2,670
2,629
4,714
4,715
6,700
4,686
4,720
3,712
5,579
6,536
4,631
2,541
6,293
2,637
3,733
2,731
2,633
6,657
6,603
3,616
2,576
8,479
4,572
4,598
8,452
2,587
5,724
4,623
4,727
2,708
4,711
8,674
6,651
8,600
6,713
4,565
6,702
3,701
6,634
6,684
4,654
4,669
6,630
4,680
4,543
4,510
4,492
4,594
4,561
5,721
4,546
2,641
6,258
5,535
8,460
2,688
4,642
3,692
2,433
4,517
2,521
4,440
4,485
6,482
2,624
4,325
2,564
4,529
4,620
3,530
4,575
4,26
6,671
4,658
2,321
2,656
4,628
6,524
4,538
2,478
4,126
2,380
2,198
2,218
2,367
6,430
6,416
2,409
6,539
6,498
4,652
4,368
4,515
2,648
4,501
2,406
2,109
3,509
4,673
4,668
2,593
2,698
2,690
2,542
3,608
5,488
7,646
4,581
2,606
6,679
8,722
4,247
2,96
5,360
6,534
2,338
2,580
4,643
7,619
4,551
4,459
2,601
4,613
4,442
4,516
2,456
7,46
4,591
3,188
6,508
4,649
5,103
4,424
2,322
6,553
6,566
2,635
2,585
2,502
2,717
4,597
4,489
2,659
2,514
2,560
6,499
2,567
3,497
4,388
4,494
4,145
2,398
2,473
2,435
4,413
2,486
4,454
6,531
2,662
6,389
2,339
4,528
4,470
4,120
4,309
6,429
4,436
8,420
6,396
6,350
2,507
4,372
4,294
2,184
2,242
8,385
4,300
1,487
4,618
2,523
2,316
2,370
2,466
5,450
4,65
2,395
4,519
8,513
4,36
2,58
6,45
4,563
2,160
2,677
2,644
4,544
2,490
2,547
6,341
4,353
2,462
6,60
2,74
4,245
4,153
6,586
2,506
4,449
4,314
6,477
5,238
4,329
4,511
2,392
2,549
6,432
3,362
4,504
4,292
6,505
2,394
1,277
6,354
2,554
7,230
2,471
2,422
4,483
8,268
2,343
5,11
3,330
2,9
4,423
2,129
1,481
4,178
7,290
4,225
6,439
7,119
4,31
2,166
4,111
2,170
2,324
4,550
2,315
2,124
2,375
2,303
6,61
2,146
4,384
6,319
2,200
8,219
8,279
2,311
4,467
8,469
4,444
4,453
4,127
2,334
4,455
2,274
6,227
2,239
2,474
2,237
2,37
4,297
2,148
2,226
4,157
2,224
2,128
4,520
2,661
2,345
2,7
4,23
4,203
2,251
2,241
4,196
4,183
4,234
2,426
4,313
4,271
4,141
2,270
2,182
4,105
2,191
2,265
2,295
4,215
2,181
4,147
6,197
2,348
8,573
2,552
6,605
6,415
2,537
2,443
6,512
2,386
4,557
8,412
2,390
2,522
4,187
2,363
2,189
4,558
4,12
4,70
2,451
2,427
4,441
2,491
4,468
2,205
4,342
2,556
2,318
4,287
4,359
4,28
4,138
2,403
4,140
4,100
4,161
2,13
2,6
2,4
3,33
2,16
2,192
2,59
7,64
2,261
6,82
2,52
2,276
2,149
5,142
2,43
8,387
4,102
2,114
6,173
2,5
4,266
4,222
2,280
4,32
4,465
2,582
8,437
6,425
2,336
2,233
6,211
2,361
2,286
8,495
4,636
6,382
2,400
4,607
2,480
2,484
2,323
4,337
2,185
2,331
7,272
2,344
2,383
4,162
2,17
2,136
8,244
2,418
2,615
4,463
8,283
2,545
2,496
2,86
2,291
2,236
2,41
4,320
4,90
6,168
4,257
2,377
2,1
2,112
2,29
2,263
2,116
2,177
2,47
4,475
4,121
2,327
2,216
6,55
2,448
4,308
4,332
4,137
2,206
2,10
2,592
2,457
2,199
2,317
4,107
2,164
2,369
4,249
4,404
2,106
2,248
2,306
4,378
2,373
2,737
2,685
4,405
2,125
2,458
2,421
2,626
2,22
2,262
2,408
2,93
2,340
2,123
4,476
4,518
2,333
2,75
2,92
4,175
2,683
2,229
6,25
2,104
2,40
2,24
2,718
2,51
2,101
2,464
2,569
2,666
2,610
2,574
2,639
2,675
2,625
4,632
2,221
2,73
2,730
2,726
2,676
2,115
8,682
8,691
8,472
2,736
2,596
2,583
2,577
7,500
8,611
2,612
2,252
2,201
2,30
2,21
2,19
2,89
2,91
2,209
2,366
2,88
4,281
2,223
2,195
8,307
2,118
2,68
2,35
2,328
2,38
2,379
2,50
2,194
2,256
2,80
8,288
2,139
2,298
8,193
2,304
2,357
2,85
2,44
2,143
2,27
4,95
2,407
2,278
2,445
2,584
4,364
2,365
2,253
4,67
8,446
2,152
2,208
2,110
4,335
4,431
4,376
2,310
2,42
2,346
2,172
2,165
8,381
2,156
4,240
2,231
2,371
8,135
4,72
2,113
2,167
2,217
2,18
2,15
2,186
2,169
2,144
2,48
2,34
4,207
2,2
8,84
4,267
4,246
4,393
2,243
8,299
4,414
2,8
2,83
2,3
2,351
2,63
2,179
2,352
2,57
2,81
4,108
4,202
2,503
2,411
2,402
2,154
2,264
4,461
2,204
2,133
2,312
4,447
2,49
2,296
4,213
8,235
2,122
2,284
2,355
2,174
7,190
2,347
2,39
2,260
2,214
2,62
2,210
2,134
8,87
2,77
2,250
2,79
2,130
2,20
2,117
2,97
2,254
2,131
8,180
2,159
2,419
4,54
2,94
2,98
2,53
2,255
2,71
2,158
2,176
2,275
4,397
4,228
2,150
8,723
2,548
2,76
8,527
4,706
4,438
2,562
4,732
2,66
8,78
2,725
8,578
2,703
4,410
2,434
2,707
8,694
2,349
2,705
2,533
2,719
2,417
2,689
2,220
2,399
8,729
2,559
8,155
8,678
8,302
2,687
2,358
2,609
2,526
2,273
2,681
2,653
2,525
2,212
2,640
4,595
8,69
2,590
2,99
2,14
8,663
2,232
8,305
4,614
2,301
2,151
8,391
4,285
2,532
8,428
2,645
2,269
2,163
4,171
4,282
