1,26
7,16
6,29
1,15
1,33
1,22
7,12
1,13
1,21
1,31
1,4
1,6
1,32
8,38
1,40
1,24
1,36
1,42
1,20
1,10
1,1
1,39
1,18
1,8
1,5
1,9
1,17
1,19
1,27
9,28
1,34
1,35
1,51
1,25
1,41
1,11
3,23
1,66
1,67
1,94
1,48
1,61
2,113
7,54
3,57
8,53
2,49
2,112
2,110
2,47
1,59
7,55
2,65
2,50
2,107
3,43
2,58
2,64
2,63
3,69
2,60
3,68
3,62
3,45
2,37
2,56
2,92
3,101
3,76
8,70
6,90
4,74
8,86
8,84
8,97
8,105
8,77
8,80
8,91
8,88
8,81
8,102
8,87
8,73
8,14
8,82
8,93
8,83
8,89
8,96
8,46
8,75
8,78
2,103
8,85
8,79
8,95
4,30
6,7
5,2
8,52
8,44
8,114
4,99
8,3
4,71
2,111
4,98
4,104
2,72
4,109
2,106
2,108
6,100
