6,374
9,735
9,664
3,665
3,710
3,704
2,660
9,326
2,699
6,672
2,650
2,602
2,356
11,540
4,667
3,599
6,617
4,638
5,716
8,695
6,655
6,693
2,555
6,627
6,697
2,696
5,621
2,588
6,604
6,589
2,132
1,570
3,259
4,289
5,401
2,571
2,56
5,622
8,568
6,493
6,728
5,647
3,709
5,734
2,670
2,629
6,714
4,715
9,700
5,686
6,720
3,712
7,579
8,536
6,631
2,541
9,293
2,637
3,733
2,731
2,633
8,657
9,603
3,616
2,576
11,479
5,572
5,598
11,452
2,587
7,724
5,623
6,727
2,708
6,711
11,674
8,651
11,600
8,713
5,565
9,702
3,701
9,634
9,684
5,654
6,669
8,630
5,680
5,543
6,510
5,492
6,594
6,561
7,721
5,546
2,641
8,258
7,535
11,460
2,688
6,642
3,692
2,433
6,517
2,521
6,440
6,485
9,482
2,624
5,325
2,564
6,529
5,620
3,530
6,575
6,26
8,671
5,658
2,321
2,656
6,628
9,524
6,538
2,478
6,126
2,380
2,198
2,218
2,367
8,430
8,416
2,409
9,539
8,498
5,652
6,368
6,515
2,648
5,501
2,406
2,109
3,509
5,673
4,668
2,593
2,698
2,690
2,542
3,608
7,488
10,646
5,581
2,606
9,679
11,722
5,247
2,96
7,360
8,534
2,338
2,580
6,643
10,619
6,551
5,459
2,601
5,613
6,442
4,516
2,456
10,46
5,591
3,188
8,508
6,649
7,103
6,424
2,322
9,553
8,566
2,635
2,585
2,502
2,717
6,597
4,489
2,659
2,514
2,560
8,499
2,567
3,497
5,388
5,494
5,145
2,398
2,473
2,435
6,413
2,486
6,454
9,531
2,662
9,389
2,339
6,528
4,470
5,120
5,309
8,429
6,436
11,420
9,396
8,350
2,507
6,372
4,294
2,184
2,242
11,385
6,300
1,487
5,618
2,523
2,316
2,370
2,466
7,450
6,65
2,395
5,519
11,513
6,36
2,58
9,45
6,563
2,160
2,677
2,644
5,544
2,490
2,547
9,341
6,353
2,462
9,60
2,74
6,245
6,153
8,586
2,506
6,449
5,314
8,477
7,238
5,329
6,511
2,392
2,549
8,432
3,362
6,504
6,292
9,505
2,394
1,277
9,354
2,554
10,230
2,471
2,422
6,483
11,268
2,343
7,11
3,330
2,9
5,423
2,129
1,481
5,178
10,290
6,225
9,439
10,119
6,31
2,166
5,111
2,170
2,324
6,550
2,315
2,124
2,375
2,303
9,61
2,146
5,384
9,319
2,200
11,219
11,279
2,311
5,467
11,469
6,444
5,453
6,127
2,334
5,455
2,274
9,227
2,239
2,474
2,237
2,37
6,297
2,148
2,226
6,157
2,224
2,128
6,520
2,661
2,345
2,7
6,23
5,203
2,251
2,241
6,196
6,183
6,234
2,426
5,313
6,271
6,141
2,270
2,182
6,105
2,191
2,265
2,295
6,215
2,181
5,147
8,197
2,348
11,573
2,552
9,605
9,415
2,537
2,443
8,512
2,386
5,557
11,412
2,390
2,522
6,187
2,363
2,189
5,558
5,12
5,70
2,451
2,427
6,441
2,491
5,468
2,205
6,342
2,556
2,318
5,287
6,359
6,28
5,138
2,403
5,140
6,100
6,161
2,13
2,6
2,4
3,33
2,16
2,192
2,59
10,64
2,261
9,82
2,52
2,276
2,149
7,142
2,43
11,387
6,102
2,114
9,173
2,5
6,266
6,222
2,280
5,32
6,465
2,582
11,437
9,425
2,336
2,233
9,211
2,361
2,286
11,495
6,636
8,382
2,400
6,607
2,480
2,484
2,323
6,337
2,185
2,331
10,272
2,344
2,383
5,162
2,17
2,136
11,244
2,418
2,615
6,463
11,283
2,545
2,496
2,86
2,291
2,236
2,41
5,320
5,90
9,168
6,257
2,377
2,1
2,112
2,29
2,263
2,116
2,177
2,47
6,475
6,121
2,327
2,216
9,55
2,448
6,308
6,332
6,137
2,206
2,10
2,592
2,457
2,199
2,317
6,107
2,164
2,369
6,249
6,404
2,106
2,248
2,306
6,378
2,373
2,737
2,685
6,405
2,125
2,458
2,421
2,626
2,22
2,262
2,408
2,93
2,340
2,123
6,476
6,518
2,333
2,75
2,92
6,175
2,683
2,229
9,25
2,104
2,40
2,24
2,718
2,51
2,101
2,464
2,569
2,666
2,610
2,574
2,639
2,675
2,625
6,632
2,221
2,73
2,730
2,726
2,676
2,115
11,682
11,691
11,472
2,736
2,596
2,583
2,577
10,500
11,611
2,612
2,252
2,201
2,30
2,21
2,19
2,89
2,91
2,209
2,366
2,88
6,281
2,223
2,195
11,307
2,118
2,68
2,35
2,328
2,38
2,379
2,50
2,194
2,256
2,80
11,288
2,139
2,298
11,193
2,304
2,357
2,85
2,44
2,143
2,27
6,95
2,407
2,278
2,445
2,584
6,364
2,365
2,253
6,67
11,446
2,152
2,208
2,110
6,335
6,431
5,376
2,310
2,42
2,346
2,172
2,165
11,381
2,156
6,240
2,231
2,371
11,135
6,72
2,113
2,167
2,217
2,18
2,15
2,186
2,169
2,144
2,48
2,34
6,207
2,2
11,84
6,267
6,246
6,393
2,243
11,299
6,414
2,8
2,83
2,3
2,351
2,63
2,179
2,352
2,57
2,81
6,108
6,202
2,503
2,411
2,402
2,154
2,264
6,461
2,204
2,133
2,312
6,447
2,49
2,296
6,213
11,235
2,122
2,284
2,355
2,174
10,190
2,347
2,39
2,260
2,214
2,62
2,210
2,134
11,87
2,77
2,250
2,79
2,130
2,20
2,117
2,97
2,254
2,131
11,180
2,159
2,419
6,54
2,94
2,98
2,53
2,255
2,71
2,158
2,176
2,275
6,397
6,228
2,150
11,723
2,548
2,76
11,527
6,706
6,438
2,562
6,732
2,66
11,78
2,725
11,578
2,703
6,410
2,434
2,707
11,694
2,349
2,705
2,533
2,719
2,417
2,689
2,220
2,399
11,729
2,559
11,155
11,678
11,302
2,687
2,358
2,609
2,526
2,273
2,681
2,653
2,525
2,212
2,640
6,595
11,69
2,590
2,99
2,14
11,663
2,232
11,305
6,614
2,301
2,151
11,391
6,285
2,532
11,428
2,645
2,269
2,163
6,171
6,282
