4,833
4,565
11,831
4,845
7,640
11,769
11,767
4,682
4,739
3,713
3,797
4,832
11,732
4,762
7,691
4,642
4,756
11,795
4,367
10,711
1,776
7,810
4,671
4,607
11,747
9,822
4,318
7,494
11,669
3,853
4,847
4,818
4,751
9,114
11,687
6,793
11,731
11,608
2,559
2,645
4,707
4,353
4,839
6,771
11,543
7,750
6,723
4,322
4,689
11,763
4,817
11,714
4,709
6,802
4,676
4,746
9,653
11,598
4,573
10,184
6,748
11,179
2,782
6,638
4,675
4,571
4,761
4,579
11,595
7,485
11,304
9,646
9,719
11,778
11,619
11,672
9,615
11,734
4,555
11,764
4,774
4,848
7,668
7,677
11,216
4,212
2,695
4,685
11,305
4,820
8,605
4,686
4,826
4,787
11,841
11,789
7,825
6,819
7,840
2,704
6,416
11,792
11,850
6,829
4,575
4,790
10,712
7,814
4,737
4,740
4,532
4,170
11,568
4,588
11,48
4,550
4,566
4,754
10,547
7,843
4,718
4,725
6,816
11,849
7,806
4,661
4,842
4,437
11,824
4,429
4,652
4,462
4,259
4,518
11,94
4,524
6,19
4,109
9,479
6,478
4,567
4,9
11,326
4,246
11,604
2,618
4,692
11,226
4,422
7,558
11,766
7,267
11,639
8,445
11,800
11,17
7,378
11,727
4,418
4,770
4,328
11,706
6,384
11,374
4,253
7,643
4,234
6,345
4,854
4,670
4,830
4,59
4,131
11,681
2,745
9,852
11,696
7,834
4,779
4,773
7,637
2,708
11,610
4,683
4,512
2,557
4,520
4,654
4,625
4,611
9,626
7,499
4,563
9,393
6,634
11,587
7,589
11,651
4,535
10,562
7,678
11,743
4,585
11,757
11,622
6,788
4,693
4,530
4,118
9,442
4,702
4,703
4,721
4,541
4,656
4,755
2,684
4,781
4,516
6,627
4,644
4,722
11,453
11,522
4,255
4,556
4,423
4,657
4,796
6,837
4,309
6,443
4,600
4,552
8,803
4,738
4,597
6,663
11,617
4,574
6,635
4,591
11,649
5,716
11,705
4,623
6,780
7,641
4,760
6,694
2,580
6,724
4,630
11,458
4,799
4,648
4,759
11,658
4,667
4,477
11,504
2,551
4,592
4,741
4,513
4,472
4,544
4,596
11,459
4,469
4,167
4,444
7,515
11,377
6,338
4,2
7,8
6,435
4,295
4,528
9,401
11,386
4,380
11,534
6,385
7,249
8,55
2,381
4,427
4,483
4,362
1,388
4,390
11,475
4,317
4,144
4,468
6,237
2,187
6,484
6,315
4,449
4,564
4,726
4,465
4,481
6,599
4,700
4,578
8,620
4,323
6,749
4,583
7,116
4,577
6,594
4,768
4,394
4,343
11,169
1,433
4,329
4,344
4,199
2,744
4,283
4,398
4,265
4,506
4,222
4,519
4,655
4,81
6,440
4,375
7,349
6,330
4,526
11,498
6,662
4,650
2,493
4,432
4,266
4,365
4,276
4,12
4,136
4,229
11,68
2,368
4,90
4,133
4,476
4,364
6,537
4,279
6,402
4,209
11,132
3,141
4,348
2,400
4,570
4,614
4,680
4,542
4,452
2,51
11,32
6,193
11,715
6,511
4,593
4,752
11,473
4,569
4,601
10,492
4,502
4,501
11,404
11,327
4,730
4,728
4,697
4,572
4,447
3,391
4,436
4,497
4,742
4,508
4,673
11,772
7,699
11,688
4,733
4,586
4,431
4,603
4,500
4,523
4,214
11,263
4,576
7,293
11,42
11,306
2,439
11,221
7,126
4,122
11,41
4,134
4,233
11,92
4,121
7,270
4,357
2,185
4,56
4,448
2,303
11,514
11,308
4,406
6,335
4,49
4,257
4,609
4,415
4,236
11,584
4,67
4,366
4,482
11,66
4,142
4,710
4,173
4,110
4,190
4,161
4,413
11,127
4,180
4,271
4,313
7,138
11,546
4,290
4,147
11,231
11,23
4,631
11,616
4,488
4,346
11,208
4,521
4,268
4,387
2,33
4,1
4,302
4,311
4,347
4,213
12,93
11,392
4,399
4,296
11,549
4,128
4,188
4,529
4,242
4,53
4,79
4,165
4,43
4,403
4,621
4,430
2,582
11,495
4,227
11,505
11,291
7,525
4,503
4,679
4,456
4,215
11,218
4,461
4,171
4,319
4,203
4,517
4,420
4,510
4,355
4,333
4,331
7,467
4,86
11,735
4,82
4,480
4,613
4,647
4,354
4,466
4,441
4,228
4,111
4,352
4,341
4,359
4,463
4,105
4,260
4,24
4,256
11,280
4,324
4,264
4,117
7,112
4,297
11,4
4,240
4,189
7,160
4,106
11,14
7,211
11,88
4,27
4,130
4,289
4,159
11,225
4,31
4,272
6,16
4,65
4,149
4,332
4,207
7,172
11,219
4,244
4,561
4,312
4,241
4,252
2,247
6,278
4,371
4,250
4,548
4,428
4,195
4,275
4,64
4,232
4,300
4,168
4,298
4,337
4,307
4,358
4,238
4,104
4,340
4,101
4,36
11,301
4,316
4,334
4,137
4,123
4,356
4,61
4,163
4,54
2,140
4,98
4,44
4,220
4,47
4,285
4,373
4,230
4,206
4,784
4,855
4,539
11,861
4,28
4,808
4,720
2,450
4,46
4,851
4,785
4,99
4,181
7,152
4,108
4,97
4,277
4,192
4,813
4,70
4,5
4,22
4,659
4,857
4,660
7,15
4,859
4,166
4,314
2,178
2,828
4,83
4,407
7,248
11,197
4,273
4,201
11,531
4,860
4,157
4,396
4,120
4,821
4,701
4,286
4,805
4,777
4,823
4,632
4,612
4,84
4,419
4,674
4,624
4,815
4,336
4,125
4,858
4,507
4,801
7,835
7,536
4,758
4,698
4,150
11,553
7,491
11,412
4,665
4,287
4,154
4,235
4,310
4,91
4,451
7,269
4,540
4,666
4,85
4,405
4,370
4,460
4,581
4,471
4,414
4,408
4,274
4,446
4,496
4,261
4,434
11,35
4,25
4,360
4,89
4,45
4,487
4,177
4,74
7,425
4,664
4,155
7,143
4,129
4,527
4,58
4,243
4,145
4,6
4,490
4,113
4,75
4,103
4,38
4,62
4,80
4,205
4,18
2,254
4,115
4,148
7,223
4,151
4,37
4,294
4,29
4,69
4,198
4,162
4,164
2,489
4,636
4,383
4,282
4,438
4,602
4,633
2,95
4,417
4,409
4,204
4,538
4,509
4,71
4,457
4,382
4,426
4,339
4,96
4,350
4,554
4,690
4,76
4,411
2,376
4,196
4,284
4,474
4,454
7,153
4,202
4,13
4,124
4,239
4,245
4,455
2,135
4,52
4,258
4,320
4,397
4,395
4,224
4,156
4,78
4,158
1,102
4,183
7,545
4,533
4,3
4,372
4,174
4,7
2,50
7,379
7,107
2,119
4,60
4,20
4,200
4,470
2,26
4,73
4,139
3,281
4,191
4,194
4,72
2,77
4,34
4,210
7,176
4,57
4,606
2,838
7,836
4,560
2,765
7,351
2,63
4,844
2,629
2,811
7,421
4,464
7,827
4,717
4,175
4,809
4,410
4,590
7,846
4,363
7,804
4,783
4,251
4,39
2,486
7,856
4,40
4,182
4,812
4,369
4,146
4,262
7,342
2,807
4,736
2,217
4,753
4,791
4,288
4,786
4,325
2,87
4,424
2,729
4,186
4,299
4,798
4,628
7,100
4,321
4,21
4,775
7,292
2,10
7,794
7,389
7,30
7,361
7,11
