14,833
13,565
30,831
14,845
21,640
34,769
29,767
13,682
13,739
9,713
8,797
13,832
31,732
15,762
21,691
11,642
13,756
35,795
13,367
28,711
2,776
21,810
14,671
14,607
33,747
26,822
11,318
21,494
36,669
8,853
11,847
14,818
14,751
26,114
33,687
18,793
36,731
35,608
4,559
4,645
14,707
14,353
14,839
20,771
33,543
21,750
20,723
13,322
14,689
29,763
14,817
30,714
14,709
17,802
13,676
14,746
25,653
32,598
13,573
27,184
17,748
35,179
4,782
19,638
11,675
14,571
14,761
13,579
36,595
21,485
31,304
26,646
26,719
33,778
35,619
31,672
26,615
30,734
14,555
35,764
13,774
14,848
21,668
21,677
33,216
14,212
5,695
15,685
33,305
13,820
24,605
14,686
14,826
13,787
31,841
31,789
21,825
17,819
21,840
7,704
18,416
30,792
35,850
18,829
14,575
15,790
27,712
21,814
13,737
14,740
14,532
14,170
35,568
13,588
35,48
13,550
14,566
13,754
27,547
21,843
14,718
14,725
18,816
31,849
21,806
14,661
14,842
14,437
32,824
11,429
13,652
13,462
13,259
14,518
31,94
13,524
18,19
14,109
26,479
17,478
14,567
14,9
33,326
13,246
34,604
4,618
14,692
35,226
12,422
21,558
35,766
21,267
31,639
23,445
33,800
30,17
21,378
30,727
11,418
14,770
14,328
36,706
17,384
36,374
14,253
21,643
13,234
19,345
13,854
13,670
14,830
10,59
14,131
29,681
4,745
25,852
33,696
21,834
13,779
14,773
21,637
4,708
30,610
13,683
14,512
3,557
13,520
14,654
14,625
14,611
26,626
21,499
14,563
26,393
19,634
31,587
21,589
36,651
13,535
28,562
21,678
31,743
14,585
31,757
35,622
20,788
10,693
14,530
13,118
26,442
15,702
13,703
14,721
14,541
14,656
13,755
4,684
14,781
10,516
20,627
14,644
13,722
35,453
30,522
11,255
13,556
14,423
14,657
13,796
20,837
14,309
19,443
14,600
13,552
23,803
14,738
13,597
18,663
31,617
14,574
19,635
14,591
32,649
16,716
31,705
13,623
19,780
21,641
13,760
19,694
4,580
19,724
13,630
35,458
13,799
14,648
14,759
30,658
13,667
14,477
33,504
4,551
14,592
14,741
13,513
13,472
13,544
14,596
33,459
14,469
14,167
11,444
21,515
33,377
19,338
13,2
21,8
19,435
13,295
14,528
26,401
31,386
13,380
31,534
20,385
21,249
23,55
4,381
11,427
14,483
14,362
1,388
14,390
36,475
13,317
14,144
14,468
19,237
6,187
19,484
18,315
14,449
14,564
13,726
13,465
14,481
18,599
14,700
13,578
23,620
14,323
19,749
14,583
21,116
13,577
18,594
13,768
13,394
14,343
30,169
2,433
13,329
13,344
14,199
5,744
13,283
14,398
13,265
13,506
13,222
14,519
10,655
14,81
18,440
14,375
21,349
19,330
13,526
31,498
18,662
14,650
4,493
13,432
13,266
13,365
14,276
14,12
14,136
13,229
31,68
4,368
14,90
13,133
14,476
14,364
18,537
14,279
18,402
14,209
33,132
8,141
13,348
4,400
13,570
13,614
14,680
13,542
13,452
4,51
33,32
19,193
29,715
20,511
13,593
13,752
31,473
13,569
13,601
27,492
13,502
13,501
31,404
31,327
13,730
13,728
13,697
14,572
13,447
9,391
13,436
14,497
14,742
13,508
13,673
30,772
21,699
30,688
13,733
14,586
14,431
13,603
13,500
14,523
14,214
33,263
14,576
21,293
33,42
31,306
4,439
31,221
22,126
14,122
33,41
14,134
13,233
31,92
13,121
21,270
14,357
4,185
13,56
13,448
5,303
33,514
31,308
13,406
19,335
13,49
14,257
14,609
13,415
13,236
33,584
13,67
14,366
13,482
31,66
14,142
13,710
14,173
13,110
13,190
13,161
13,413
33,127
14,180
14,271
13,313
21,138
33,546
14,290
13,147
31,231
31,23
14,631
31,616
13,488
13,346
33,208
14,521
13,268
14,387
4,33
13,1
14,302
14,311
13,347
13,213
37,93
33,392
13,399
14,296
31,549
13,128
13,188
13,529
13,242
13,53
14,79
13,165
14,43
13,403
13,621
13,430
4,582
33,495
14,227
31,505
34,291
22,525
14,503
13,679
13,456
14,215
33,218
14,461
13,171
13,319
14,203
14,517
14,420
14,510
13,355
14,333
13,331
21,467
14,86
31,735
14,82
14,480
13,613
13,647
14,354
13,466
13,441
14,228
13,111
13,352
13,341
14,359
13,463
14,105
13,260
14,24
13,256
32,280
13,324
14,264
13,117
21,112
13,297
30,4
13,240
13,189
21,160
13,106
31,14
21,211
33,88
13,27
14,130
13,289
13,159
30,225
14,31
13,272
19,16
14,65
13,149
13,332
13,207
22,172
31,219
13,244
13,561
13,312
13,241
13,252
4,247
19,278
13,371
13,250
13,548
13,428
13,195
13,275
13,64
14,232
14,300
13,168
14,298
13,337
13,307
13,358
14,238
13,104
13,340
13,101
13,36
33,301
14,316
13,334
14,137
13,123
14,356
13,61
13,163
13,54
4,140
13,98
13,44
14,220
13,47
13,285
13,373
13,230
13,206
13,784
13,855
14,539
31,861
14,28
13,808
13,720
4,450
13,46
13,851
14,785
13,99
13,181
21,152
14,108
14,97
13,277
14,192
13,813
13,70
13,5
13,22
14,659
13,857
13,660
21,15
13,859
13,166
13,314
6,178
4,828
13,83
14,407
21,248
31,197
13,273
13,201
31,531
13,860
13,157
13,396
13,120
13,821
13,701
13,286
13,805
13,777
13,823
14,632
13,612
13,84
13,419
13,674
13,624
13,815
13,336
13,125
13,858
13,507
13,801
21,835
21,536
13,758
13,698
13,150
33,553
22,491
33,412
13,665
13,287
13,154
13,235
13,310
13,91
14,451
21,269
13,540
13,666
13,85
13,405
14,370
14,460
13,581
13,471
13,414
13,408
13,274
13,446
13,496
14,261
13,434
31,35
13,25
13,360
13,89
13,45
13,487
13,177
14,74
21,425
14,664
13,155
21,143
13,129
13,527
13,58
13,243
13,145
13,6
13,490
13,113
14,75
13,103
13,38
13,62
13,80
14,205
13,18
4,254
13,115
13,148
21,223
13,151
13,37
13,294
13,29
13,69
13,198
13,162
14,164
3,489
14,636
13,383
13,282
14,438
13,602
14,633
4,95
13,417
13,409
13,204
13,538
13,509
14,71
13,457
13,382
13,426
13,339
13,96
13,350
13,554
13,690
13,76
14,411
4,376
13,196
13,284
13,474
13,454
21,153
13,202
13,13
13,124
13,239
13,245
13,455
4,135
13,52
13,258
13,320
13,397
13,395
13,224
14,156
13,78
13,158
1,102
13,183
21,545
13,533
13,3
13,372
13,174
13,7
4,50
21,379
21,107
5,119
13,60
13,20
13,200
13,470
4,26
13,73
13,139
9,281
13,191
13,194
13,72
6,77
13,34
13,210
21,176
13,57
13,606
4,838
21,836
13,560
4,765
21,351
4,63
13,844
4,629
4,811
21,421
13,464
21,827
13,717
13,175
13,809
13,410
13,590
21,846
13,363
21,804
13,783
13,251
13,39
4,486
21,856
13,40
13,182
13,812
13,369
13,146
13,262
21,342
4,807
13,736
4,217
13,753
13,791
13,288
13,786
13,325
4,87
13,424
4,729
13,186
13,299
13,798
13,628
21,100
13,321
13,21
13,775
21,292
4,10
21,794
21,389
21,30
21,361
21,11
