1,825
12,1225
14,1247
14,1178
1,1182
12,1177
12,1222
1,996
1,1236
12,1239
14,1061
14,546
12,1097
12,1246
1,1112
1,856
1,1055
12,1185
12,1244
12,1046
12,1167
12,446
1,971
12,1229
1,1232
12,1224
1,987
1,1206
14,1184
12,520
1,1253
1,1179
1,968
12,1252
1,1077
12,1238
1,932
14,1191
14,1176
1,1085
12,619
12,988
12,913
14,1139
1,1140
12,1205
14,568
12,1223
1,1022
14,1148
14,414
1,776
12,670
14,1218
12,1168
14,1133
12,1195
14,667
14,804
1,623
14,964
12,1128
13,1159
1,632
1,865
1,783
14,586
12,843
14,1157
1,976
12,979
1,1033
12,1111
12,949
1,947
12,871
12,755
12,1132
14,516
1,502
12,322
1,1102
5,1180
12,901
12,937
12,848
12,1221
12,391
14,889
12,1203
13,1153
12,1169
12,535
12,1090
12,739
1,874
14,867
1,982
1,744
14,759
12,1149
1,407
12,1110
12,1109
1,1240
14,955
1,462
1,1227
1,727
12,558
2,1065
14,1219
12,1213
1,1135
12,1151
12,1241
1,615
12,1141
1,607
12,1173
1,270
12,752
13,765
12,1114
3,1188
1,767
1,894
13,594
1,1198
1,842
12,296
12,832
1,970
2,823
12,641
1,1142
12,785
12,773
12,725
12,1129
12,421
2,1117
1,1175
12,1234
1,1200
12,1230
1,1040
12,1212
14,1174
1,521
12,926
12,669
14,868
12,251
12,1171
12,1158
1,1120
12,466
12,927
1,675
1,552
3,940
14,792
1,1093
1,1044
1,455
1,571
12,981
12,953
6,510
2,1197
1,1030
12,1025
12,1026
1,1087
12,935
1,345
1,1215
6,529
12,1056
12,898
12,777
1,365
12,1201
3,1242
1,1235
1,951
14,756
12,797
12,610
12,1143
12,341
12,748
12,651
1,816
12,980
12,808
12,719
12,423
1,908
12,1125
12,1154
12,896
12,966
12,303
6,880
12,628
1,318
12,1181
1,1095
1,1138
12,872
12,1013
12,1192
12,1237
14,499
12,914
12,1243
12,794
12,1051
12,1103
1,1052
14,531
12,828
12,1163
12,1152
10,604
2,1228
2,385
1,1122
12,509
12,1194
14,1189
12,1116
6,1131
9,663
1,668
12,775
8,681
12,1001
12,995
12,1210
12,830
12,1127
12,1170
1,905
12,1130
12,1211
10,1078
12,409
12,1084
10,977
11,271
12,638
14,873
12,393
12,1193
12,1119
2,1092
12,672
12,699
12,403
3,892
12,1164
12,1049
2,1012
7,1249
12,1006
12,938
12,761
12,969
12,847
12,350
12,354
8,430
12,406
12,899
8,637
12,1126
12,993
12,1183
12,974
14,386
12,674
1,1144
12,1081
1,989
12,973
12,355
12,572
12,608
12,442
12,213
12,189
12,1220
12,286
1,272
12,513
2,309
12,850
12,508
12,852
12,737
12,944
12,1094
12,434
12,844
12,401
12,357
12,684
12,923
12,612
12,1079
12,702
14,616
12,720
12,500
12,860
12,321
12,791
12,904
12,811
12,717
12,232
12,734
12,1024
12,707
12,424
12,1075
12,729
12,269
12,747
12,602
12,790
1,419
12,538
12,240
12,360
12,362
12,489
12,273
12,329
12,1072
12,460
12,382
12,465
12,812
12,353
12,344
12,786
12,802
12,593
12,855
12,829
12,566
12,963
12,473
12,264
12,1156
12,965
12,554
12,1108
12,1136
12,939
12,408
12,343
12,585
12,447
12,262
12,916
12,936
12,858
12,550
12,439
12,461
2,247
12,644
1,945
12,718
12,486
12,338
12,551
12,664
12,478
12,528
12,577
12,656
12,870
4,1104
2,960
12,284
12,849
12,443
12,1004
12,781
12,250
12,879
12,691
12,763
12,706
12,1039
12,925
12,517
12,714
12,787
12,771
12,1050
12,220
12,890
12,692
12,503
12,1002
12,768
12,622
12,613
12,1123
12,475
12,324
12,745
12,1106
12,437
12,749
12,950
12,1187
12,754
1,713
12,1038
12,545
12,626
12,911
12,328
12,295
12,780
12,640
12,1034
12,203
12,201
10,444
12,441
12,560
12,840
12,857
12,959
12,582
12,736
12,906
12,900
2,511
12,798
12,770
12,1209
12,793
12,313
12,690
12,245
12,339
2,361
6,1003
12,796
12,620
12,415
12,716
12,351
12,288
12,396
12,305
12,789
12,479
12,603
12,530
12,834
12,310
12,555
12,693
12,268
12,910
12,526
12,817
12,1009
12,678
12,864
12,590
14,595
12,564
12,753
12,494
12,553
12,377
12,534
12,533
12,156
12,519
1,962
12,459
12,405
12,598
12,882
12,346
12,1019
12,398
12,512
12,1216
12,676
12,1186
12,639
12,501
12,922
12,1214
12,467
12,1035
12,1199
12,665
12,609
12,575
12,1029
12,983
12,601
1,381
12,199
12,645
12,492
12,930
12,687
12,998
12,347
12,282
12,741
12,1059
12,348
12,801
12,333
12,371
12,686
12,751
12,482
12,778
12,304
12,758
12,624
12,1060
12,184
12,174
12,204
12,562
12,1076
12,1172
12,760
12,319
1,234
12,853
12,942
12,1071
12,231
12,541
12,683
12,374
12,248
12,450
12,671
12,1010
1,573
12,182
12,148
12,1070
12,420
12,611
12,642
12,866
12,1018
12,722
12,402
12,144
12,81
12,158
12,180
12,312
12,334
12,135
12,958
12,515
12,428
12,155
12,113
12,146
12,118
12,139
12,173
12,196
12,138
12,218
12,862
12,1053
12,818
12,655
12,703
12,788
12,440
12,631
12,918
12,588
12,657
12,967
12,694
12,557
15,648
12,1047
12,934
12,306
12,367
12,876
12,505
12,289
12,316
12,984
12,618
12,1005
12,1100
12,454
12,1099
12,723
12,539
12,779
12,715
12,652
12,221
12,277
12,1020
12,799
12,731
12,1226
12,412
12,543
12,281
12,477
12,764
12,1000
12,659
12,294
12,456
12,504
12,822
12,358
12,733
12,851
12,827
12,1115
12,433
12,567
12,302
12,1107
12,366
12,359
12,1037
12,861
12,757
12,1165
12,885
12,774
12,909
12,952
12,330
12,845
12,488
12,1101
12,480
12,730
12,1063
12,709
12,394
12,831
12,742
12,743
12,810
12,915
12,1086
12,1150
12,666
12,524
12,833
12,795
12,819
12,649
12,917
12,507
12,411
12,311
12,416
12,314
12,495
12,474
12,746
12,425
12,1091
12,1096
12,721
12,1098
2,807
2,581
12,1008
12,634
10,711
12,308
12,336
12,895
1,836
12,1088
12,673
12,565
12,1146
12,1067
12,1137
12,946
12,1105
12,1204
12,370
12,451
12,929
12,536
12,893
12,331
12,498
12,547
12,696
12,436
12,682
12,954
12,1054
12,978
12,888
12,704
12,265
12,469
12,679
12,735
12,379
12,726
12,540
2,712
12,375
12,387
12,225
12,293
12,238
12,1048
12,592
12,578
12,903
12,1202
12,661
12,1166
12,383
12,1021
12,496
12,576
12,1155
12,869
12,803
12,327
12,907
12,589
12,1023
12,1162
12,897
12,636
12,491
12,453
12,548
12,468
12,838
12,485
12,732
12,878
12,1124
12,487
12,471
12,1118
12,1042
12,766
12,591
12,580
12,629
12,584
12,991
12,650
12,762
12,826
12,1069
12,912
12,369
12,997
12,606
12,373
12,242
12,332
12,452
12,404
12,902
12,556
12,212
12,859
12,532
12,633
12,990
12,689
12,323
12,214
12,563
12,839
14,256
12,1036
12,1073
12,449
2,1082
1,1031
12,614
12,708
12,527
12,384
12,941
12,400
12,349
12,685
12,846
12,325
12,887
12,627
12,597
12,948
12,646
12,260
12,368
12,291
12,472
12,975
1,740
12,986
10,388
12,630
12,587
12,418
2,884
12,933
12,579
12,806
12,992
12,464
12,92
12,215
12,417
12,202
12,654
12,257
12,399
12,643
12,1217
12,985
12,1017
12,463
12,600
12,1134
12,207
12,972
12,596
12,292
12,635
12,280
12,660
12,337
12,863
12,1043
12,647
12,583
12,1007
12,542
12,700
12,1064
1,490
12,800
12,710
12,1014
12,677
12,569
12,919
12,999
12,470
12,522
12,724
12,617
12,1058
12,784
12,301
12,181
12,924
12,431
12,931
12,883
12,782
12,920
12,680
12,886
12,599
12,653
12,1190
12,422
12,805
12,621
12,1028
12,192
12,881
12,380
12,352
12,891
12,1041
12,525
12,769
12,243
12,875
12,957
12,484
12,658
12,1068
12,326
12,820
12,435
12,1032
12,317
12,276
12,427
12,943
12,290
12,570
12,476
12,320
12,497
12,662
12,410
12,523
12,815
12,824
12,364
12,506
12,274
12,413
12,226
12,395
12,854
12,481
12,169
12,224
12,397
12,209
12,307
12,152
12,71
12,76
8,1290
12,86
12,194
12,688
12,356
2,258
12,544
12,124
12,1062
12,122
12,176
12,429
12,340
12,1207
12,197
12,140
12,537
12,1045
12,1147
12,1089
12,1066
12,342
12,445
12,1080
12,198
12,205
12,363
12,625
12,1208
12,559
12,728
12,574
12,821
12,921
12,1113
12,695
12,254
12,103
1,85
12,219
12,90
12,101
12,168
12,95
12,772
12,78
12,46
12,120
12,137
12,300
12,94
12,372
12,928
12,93
12,151
1,261
12,77
12,55
12,514
12,279
1,131
12,154
12,244
12,217
12,104
12,30
12,10
12,74
12,110
12,88
12,68
1,132
12,57
12,87
12,36
12,116
12,193
12,43
12,1273
12,62
12,1276
12,22
12,1284
12,1277
12,24
12,1279
12,19
12,41
12,7
12,34
12,1298
12,1289
12,48
12,18
12,115
12,21
12,141
12,1283
12,6
12,1278
12,2
13,14
12,159
12,191
12,53
12,84
12,1272
12,190
12,20
12,1297
12,1282
12,1291
12,42
12,1145
12,26
12,13
12,1015
12,392
2,750
12,241
12,298
12,73
12,432
12,1260
12,1255
12,1254
12,1258
2,1259
12,1264
12,1257
12,1261
12,1256
12,1263
12,1262
12,701
12,252
12,438
12,837
12,249
12,227
12,253
12,206
12,179
12,235
12,170
12,458
12,267
12,239
12,275
12,956
12,278
12,236
12,89
12,51
12,61
12,44
12,216
12,283
12,483
12,255
12,47
12,50
12,39
12,153
12,3
1,38
12,69
12,12
12,315
12,11
12,1270
12,54
12,163
12,188
12,223
12,112
12,809
12,67
12,29
12,149
12,58
12,1275
12,106
12,56
12,233
12,97
12,1285
12,1271
12,1286
12,79
12,4
12,59
12,100
12,1299
12,1057
12,1161
12,1268
12,91
12,63
12,1245
12,128
12,123
12,605
12,83
1,389
13,147
12,814
12,178
12,25
12,177
12,70
12,160
12,493
12,164
12,426
12,167
12,33
12,31
12,1274
12,1281
12,166
12,35
12,1266
12,1294
12,60
12,105
12,15
12,107
12,102
12,80
12,1265
12,72
12,8
12,17
12,5
12,23
12,186
12,65
12,1292
12,45
2,1
12,16
12,1295
12,52
12,37
12,1280
12,1296
12,1293
12,1288
12,1267
12,165
12,9
12,1269
12,285
12,195
12,1287
12,187
12,108
12,136
12,49
12,121
12,64
12,161
12,222
12,175
12,1233
12,877
12,994
12,549
12,126
12,183
12,561
12,130
12,119
12,96
2,109
12,28
1,66
12,117
12,27
12,82
12,127
12,75
12,40
12,150
12,208
12,98
12,145
12,143
13,1160
12,211
12,297
2,99
12,1011
2,172
2,32
12,1300
12,378
12,1121
12,287
12,237
12,133
12,200
12,335
12,114
12,518
12,1027
12,705
12,1016
1,210
1,835
1,129
13,157
1,246
14,230
14,1074
12,738
12,1083
1,457
14,259
12,697
12,142
12,1231
12,1250
1,171
1,448
12,1248
12,1251
12,698
14,813
14,1196
1,266
1,841
12,228
12,299
12,111
1,376
1,134
1,961
1,229
1,390
12,125
12,263
14,185
1,162
