1,825
11,1225
13,1247
13,1178
1,1182
11,1177
11,1222
1,996
1,1236
11,1239
13,1061
13,546
11,1097
11,1246
1,1112
1,856
1,1055
11,1185
11,1244
11,1046
11,1167
11,446
1,971
11,1229
1,1232
11,1224
1,987
1,1206
13,1184
11,520
1,1253
1,1179
1,968
11,1252
1,1077
11,1238
1,932
13,1191
13,1176
1,1085
11,619
11,988
11,913
13,1139
1,1140
11,1205
13,568
11,1223
1,1022
13,1148
13,414
1,776
11,670
13,1218
11,1168
13,1133
11,1195
13,667
13,804
1,623
13,964
11,1128
12,1159
1,632
1,865
1,783
13,586
11,843
13,1157
1,976
11,979
1,1033
11,1111
11,949
1,947
11,871
11,755
11,1132
13,516
1,502
11,322
1,1102
5,1180
11,901
11,937
11,848
11,1221
11,391
13,889
11,1203
12,1153
11,1169
11,535
11,1090
11,739
1,874
13,867
1,982
1,744
13,759
11,1149
1,407
11,1110
11,1109
1,1240
13,955
1,462
1,1227
1,727
11,558
2,1065
13,1219
11,1213
1,1135
11,1151
11,1241
1,615
11,1141
1,607
11,1173
1,270
11,752
12,765
11,1114
3,1188
1,767
1,894
12,594
1,1198
1,842
11,296
11,832
1,970
2,823
11,641
1,1142
11,785
11,773
11,725
11,1129
11,421
2,1117
1,1175
11,1234
1,1200
11,1230
1,1040
11,1212
13,1174
1,521
11,926
11,669
13,868
11,251
11,1171
11,1158
1,1120
11,466
11,927
1,675
1,552
3,940
13,792
1,1093
1,1044
1,455
1,571
11,981
11,953
6,510
2,1197
1,1030
11,1025
11,1026
1,1087
11,935
1,345
1,1215
6,529
11,1056
11,898
11,777
1,365
11,1201
3,1242
1,1235
1,951
13,756
11,797
11,610
11,1143
11,341
11,748
11,651
1,816
11,980
11,808
11,719
11,423
1,908
11,1125
11,1154
11,896
11,966
11,303
6,880
11,628
1,318
11,1181
1,1095
1,1138
11,872
11,1013
11,1192
11,1237
13,499
11,914
11,1243
11,794
11,1051
11,1103
1,1052
13,531
11,828
11,1163
11,1152
9,604
2,1228
2,385
1,1122
11,509
11,1194
13,1189
11,1116
6,1131
8,663
1,668
11,775
7,681
11,1001
11,995
11,1210
11,830
11,1127
11,1170
1,905
11,1130
11,1211
9,1078
11,409
11,1084
9,977
10,271
11,638
13,873
11,393
11,1193
11,1119
2,1092
11,672
11,699
11,403
3,892
11,1164
11,1049
2,1012
6,1249
11,1006
11,938
11,761
11,969
11,847
11,350
11,354
7,430
11,406
11,899
7,637
11,1126
11,993
11,1183
11,974
13,386
11,674
1,1144
11,1081
1,989
11,973
11,355
11,572
11,608
11,442
11,213
11,189
11,1220
11,286
1,272
11,513
2,309
11,850
11,508
11,852
11,737
11,944
11,1094
11,434
11,844
11,401
11,357
11,684
11,923
11,612
11,1079
11,702
13,616
11,720
11,500
11,860
11,321
11,791
11,904
11,811
11,717
11,232
11,734
11,1024
11,707
11,424
11,1075
11,729
11,269
11,747
11,602
11,790
1,419
11,538
11,240
11,360
11,362
11,489
11,273
11,329
11,1072
11,460
11,382
11,465
11,812
11,353
11,344
11,786
11,802
11,593
11,855
11,829
11,566
11,963
11,473
11,264
11,1156
11,965
11,554
11,1108
11,1136
11,939
11,408
11,343
11,585
11,447
11,262
11,916
11,936
11,858
11,550
11,439
11,461
2,247
11,644
1,945
11,718
11,486
11,338
11,551
11,664
11,478
11,528
11,577
11,656
11,870
4,1104
2,960
11,284
11,849
11,443
11,1004
11,781
11,250
11,879
11,691
11,763
11,706
11,1039
11,925
11,517
11,714
11,787
11,771
11,1050
11,220
11,890
11,692
11,503
11,1002
11,768
11,622
11,613
11,1123
11,475
11,324
11,745
11,1106
11,437
11,749
11,950
11,1187
11,754
1,713
11,1038
11,545
11,626
11,911
11,328
11,295
11,780
11,640
11,1034
11,203
11,201
9,444
11,441
11,560
11,840
11,857
11,959
11,582
11,736
11,906
11,900
2,511
11,798
11,770
11,1209
11,793
11,313
11,690
11,245
11,339
2,361
6,1003
11,796
11,620
11,415
11,716
11,351
11,288
11,396
11,305
11,789
11,479
11,603
11,530
11,834
11,310
11,555
11,693
11,268
11,910
11,526
11,817
11,1009
11,678
11,864
11,590
13,595
11,564
11,753
11,494
11,553
11,377
11,534
11,533
11,156
11,519
1,962
11,459
11,405
11,598
11,882
11,346
11,1019
11,398
11,512
11,1216
11,676
11,1186
11,639
11,501
11,922
11,1214
11,467
11,1035
11,1199
11,665
11,609
11,575
11,1029
11,983
11,601
1,381
11,199
11,645
11,492
11,930
11,687
11,998
11,347
11,282
11,741
11,1059
11,348
11,801
11,333
11,371
11,686
11,751
11,482
11,778
11,304
11,758
11,624
11,1060
11,184
11,174
11,204
11,562
11,1076
11,1172
11,760
11,319
1,234
11,853
11,942
11,1071
11,231
11,541
11,683
11,374
11,248
11,450
11,671
11,1010
1,573
11,182
11,148
11,1070
11,420
11,611
11,642
11,866
11,1018
11,722
11,402
11,144
11,81
11,158
11,180
11,312
11,334
11,135
11,958
11,515
11,428
11,155
11,113
11,146
11,118
11,139
11,173
11,196
11,138
11,218
11,862
11,1053
11,818
11,655
11,703
11,788
11,440
11,631
11,918
11,588
11,657
11,967
11,694
11,557
14,648
11,1047
11,934
11,306
11,367
11,876
11,505
11,289
11,316
11,984
11,618
11,1005
11,1100
11,454
11,1099
11,723
11,539
11,779
11,715
11,652
11,221
11,277
11,1020
11,799
11,731
11,1226
11,412
11,543
11,281
11,477
11,764
11,1000
11,659
11,294
11,456
11,504
11,822
11,358
11,733
11,851
11,827
11,1115
11,433
11,567
11,302
11,1107
11,366
11,359
11,1037
11,861
11,757
11,1165
11,885
11,774
11,909
11,952
11,330
11,845
11,488
11,1101
11,480
11,730
11,1063
11,709
11,394
11,831
11,742
11,743
11,810
11,915
11,1086
11,1150
11,666
11,524
11,833
11,795
11,819
11,649
11,917
11,507
11,411
11,311
11,416
11,314
11,495
11,474
11,746
11,425
11,1091
11,1096
11,721
11,1098
2,807
2,581
11,1008
11,634
9,711
11,308
11,336
11,895
1,836
11,1088
11,673
11,565
11,1146
11,1067
11,1137
11,946
11,1105
11,1204
11,370
11,451
11,929
11,536
11,893
11,331
11,498
11,547
11,696
11,436
11,682
11,954
11,1054
11,978
11,888
11,704
11,265
11,469
11,679
11,735
11,379
11,726
11,540
2,712
11,375
11,387
11,225
11,293
11,238
11,1048
11,592
11,578
11,903
11,1202
11,661
11,1166
11,383
11,1021
11,496
11,576
11,1155
11,869
11,803
11,327
11,907
11,589
11,1023
11,1162
11,897
11,636
11,491
11,453
11,548
11,468
11,838
11,485
11,732
11,878
11,1124
11,487
11,471
11,1118
11,1042
11,766
11,591
11,580
11,629
11,584
11,991
11,650
11,762
11,826
11,1069
11,912
11,369
11,997
11,606
11,373
11,242
11,332
11,452
11,404
11,902
11,556
11,212
11,859
11,532
11,633
11,990
11,689
11,323
11,214
11,563
11,839
13,256
11,1036
11,1073
11,449
2,1082
1,1031
11,614
11,708
11,527
11,384
11,941
11,400
11,349
11,685
11,846
11,325
11,887
11,627
11,597
11,948
11,646
11,260
11,368
11,291
11,472
11,975
1,740
11,986
9,388
11,630
11,587
11,418
2,884
11,933
11,579
11,806
11,992
11,464
11,92
11,215
11,417
11,202
11,654
11,257
11,399
11,643
11,1217
11,985
11,1017
11,463
11,600
11,1134
11,207
11,972
11,596
11,292
11,635
11,280
11,660
11,337
11,863
11,1043
11,647
11,583
11,1007
11,542
11,700
11,1064
1,490
11,800
11,710
11,1014
11,677
11,569
11,919
11,999
11,470
11,522
11,724
11,617
11,1058
11,784
11,301
11,181
11,924
11,431
11,931
11,883
11,782
11,920
11,680
11,886
11,599
11,653
11,1190
11,422
11,805
11,621
11,1028
11,192
11,881
11,380
11,352
11,891
11,1041
11,525
11,769
11,243
11,875
11,957
11,484
11,658
11,1068
11,326
11,820
11,435
11,1032
11,317
11,276
11,427
11,943
11,290
11,570
11,476
11,320
11,497
11,662
11,410
11,523
11,815
11,824
11,364
11,506
11,274
11,413
11,226
11,395
11,854
11,481
11,169
11,224
11,397
11,209
11,307
11,152
11,71
11,76
7,1290
11,86
11,194
11,688
11,356
2,258
11,544
11,124
11,1062
11,122
11,176
11,429
11,340
11,1207
11,197
11,140
11,537
11,1045
11,1147
11,1089
11,1066
11,342
11,445
11,1080
11,198
11,205
11,363
11,625
11,1208
11,559
11,728
11,574
11,821
11,921
11,1113
11,695
11,254
11,103
1,85
11,219
11,90
11,101
11,168
11,95
11,772
11,78
11,46
11,120
11,137
11,300
11,94
11,372
11,928
11,93
11,151
1,261
11,77
11,55
11,514
11,279
1,131
11,154
11,244
11,217
11,104
11,30
11,10
11,74
11,110
11,88
11,68
1,132
11,57
11,87
11,36
11,116
11,193
11,43
11,1273
11,62
11,1276
11,22
11,1284
11,1277
11,24
11,1279
11,19
11,41
11,7
11,34
11,1298
11,1289
11,48
11,18
11,115
11,21
11,141
11,1283
11,6
11,1278
11,2
12,14
11,159
11,191
11,53
11,84
11,1272
11,190
11,20
11,1297
11,1282
11,1291
11,42
11,1145
11,26
11,13
11,1015
11,392
2,750
11,241
11,298
11,73
11,432
11,1260
11,1255
11,1254
11,1258
2,1259
11,1264
11,1257
11,1261
11,1256
11,1263
11,1262
11,701
11,252
11,438
11,837
11,249
11,227
11,253
11,206
11,179
11,235
11,170
11,458
11,267
11,239
11,275
11,956
11,278
11,236
11,89
11,51
11,61
11,44
11,216
11,283
11,483
11,255
11,47
11,50
11,39
11,153
11,3
1,38
11,69
11,12
11,315
11,11
11,1270
11,54
11,163
11,188
11,223
11,112
11,809
11,67
11,29
11,149
11,58
11,1275
11,106
11,56
11,233
11,97
11,1285
11,1271
11,1286
11,79
11,4
11,59
11,100
11,1299
11,1057
11,1161
11,1268
11,91
11,63
11,1245
11,128
11,123
11,605
11,83
1,389
12,147
11,814
11,178
11,25
11,177
11,70
11,160
11,493
11,164
11,426
11,167
11,33
11,31
11,1274
11,1281
11,166
11,35
11,1266
11,1294
11,60
11,105
11,15
11,107
11,102
11,80
11,1265
11,72
11,8
11,17
11,5
11,23
11,186
11,65
11,1292
11,45
2,1
11,16
11,1295
11,52
11,37
11,1280
11,1296
11,1293
11,1288
11,1267
11,165
11,9
11,1269
11,285
11,195
11,1287
11,187
11,108
11,136
11,49
11,121
11,64
11,161
11,222
11,175
11,1233
11,877
11,994
11,549
11,126
11,183
11,561
11,130
11,119
11,96
2,109
11,28
1,66
11,117
11,27
11,82
11,127
11,75
11,40
11,150
11,208
11,98
11,145
11,143
12,1160
11,211
11,297
2,99
11,1011
2,172
2,32
11,1300
11,378
11,1121
11,287
11,237
11,133
11,200
11,335
11,114
11,518
11,1027
11,705
11,1016
1,210
1,835
1,129
12,157
1,246
13,230
13,1074
11,738
11,1083
1,457
13,259
11,697
11,142
11,1231
11,1250
1,171
1,448
11,1248
11,1251
11,698
13,813
13,1196
1,266
1,841
11,228
11,299
11,111
1,376
1,134
1,961
1,229
1,390
11,125
11,263
13,185
1,162
