1,825
8,1225
9,1247
9,1178
1,1182
8,1177
8,1222
1,996
1,1236
8,1239
9,1061
9,546
8,1097
8,1246
1,1112
1,856
1,1055
8,1185
8,1244
8,1046
8,1167
8,446
1,971
8,1229
1,1232
8,1224
1,987
1,1206
9,1184
8,520
1,1253
1,1179
1,968
8,1252
1,1077
8,1238
1,932
9,1191
9,1176
1,1085
8,619
8,988
8,913
9,1139
1,1140
8,1205
9,568
8,1223
1,1022
9,1148
9,414
1,776
8,670
9,1218
8,1168
9,1133
8,1195
9,667
9,804
1,623
9,964
8,1128
9,1159
1,632
1,865
1,783
9,586
8,843
9,1157
1,976
8,979
1,1033
8,1111
8,949
1,947
8,871
8,755
8,1132
9,516
1,502
8,322
1,1102
4,1180
8,901
8,937
8,848
8,1221
8,391
9,889
8,1203
9,1153
8,1169
8,535
8,1090
8,739
1,874
9,867
1,982
1,744
9,759
8,1149
1,407
8,1110
8,1109
1,1240
9,955
1,462
1,1227
1,727
8,558
2,1065
9,1219
8,1213
1,1135
8,1151
8,1241
1,615
8,1141
1,607
8,1173
1,270
8,752
9,765
8,1114
3,1188
1,767
1,894
9,594
1,1198
1,842
8,296
8,832
1,970
2,823
8,641
1,1142
8,785
8,773
8,725
8,1129
8,421
2,1117
1,1175
8,1234
1,1200
8,1230
1,1040
8,1212
9,1174
1,521
8,926
8,669
9,868
8,251
8,1171
8,1158
1,1120
8,466
8,927
1,675
1,552
3,940
9,792
1,1093
1,1044
1,455
1,571
8,981
8,953
5,510
2,1197
1,1030
8,1025
8,1026
1,1087
8,935
1,345
1,1215
5,529
8,1056
8,898
8,777
1,365
8,1201
3,1242
1,1235
1,951
9,756
8,797
8,610
8,1143
8,341
8,748
8,651
1,816
8,980
8,808
8,719
8,423
1,908
8,1125
8,1154
8,896
8,966
8,303
5,880
8,628
1,318
8,1181
1,1095
1,1138
8,872
8,1013
8,1192
8,1237
9,499
8,914
8,1243
8,794
8,1051
8,1103
1,1052
9,531
8,828
8,1163
8,1152
8,604
2,1228
2,385
1,1122
8,509
8,1194
9,1189
8,1116
5,1131
7,663
1,668
8,775
6,681
8,1001
8,995
8,1210
8,830
8,1127
8,1170
1,905
8,1130
8,1211
8,1078
8,409
8,1084
8,977
8,271
8,638
9,873
8,393
8,1193
8,1119
2,1092
8,672
8,699
8,403
3,892
8,1164
8,1049
2,1012
5,1249
8,1006
8,938
8,761
8,969
8,847
8,350
8,354
6,430
8,406
8,899
6,637
8,1126
8,993
8,1183
8,974
9,386
8,674
1,1144
8,1081
1,989
8,973
8,355
8,572
8,608
8,442
8,213
8,189
8,1220
8,286
1,272
8,513
2,309
8,850
8,508
8,852
8,737
8,944
8,1094
8,434
8,844
8,401
8,357
8,684
8,923
8,612
8,1079
8,702
9,616
8,720
8,500
8,860
8,321
8,791
8,904
8,811
8,717
8,232
8,734
8,1024
8,707
8,424
8,1075
8,729
8,269
8,747
8,602
8,790
1,419
8,538
8,240
8,360
8,362
8,489
8,273
8,329
8,1072
8,460
8,382
8,465
8,812
8,353
8,344
8,786
8,802
8,593
8,855
8,829
8,566
8,963
8,473
8,264
8,1156
8,965
8,554
8,1108
8,1136
8,939
8,408
8,343
8,585
8,447
8,262
8,916
8,936
8,858
8,550
8,439
8,461
2,247
8,644
1,945
8,718
8,486
8,338
8,551
8,664
8,478
8,528
8,577
8,656
8,870
4,1104
2,960
8,284
8,849
8,443
8,1004
8,781
8,250
8,879
8,691
8,763
8,706
8,1039
8,925
8,517
8,714
8,787
8,771
8,1050
8,220
8,890
8,692
8,503
8,1002
8,768
8,622
8,613
8,1123
8,475
8,324
8,745
8,1106
8,437
8,749
8,950
8,1187
8,754
1,713
8,1038
8,545
8,626
8,911
8,328
8,295
8,780
8,640
8,1034
8,203
8,201
8,444
8,441
8,560
8,840
8,857
8,959
8,582
8,736
8,906
8,900
2,511
8,798
8,770
8,1209
8,793
8,313
8,690
8,245
8,339
2,361
5,1003
8,796
8,620
8,415
8,716
8,351
8,288
8,396
8,305
8,789
8,479
8,603
8,530
8,834
8,310
8,555
8,693
8,268
8,910
8,526
8,817
8,1009
8,678
8,864
8,590
9,595
8,564
8,753
8,494
8,553
8,377
8,534
8,533
8,156
8,519
1,962
8,459
8,405
8,598
8,882
8,346
8,1019
8,398
8,512
8,1216
8,676
8,1186
8,639
8,501
8,922
8,1214
8,467
8,1035
8,1199
8,665
8,609
8,575
8,1029
8,983
8,601
1,381
8,199
8,645
8,492
8,930
8,687
8,998
8,347
8,282
8,741
8,1059
8,348
8,801
8,333
8,371
8,686
8,751
8,482
8,778
8,304
8,758
8,624
8,1060
8,184
8,174
8,204
8,562
8,1076
8,1172
8,760
8,319
1,234
8,853
8,942
8,1071
8,231
8,541
8,683
8,374
8,248
8,450
8,671
8,1010
1,573
8,182
8,148
8,1070
8,420
8,611
8,642
8,866
8,1018
8,722
8,402
8,144
8,81
8,158
8,180
8,312
8,334
8,135
8,958
8,515
8,428
8,155
8,113
8,146
8,118
8,139
8,173
8,196
8,138
8,218
8,862
8,1053
8,818
8,655
8,703
8,788
8,440
8,631
8,918
8,588
8,657
8,967
8,694
8,557
10,648
8,1047
8,934
8,306
8,367
8,876
8,505
8,289
8,316
8,984
8,618
8,1005
8,1100
8,454
8,1099
8,723
8,539
8,779
8,715
8,652
8,221
8,277
8,1020
8,799
8,731
8,1226
8,412
8,543
8,281
8,477
8,764
8,1000
8,659
8,294
8,456
8,504
8,822
8,358
8,733
8,851
8,827
8,1115
8,433
8,567
8,302
8,1107
8,366
8,359
8,1037
8,861
8,757
8,1165
8,885
8,774
8,909
8,952
8,330
8,845
8,488
8,1101
8,480
8,730
8,1063
8,709
8,394
8,831
8,742
8,743
8,810
8,915
8,1086
8,1150
8,666
8,524
8,833
8,795
8,819
8,649
8,917
8,507
8,411
8,311
8,416
8,314
8,495
8,474
8,746
8,425
8,1091
8,1096
8,721
8,1098
2,807
2,581
8,1008
8,634
8,711
8,308
8,336
8,895
1,836
8,1088
8,673
8,565
8,1146
8,1067
8,1137
8,946
8,1105
8,1204
8,370
8,451
8,929
8,536
8,893
8,331
8,498
8,547
8,696
8,436
8,682
8,954
8,1054
8,978
8,888
8,704
8,265
8,469
8,679
8,735
8,379
8,726
8,540
2,712
8,375
8,387
8,225
8,293
8,238
8,1048
8,592
8,578
8,903
8,1202
8,661
8,1166
8,383
8,1021
8,496
8,576
8,1155
8,869
8,803
8,327
8,907
8,589
8,1023
8,1162
8,897
8,636
8,491
8,453
8,548
8,468
8,838
8,485
8,732
8,878
8,1124
8,487
8,471
8,1118
8,1042
8,766
8,591
8,580
8,629
8,584
8,991
8,650
8,762
8,826
8,1069
8,912
8,369
8,997
8,606
8,373
8,242
8,332
8,452
8,404
8,902
8,556
8,212
8,859
8,532
8,633
8,990
8,689
8,323
8,214
8,563
8,839
9,256
8,1036
8,1073
8,449
2,1082
1,1031
8,614
8,708
8,527
8,384
8,941
8,400
8,349
8,685
8,846
8,325
8,887
8,627
8,597
8,948
8,646
8,260
8,368
8,291
8,472
8,975
1,740
8,986
8,388
8,630
8,587
8,418
2,884
8,933
8,579
8,806
8,992
8,464
8,92
8,215
8,417
8,202
8,654
8,257
8,399
8,643
8,1217
8,985
8,1017
8,463
8,600
8,1134
8,207
8,972
8,596
8,292
8,635
8,280
8,660
8,337
8,863
8,1043
8,647
8,583
8,1007
8,542
8,700
8,1064
1,490
8,800
8,710
8,1014
8,677
8,569
8,919
8,999
8,470
8,522
8,724
8,617
8,1058
8,784
8,301
8,181
8,924
8,431
8,931
8,883
8,782
8,920
8,680
8,886
8,599
8,653
8,1190
8,422
8,805
8,621
8,1028
8,192
8,881
8,380
8,352
8,891
8,1041
8,525
8,769
8,243
8,875
8,957
8,484
8,658
8,1068
8,326
8,820
8,435
8,1032
8,317
8,276
8,427
8,943
8,290
8,570
8,476
8,320
8,497
8,662
8,410
8,523
8,815
8,824
8,364
8,506
8,274
8,413
8,226
8,395
8,854
8,481
8,169
8,224
8,397
8,209
8,307
8,152
8,71
8,76
6,1290
8,86
8,194
8,688
8,356
2,258
8,544
8,124
8,1062
8,122
8,176
8,429
8,340
8,1207
8,197
8,140
8,537
8,1045
8,1147
8,1089
8,1066
8,342
8,445
8,1080
8,198
8,205
8,363
8,625
8,1208
8,559
8,728
8,574
8,821
8,921
8,1113
8,695
8,254
8,103
1,85
8,219
8,90
8,101
8,168
8,95
8,772
8,78
8,46
8,120
8,137
8,300
8,94
8,372
8,928
8,93
8,151
1,261
8,77
8,55
8,514
8,279
1,131
8,154
8,244
8,217
8,104
8,30
8,10
8,74
8,110
8,88
8,68
1,132
8,57
8,87
8,36
8,116
8,193
8,43
8,1273
8,62
8,1276
8,22
8,1284
8,1277
8,24
8,1279
8,19
8,41
8,7
8,34
8,1298
8,1289
8,48
8,18
8,115
8,21
8,141
8,1283
8,6
8,1278
8,2
9,14
8,159
8,191
8,53
8,84
8,1272
8,190
8,20
8,1297
8,1282
8,1291
8,42
8,1145
8,26
8,13
8,1015
8,392
2,750
8,241
8,298
8,73
8,432
8,1260
8,1255
8,1254
8,1258
2,1259
8,1264
8,1257
8,1261
8,1256
8,1263
8,1262
8,701
8,252
8,438
8,837
8,249
8,227
8,253
8,206
8,179
8,235
8,170
8,458
8,267
8,239
8,275
8,956
8,278
8,236
8,89
8,51
8,61
8,44
8,216
8,283
8,483
8,255
8,47
8,50
8,39
8,153
8,3
1,38
8,69
8,12
8,315
8,11
8,1270
8,54
8,163
8,188
8,223
8,112
8,809
8,67
8,29
8,149
8,58
8,1275
8,106
8,56
8,233
8,97
8,1285
8,1271
8,1286
8,79
8,4
8,59
8,100
8,1299
8,1057
8,1161
8,1268
8,91
8,63
8,1245
8,128
8,123
8,605
8,83
1,389
9,147
8,814
8,178
8,25
8,177
8,70
8,160
8,493
8,164
8,426
8,167
8,33
8,31
8,1274
8,1281
8,166
8,35
8,1266
8,1294
8,60
8,105
8,15
8,107
8,102
8,80
8,1265
8,72
8,8
8,17
8,5
8,23
8,186
8,65
8,1292
8,45
2,1
8,16
8,1295
8,52
8,37
8,1280
8,1296
8,1293
8,1288
8,1267
8,165
8,9
8,1269
8,285
8,195
8,1287
8,187
8,108
8,136
8,49
8,121
8,64
8,161
8,222
8,175
8,1233
8,877
8,994
8,549
8,126
8,183
8,561
8,130
8,119
8,96
2,109
8,28
1,66
8,117
8,27
8,82
8,127
8,75
8,40
8,150
8,208
8,98
8,145
8,143
9,1160
8,211
8,297
2,99
8,1011
2,172
2,32
8,1300
8,378
8,1121
8,287
8,237
8,133
8,200
8,335
8,114
8,518
8,1027
8,705
8,1016
1,210
1,835
1,129
9,157
1,246
9,230
9,1074
8,738
8,1083
1,457
9,259
8,697
8,142
8,1231
8,1250
1,171
1,448
8,1248
8,1251
8,698
9,813
9,1196
1,266
1,841
8,228
8,299
8,111
1,376
1,134
1,961
1,229
1,390
8,125
8,263
9,185
1,162
