30,374
40,735
40,664
17,665
19,710
17,704
10,660
40,326
8,699
30,672
8,650
13,602
16,356
48,540
21,667
17,599
30,617
21,638
24,716
37,695
31,655
31,693
10,555
31,627
31,697
8,696
22,621
15,588
30,604
31,589
8,132
2,570
17,259
20,289
24,401
8,571
10,56
24,622
38,568
31,493
30,728
27,647
18,709
22,734
8,670
8,629
30,714
21,715
42,700
23,686
31,720
18,712
33,579
36,536
30,631
8,541
40,293
8,637
17,733
8,731
10,633
38,657
40,603
17,616
8,576
48,479
27,572
24,598
48,452
13,587
33,724
25,623
31,727
8,708
31,711
48,674
38,651
48,600
37,713
23,565
40,702
17,701
40,634
40,684
22,654
30,669
38,630
24,680
24,543
30,510
24,492
31,594
31,561
33,721
22,546
8,641
37,258
33,535
48,460
15,688
31,642
19,692
8,433
31,517
5,521
31,440
29,485
40,482
8,624
27,325
9,564
30,529
25,620
19,530
31,575
30,26
37,671
24,658
8,321
8,656
30,628
43,524
31,538
7,478
31,126
8,380
10,198
10,218
8,367
37,430
37,416
8,409
42,539
38,498
28,652
30,368
30,515
15,648
23,501
15,406
5,109
18,509
22,673
21,668
8,593
10,698
3,690
10,542
18,608
32,488
46,646
27,581
8,606
41,679
48,722
27,247
10,96
34,360
35,534
8,338
15,580
30,643
44,619
29,551
27,459
9,601
26,613
30,442
21,516
7,456
44,46
27,591
19,188
38,508
31,649
34,103
30,424
8,322
40,553
39,566
3,635
5,585
10,502
8,717
30,597
21,489
13,659
8,514
13,560
38,499
4,567
17,497
23,388
23,494
24,145
10,398
6,473
8,435
29,413
10,486
31,454
41,531
10,662
42,389
11,339
30,528
20,470
27,120
24,309
38,429
30,436
48,420
42,396
38,350
3,507
30,372
21,294
8,184
10,242
48,385
31,300
1,487
24,618
10,523
8,316
10,370
10,466
32,450
31,65
8,395
27,519
48,513
30,36
5,58
42,45
30,563
10,160
8,677
10,644
27,544
10,490
8,547
40,341
30,353
8,462
40,60
8,74
31,245
31,153
38,586
10,506
31,449
27,314
37,477
33,238
23,329
30,511
8,392
8,549
38,432
17,362
31,504
30,292
41,505
4,394
1,277
40,354
8,554
46,230
5,471
5,422
30,483
48,268
10,343
34,11
18,330
8,9
27,423
10,129
1,481
24,178
45,290
30,225
43,439
46,119
30,31
12,166
23,111
8,170
8,324
30,550
8,315
8,124
8,375
4,303
42,61
10,146
23,384
40,319
8,200
47,219
48,279
10,311
23,467
49,469
31,444
24,453
30,127
8,334
27,455
10,274
42,227
5,239
8,474
7,237
8,37
29,297
12,148
10,226
30,157
8,224
8,128
30,520
7,661
8,345
8,7
30,23
24,203
8,251
8,241
30,196
30,183
31,234
10,426
27,313
30,271
30,141
8,270
8,182
31,105
8,191
11,265
8,295
30,215
10,181
27,147
38,197
6,348
48,573
8,552
40,605
40,415
8,537
8,443
38,512
8,386
23,557
48,412
12,390
8,522
30,187
8,363
13,189
27,558
27,12
24,70
8,451
8,427
31,441
8,491
27,468
8,205
31,342
8,556
10,318
27,287
30,359
31,28
23,138
8,403
27,140
30,100
30,161
10,13
8,6
13,4
18,33
8,16
8,192
13,59
46,64
8,261
40,82
8,52
8,276
8,149
32,142
8,43
48,387
30,102
8,114
41,173
15,5
31,266
31,222
8,280
22,32
31,465
8,582
48,437
41,425
13,336
8,233
40,211
13,361
8,286
48,495
30,636
35,382
8,400
31,607
8,480
8,484
8,323
30,337
5,185
14,331
46,272
8,344
8,383
27,162
8,17
8,136
48,244
8,418
8,615
30,463
48,283
8,545
8,496
11,86
8,291
13,236
10,41
27,320
27,90
42,168
30,257
8,377
8,1
13,112
8,29
10,263
8,116
10,177
8,47
29,475
31,121
8,327
8,216
41,55
8,448
30,308
31,332
30,137
8,206
10,10
11,592
10,457
8,199
8,317
31,107
8,164
10,369
30,249
31,404
8,106
8,248
8,306
30,378
8,373
8,737
8,685
30,405
8,125
8,458
8,421
8,626
8,22
8,262
11,408
8,93
8,340
8,123
30,476
30,518
8,333
8,75
8,92
31,175
8,683
8,229
41,25
8,104
8,40
8,24
8,718
8,51
8,101
8,464
8,569
13,666
8,610
8,574
8,639
8,675
8,625
31,632
8,221
10,73
8,730
13,726
8,676
8,115
48,682
48,691
48,472
8,736
8,596
8,583
8,577
46,500
48,611
8,612
8,252
8,201
13,30
8,21
8,19
8,89
8,91
8,209
8,366
8,88
30,281
8,223
8,195
48,307
8,118
7,68
8,35
13,328
8,38
8,379
8,50
12,194
13,256
13,80
48,288
8,139
8,298
48,193
8,304
8,357
8,85
8,44
8,143
8,27
31,95
8,407
8,278
8,445
13,584
31,364
8,365
8,253
31,67
48,446
8,152
8,208
8,110
30,335
31,431
27,376
8,310
8,42
8,346
8,172
8,165
48,381
8,156
29,240
8,231
8,371
48,135
31,72
8,113
8,167
8,217
8,18
8,15
8,186
8,169
8,144
13,48
8,34
30,207
8,2
48,84
31,267
31,246
31,393
8,243
47,299
30,414
8,8
8,83
8,3
8,351
8,63
8,179
8,352
8,57
8,81
31,108
31,202
8,503
8,411
8,402
8,154
8,264
31,461
8,204
8,133
8,312
30,447
8,49
8,296
31,213
48,235
8,122
8,284
8,355
8,174
46,190
8,347
8,39
8,260
8,214
8,62
8,210
8,134
48,87
8,77
8,250
8,79
8,130
8,20
8,117
8,97
10,254
8,131
48,180
8,159
8,419
31,54
8,94
8,98
8,53
8,255
8,71
8,158
8,176
8,275
31,397
31,228
8,150
48,723
8,548
8,76
48,527
31,706
31,438
8,562
31,732
8,66
48,78
8,725
48,578
8,703
31,410
8,434
8,707
48,694
8,349
8,705
8,533
8,719
8,417
8,689
8,220
8,399
48,729
8,559
48,155
48,678
48,302
8,687
8,358
8,609
8,526
8,273
8,681
8,653
8,525
8,212
8,640
31,595
48,69
8,590
8,99
8,14
48,663
8,232
48,305
31,614
8,301
8,151
48,391
31,285
8,532
48,428
8,645
8,269
8,163
31,171
31,282
