66,667
55,680
16,672
4,649
55,652
67,651
50,634
25,671
42,669
55,660
33,510
50,656
10,631
53,647
61,598
54,594
16,682
37,107
60,515
34,405
44,138
34,474
42,481
6,519
53,507
18,552
53,639
25,646
41,495
29,617
45,553
2,658
55,616
29,527
59,584
66,543
10,535
52,654
51,583
25,558
22,636
38,664
28,608
47,655
34,666
43,653
11,629
25,676
25,599
45,560
1,601
25,358
34,644
34,446
35,678
25,71
52,633
55,588
18,145
28,395
19,234
15,550
66,426
25,485
69,430
20,429
25,374
55,302
66,129
66,308
25,327
25,416
25,82
39,257
25,8
18,52
9,489
63,152
25,143
25,421
47,587
25,612
11,579
34,623
62,565
25,90
46,486
5,600
19,452
25,378
16,534
57,549
10,352
54,195
6,432
66,353
25,454
59,417
16,473
22,546
25,363
21,330
1,216
34,228
25,427
21,491
25,536
56,453
6,410
29,400
49,541
55,334
32,350
46,555
15,595
7,663
25,637
1,650
27,643
25,563
18,657
25,508
37,681
25,662
25,372
51,626
25,404
6,590
25,513
46,465
55,478
25,447
55,246
62,611
18,613
59,554
4,580
25,566
55,529
66,568
25,476
55,597
25,591
18,551
25,521
21,574
38,573
51,562
18,585
14,511
27,537
25,412
58,632
58,592
9,576
9,578
18,610
24,642
25,615
25,487
25,533
25,530
6,497
3,455
14,544
25,556
30,630
26,531
66,456
51,479
13,268
50,517
48,282
33,422
55,444
25,509
43,351
25,218
25,329
55,326
24,420
51,451
14,518
25,461
60,394
54,528
50,437
29,324
22,548
57,213
55,202
15,645
55,624
16,496
25,460
18,226
53,545
25,204
55,356
26,377
65,127
25,270
33,159
25,217
25,73
25,249
25,291
20,449
25,337
18,72
25,40
42,442
25,459
25,64
34,364
25,419
25,101
25,439
10,609
25,577
19,561
18,606
4,684
31,532
34,618
25,538
28,614
25,581
25,525
6,559
25,539
25,540
53,214
25,677
13,635
10,564
25,607
24,596
25,431
25,492
25,665
66,409
55,297
25,406
34,141
25,462
25,340
26,488
25,522
62,418
10,467
61,475
25,307
55,493
34,381
25,296
25,231
25,120
25,285
17,277
18,391
6,56
25,211
34,524
27,122
25,362
59,271
25,498
55,298
25,503
25,247
26,463
33,86
55,441
25,567
25,28
25,283
31,317
25,266
25,506
26,117
25,184
25,433
17,361
25,483
25,336
29,342
25,322
25,345
1,79
25,280
34,241
40,436
25,178
7,259
25,237
25,162
25,132
23,424
57,256
13,411
25,80
51,371
32,97
64,229
68,166
25,390
25,413
66,325
55,526
1,179
11,286
34,457
21,67
33,466
25,490
25,393
19,575
34,369
25,379
66,471
25,176
55,289
25,398
25,253
25,232
25,512
27,621
25,49
25,288
25,240
34,207
55,276
25,320
25,124
25,542
25,458
33,335
55,239
25,469
10,220
25,354
33,105
4,294
25,279
44,375
66,275
34,470
66,435
25,382
25,384
25,401
25,516
25,161
34,263
25,206
26,386
25,316
8,209
55,125
25,258
25,75
25,331
25,370
26,244
12,160
58,198
34,48
25,205
25,248
25,357
25,494
26,200
25,281
25,272
66,168
25,365
25,373
25,151
58,328
25,265
25,119
20,227
25,43
66,60
25,30
4,188
60,110
32,34
25,438
25,287
47,167
25,238
25,434
25,181
52,158
50,41
25,189
48,100
25,299
25,304
34,113
66,389
25,224
25,278
25,501
48,675
20,679
25,619
25,245
25,500
25,480
25,520
66,686
55,640
25,628
25,589
25,502
25,45
25,402
25,104
25,20
34,319
25,53
60,255
25,332
25,355
55,225
25,22
25,292
25,313
25,685
25,368
24,423
25,54
25,84
25,348
29,215
25,586
55,264
25,55
25,338
55,203
25,315
12,482
25,11
25,273
66,174
25,343
64,499
25,66
25,408
25,383
25,468
25,208
25,472
25,146
25,106
25,102
25,314
25,89
25,61
25,221
66,318
25,261
25,210
25,121
20,222
25,144
25,76
25,157
20,149
25,26
25,196
25,59
25,135
12,284
25,260
25,91
34,17
25,194
33,3
25,99
66,235
25,171
25,301
25,445
25,477
25,366
25,47
25,83
25,312
25,115
26,62
25,192
25,183
25,165
25,150
36,37
34,93
34,219
34,13
25,251
59,341
66,236
25,77
25,156
25,155
25,295
25,116
25,359
25,230
25,109
55,163
25,262
25,95
25,128
25,24
25,4
34,223
25,344
25,387
66,137
25,88
25,290
25,118
25,103
25,311
25,51
25,32
25,164
25,68
25,415
25,133
25,175
25,33
25,191
25,254
25,112
25,193
25,243
25,428
25,199
25,269
25,131
25,323
66,440
25,443
25,310
25,58
25,2
25,142
25,514
25,333
25,5
25,339
66,274
25,10
25,360
25,180
25,139
25,16
25,186
25,94
25,108
25,380
25,367
25,153
65,154
66,92
66,190
66,300
25,136
25,35
25,98
25,504
25,267
25,425
25,19
25,185
25,388
66,134
25,250
25,85
25,252
34,15
25,25
25,27
34,14
25,233
25,197
25,38
66,57
25,396
25,126
25,182
25,170
25,39
25,148
25,303
25,78
66,87
66,114
66,130
68,50
25,31
25,44
25,81
25,392
25,638
25,407
25,173
25,399
25,111
25,7
25,172
25,12
25,187
34,397
66,212
25,9
66,23
25,177
25,46
66,346
25,21
66,42
34,147
25,123
25,18
25,293
25,74
25,29
25,140
25,604
25,376
25,622
48,347
25,670
34,523
66,464
25,661
25,321
25,602
25,582
25,96
25,36
66,683
25,69
25,625
25,570
25,448
25,659
25,648
25,414
25,63
25,620
25,385
66,603
25,572
66,593
25,309
25,505
25,484
25,668
25,674
25,547
66,169
25,571
66,242
25,557
25,70
64,641
66,403
34,627
25,349
25,1
25,569
34,201
25,6
25,305
25,673
66,450
25,605
34,306
34,65
