35,374
45,735
45,664
20,665
22,710
20,704
12,660
45,326
10,699
35,672
10,650
15,602
19,356
56,540
25,667
20,599
35,617
25,638
28,716
42,695
36,655
36,693
12,555
36,627
36,697
10,696
26,621
18,588
35,604
36,589
9,132
2,570
20,259
24,289
29,401
10,571
12,56
29,622
43,568
36,493
35,728
32,647
21,709
26,734
10,670
10,629
35,714
25,715
47,700
27,686
36,720
21,712
38,579
41,536
35,631
10,541
45,293
10,637
20,733
10,731
12,633
43,657
45,603
20,616
10,576
55,479
32,572
29,598
55,452
15,587
38,724
30,623
36,727
10,708
36,711
55,674
43,651
55,600
42,713
27,565
45,702
20,701
45,634
45,684
26,654
35,669
43,630
28,680
28,543
35,510
28,492
36,594
36,561
38,721
26,546
10,641
42,258
38,535
56,460
18,688
36,642
23,692
10,433
36,517
5,521
36,440
34,485
45,482
10,624
32,325
11,564
35,529
30,620
23,530
36,575
35,26
42,671
29,658
9,321
10,656
35,628
49,524
36,538
8,478
36,126
10,380
12,198
12,218
10,367
42,430
42,416
10,409
47,539
43,498
33,652
35,368
35,515
18,648
27,501
18,406
6,109
21,509
26,673
25,668
10,593
12,698
3,690
12,542
21,608
37,488
52,646
32,581
10,606
46,679
55,722
32,247
12,96
39,360
40,534
10,338
18,580
35,643
50,619
34,551
32,459
11,601
31,613
35,442
25,516
8,456
50,46
32,591
22,188
43,508
36,649
39,103
35,424
10,322
45,553
44,566
3,635
5,585
12,502
10,717
35,597
25,489
15,659
10,514
15,560
43,499
4,567
20,497
27,388
27,494
28,145
12,398
7,473
10,435
34,413
12,486
36,454
46,531
12,662
47,389
13,339
35,528
24,470
32,120
28,309
43,429
35,436
55,420
47,396
43,350
3,507
35,372
25,294
10,184
12,242
55,385
36,300
1,487
28,618
12,523
9,316
12,370
12,466
37,450
36,65
10,395
32,519
56,513
35,36
6,58
47,45
35,563
12,160
10,677
12,644
32,544
12,490
10,547
45,341
35,353
10,462
45,60
10,74
36,245
36,153
43,586
12,506
36,449
32,314
42,477
38,238
27,329
35,511
10,392
10,549
43,432
20,362
36,504
35,292
46,505
4,394
1,277
45,354
10,554
53,230
6,471
6,422
35,483
55,268
12,343
39,11
21,330
10,9
32,423
12,129
1,481
28,178
51,290
35,225
48,439
52,119
35,31
14,166
27,111
10,170
9,324
35,550
10,315
10,124
10,375
4,303
47,61
12,146
27,384
45,319
10,200
54,219
55,279
12,311
27,467
57,469
36,444
28,453
35,127
10,334
32,455
12,274
47,227
6,239
10,474
8,237
10,37
34,297
14,148
12,226
35,157
10,224
10,128
35,520
8,661
10,345
10,7
35,23
29,203
10,251
10,241
35,196
35,183
36,234
12,426
32,313
35,271
35,141
10,270
10,182
36,105
10,191
13,265
10,295
35,215
12,181
32,147
43,197
7,348
55,573
10,552
45,605
45,415
10,537
10,443
43,512
10,386
27,557
55,412
14,390
10,522
35,187
10,363
15,189
32,558
32,12
28,70
10,451
10,427
36,441
10,491
32,468
10,205
36,342
10,556
12,318
32,287
35,359
36,28
27,138
10,403
32,140
35,100
35,161
12,13
10,6
15,4
21,33
10,16
10,192
15,59
52,64
10,261
45,82
10,52
10,276
10,149
37,142
10,43
55,387
35,102
10,114
46,173
18,5
36,266
36,222
10,280
26,32
36,465
10,582
55,437
46,425
15,336
10,233
45,211
15,361
10,286
55,495
35,636
40,382
10,400
36,607
10,480
10,484
10,323
35,337
6,185
17,331
52,272
10,344
10,383
32,162
10,17
10,136
55,244
10,418
10,615
35,463
55,283
9,545
10,496
13,86
10,291
15,236
12,41
32,320
32,90
47,168
35,257
10,377
10,1
16,112
10,29
12,263
10,116
12,177
10,47
34,475
36,121
10,327
10,216
46,55
10,448
35,308
36,332
35,137
10,206
12,10
13,592
12,457
10,199
10,317
36,107
10,164
12,369
35,249
36,404
10,106
10,248
10,306
35,378
10,373
10,737
10,685
35,405
10,125
10,458
10,421
10,626
10,22
10,262
13,408
10,93
10,340
10,123
35,476
35,518
10,333
10,75
10,92
36,175
10,683
10,229
46,25
10,104
10,40
10,24
10,718
10,51
10,101
10,464
10,569
15,666
10,610
10,574
10,639
10,675
10,625
36,632
10,221
12,73
10,730
15,726
10,676
10,115
55,682
55,691
55,472
10,736
10,596
10,583
10,577
52,500
55,611
10,612
10,252
10,201
15,30
10,21
10,19
10,89
10,91
10,209
10,366
10,88
35,281
10,223
10,195
55,307
10,118
8,68
10,35
15,328
10,38
10,379
10,50
14,194
15,256
15,80
55,288
10,139
10,298
55,193
10,304
10,357
10,85
10,44
10,143
10,27
36,95
10,407
10,278
10,445
15,584
36,364
10,365
10,253
36,67
55,446
10,152
10,208
10,110
35,335
36,431
32,376
10,310
10,42
10,346
10,172
10,165
56,381
10,156
34,240
10,231
10,371
55,135
36,72
10,113
10,167
10,217
10,18
10,15
10,186
10,169
10,144
15,48
10,34
35,207
10,2
55,84
36,267
36,246
36,393
10,243
54,299
35,414
10,8
10,83
10,3
10,351
10,63
10,179
10,352
10,57
10,81
36,108
36,202
10,503
10,411
10,402
10,154
10,264
36,461
10,204
10,133
10,312
35,447
10,49
10,296
36,213
55,235
10,122
10,284
10,355
10,174
53,190
10,347
10,39
10,260
10,214
10,62
10,210
10,134
55,87
10,77
10,250
10,79
10,130
10,20
10,117
10,97
12,254
10,131
56,180
10,159
10,419
36,54
10,94
10,98
10,53
10,255
10,71
10,158
10,176
10,275
36,397
36,228
10,150
55,723
10,548
10,76
55,527
36,706
36,438
10,562
36,732
10,66
55,78
10,725
55,578
10,703
36,410
10,434
10,707
55,694
10,349
10,705
10,533
10,719
10,417
10,689
10,220
10,399
55,729
10,559
55,155
55,678
55,302
10,687
10,358
10,609
10,526
10,273
10,681
10,653
10,525
10,212
10,640
36,595
55,69
10,590
10,99
10,14
55,663
10,232
55,305
36,614
10,301
10,151
55,391
36,285
10,532
55,428
10,645
10,269
10,163
36,171
36,282
