45,667
39,680
14,672
4,649
39,652
45,651
35,634
19,671
29,669
39,660
21,510
35,656
8,631
38,647
43,598
39,594
14,682
24,107
42,515
22,405
30,138
22,474
29,481
5,519
38,507
15,552
38,639
19,646
28,495
19,617
31,553
2,658
39,616
19,527
41,584
45,543
8,535
37,654
36,583
19,558
18,636
25,664
19,608
32,655
22,666
29,653
9,629
19,676
19,599
31,560
1,601
19,358
22,644
22,446
22,678
19,71
37,633
39,588
15,145
19,395
16,234
13,550
45,426
19,485
46,430
17,429
19,374
39,302
45,129
45,308
19,327
19,416
19,82
26,257
19,8
15,52
8,489
44,152
19,143
19,421
32,587
19,612
9,579
22,623
43,565
19,90
31,486
4,600
16,452
19,378
14,534
40,549
8,352
39,195
5,432
45,353
19,454
41,417
14,473
18,546
19,363
17,330
1,216
22,228
19,427
17,491
19,536
39,453
5,410
19,400
34,541
39,334
20,350
31,555
13,595
6,663
19,637
1,650
19,643
19,563
15,657
19,508
24,681
19,662
19,372
36,626
19,404
5,590
19,513
31,465
39,478
19,447
39,246
43,611
15,613
41,554
4,580
19,566
39,529
45,568
19,476
39,597
19,591
15,551
19,521
17,574
25,573
36,562
15,585
12,511
19,537
19,412
40,632
40,592
8,576
8,578
15,610
19,642
19,615
19,487
19,533
19,530
5,497
3,455
12,544
19,556
19,630
19,531
45,456
36,479
11,268
35,517
33,282
21,422
39,444
19,509
29,351
19,218
19,329
39,326
19,420
36,451
12,518
19,461
42,394
39,528
35,437
19,324
18,548
40,213
39,202
13,645
39,624
14,496
19,460
15,226
38,545
19,204
39,356
19,377
45,127
19,270
21,159
19,217
19,73
19,249
19,291
17,449
19,337
15,72
19,40
29,442
19,459
19,64
22,364
19,419
19,101
19,439
8,609
19,577
16,561
15,606
4,684
20,532
22,618
19,538
19,614
19,581
19,525
5,559
19,539
19,540
38,214
19,677
11,635
8,564
19,607
19,596
19,431
19,492
19,665
45,409
39,297
19,406
22,141
19,462
19,340
19,488
19,522
43,418
8,467
43,475
19,307
39,493
22,381
19,296
19,231
19,120
19,285
15,277
15,391
5,56
19,211
22,524
19,122
19,362
41,271
19,498
39,298
19,503
19,247
19,463
21,86
39,441
19,567
19,28
19,283
20,317
19,266
19,506
19,117
19,184
19,433
15,361
19,483
19,336
19,342
19,322
19,345
1,79
19,280
22,241
27,436
19,178
6,259
19,237
19,162
19,132
18,424
40,256
11,411
19,80
36,371
20,97
45,229
45,166
19,390
19,413
45,325
39,526
1,179
9,286
22,457
17,67
21,466
19,490
19,393
16,575
22,369
19,379
45,471
19,176
39,289
19,398
19,253
19,232
19,512
19,621
19,49
19,288
19,240
22,207
39,276
19,320
19,124
19,542
19,458
21,335
39,239
19,469
8,220
19,354
21,105
4,294
19,279
30,375
45,275
22,470
45,435
19,382
19,384
19,401
19,516
19,161
22,263
19,206
19,386
19,316
7,209
39,125
19,258
19,75
19,331
19,370
19,244
10,160
40,198
22,48
19,205
19,248
19,357
19,494
19,200
19,281
19,272
45,168
19,365
19,373
19,151
40,328
19,265
19,119
17,227
19,43
45,60
19,30
4,188
42,110
20,34
19,438
19,287
32,167
19,238
19,434
19,181
37,158
35,41
19,189
33,100
19,299
19,304
22,113
45,389
19,224
19,278
19,501
33,675
17,679
19,619
19,245
19,500
19,480
19,520
45,686
39,640
19,628
19,589
19,502
19,45
19,402
19,104
19,20
22,319
19,53
42,255
19,332
19,355
39,225
19,22
19,292
19,313
19,685
19,368
19,423
19,54
19,84
19,348
19,215
19,586
39,264
19,55
19,338
39,203
19,315
10,482
19,11
19,273
45,174
19,343
45,499
19,66
19,408
19,383
19,468
19,208
19,472
19,146
19,106
19,102
19,314
19,89
19,61
19,221
45,318
19,261
19,210
19,121
17,222
19,144
19,76
19,157
17,149
19,26
19,196
19,59
19,135
10,284
19,260
19,91
22,17
19,194
21,3
19,99
45,235
19,171
19,301
19,445
19,477
19,366
19,47
19,83
19,312
19,115
19,62
19,192
19,183
19,165
19,150
23,37
22,93
22,219
22,13
19,251
41,341
45,236
19,77
19,156
19,155
19,295
19,116
19,359
19,230
19,109
39,163
19,262
19,95
19,128
19,24
19,4
22,223
19,344
19,387
45,137
19,88
19,290
19,118
19,103
19,311
19,51
19,32
19,164
19,68
19,415
19,133
19,175
19,33
19,191
19,254
19,112
19,193
19,243
19,428
19,199
19,269
19,131
19,323
45,440
19,443
19,310
19,58
19,2
19,142
19,514
19,333
19,5
19,339
45,274
19,10
19,360
19,180
19,139
19,16
19,186
19,94
19,108
19,380
19,367
19,153
45,154
45,92
45,190
45,300
19,136
19,35
19,98
19,504
19,267
19,425
19,19
19,185
19,388
45,134
19,250
19,85
19,252
22,15
19,25
19,27
22,14
19,233
19,197
19,38
45,57
19,396
19,126
19,182
19,170
19,39
19,148
19,303
19,78
45,87
45,114
45,130
45,50
19,31
19,44
19,81
19,392
19,638
19,407
19,173
19,399
19,111
19,7
19,172
19,12
19,187
22,397
45,212
19,9
45,23
19,177
19,46
45,346
19,21
45,42
22,147
19,123
19,18
19,293
19,74
19,29
19,140
19,604
19,376
19,622
33,347
19,670
22,523
45,464
19,661
19,321
19,602
19,582
19,96
19,36
45,683
19,69
19,625
19,570
19,448
19,659
19,648
19,414
19,63
19,620
19,385
45,603
19,572
45,593
19,309
19,505
19,484
19,668
19,674
19,547
45,169
19,571
45,242
19,557
19,70
45,641
45,403
22,627
19,349
19,1
19,569
22,201
19,6
19,305
19,673
45,450
19,605
22,306
22,65
