36,753
35,746
38,76
22,762
26,775
37,512
31,668
45,486
26,706
35,696
49,758
48,699
6,780
25,260
6,711
29,691
13,499
25,796
42,45
45,130
6,206
21,89
18,669
55,632
48,735
31,703
46,724
46,790
22,756
47,782
13,754
23,169
3,777
6,716
46,759
50,761
20,123
4,755
26,774
21,663
34,661
37,788
44,583
28,511
46,739
18,694
13,577
22,690
53,606
5,752
22,767
33,747
58,685
21,383
48,766
17,63
25,713
4,468
26,127
43,679
38,741
13,750
46,672
16,619
46,727
58,742
19,693
15,722
45,717
57,714
38,528
14,504
49,608
18,660
18,510
46,605
46,698
14,728
33,634
37,635
48,526
1,574
37,502
6,417
44,372
51,537
53,473
37,432
46,544
15,282
33,589
33,337
15,557
43,224
43,710
13,721
21,626
46,385
46,529
49,405
42,395
39,426
49,617
26,595
46,671
8,552
41,515
48,666
5,667
58,551
5,615
43,603
31,683
28,522
6,569
18,680
58,505
15,627
22,516
15,723
39,686
49,466
46,719
4,725
49,689
38,637
46,564
39,568
31,286
46,306
25,464
25,453
53,436
47,313
25,28
35,329
33,77
34,218
49,268
49,494
49,440
49,514
49,449
38,769
32,378
33,65
32,783
49,598
6,700
31,625
49,720
48,654
41,662
38,452
46,597
18,256
34,438
40,105
12,240
59,673
18,590
49,612
36,638
42,533
4,622
58,565
42,563
49,664
46,506
4,670
33,692
33,675
48,348
47,541
42,381
49,459
14,584
39,618
25,548
6,546
54,650
3,384
43,408
34,358
32,312
15,779
6,27
52,642
42,718
33,441
44,740
47,592
50,300
49,518
46,227
47,211
45,628
47,213
2,99
11,443
45,639
4,677
3,35
58,155
49,392
46,195
49,98
49,174
11,30
24,462
46,237
49,393
46,422
45,226
42,542
17,298
6,376
46,294
48,305
26,580
52,198
27,331
27,336
46,134
45,192
47,315
46,196
52,682
41,540
48,591
27,148
36,391
26,271
50,547
52,567
6,653
47,704
43,418
42,280
46,630
50,415
31,463
4,687
28,594
49,357
45,360
54,434
49,550
15,629
14,536
6,490
33,368
27,140
35,520
19,125
46,302
33,458
58,11
37,100
46,517
22,141
6,343
26,480
27,308
31,325
38,461
14,245
46,623
53,531
14,364
49,497
39,521
13,534
44,684
25,460
4,601
29,620
12,543
48,715
49,139
49,420
46,212
24,142
26,610
24,651
46,586
4,151
37,425
22,423
6,508
56,73
45,401
40,347
47,539
45,498
37,399
43,561
47,538
50,640
46,621
49,487
49,475
33,649
33,562
47,575
46,571
49,611
49,316
34,648
14,633
58,712
46,442
46,613
33,407
47,350
49,409
45,554
15,410
10,489
4,122
7,176
4,448
48,607
37,501
49,695
17,614
58,532
48,446
46,560
50,301
47,194
48,205
23,207
18,162
49,582
47,335
46,168
5,143
37,208
4,369
50,103
43,588
49,573
49,397
58,281
54,555
49,248
46,307
24,344
49,108
5,25
4,332
15,279
4,362
5,230
43,55
49,12
46,363
48,530
49,323
14,81
48,373
48,513
49,545
41,328
36,527
30,173
49,375
49,152
50,394
14,219
46,359
48,604
29,479
48,341
47,587
41,299
46,330
11,241
41,234
46,370
33,471
46,600
46,503
46,412
3,636
4,467
4,658
4,674
4,193
49,470
46,36
47,8
48,201
46,20
41,246
49,214
27,69
49,435
4,292
49,437
21,295
4,225
14,197
46,317
4,238
49,356
46,112
49,94
49,297
42,60
50,95
58,183
32,342
49,43
4,85
46,191
49,274
22,215
49,189
60,164
47,175
49,101
58,19
49,167
46,411
6,239
4,760
58,652
14,86
4,396
46,365
5,380
49,107
45,229
46,153
45,377
46,158
39,456
46,293
46,483
49,137
46,172
4,252
6,52
49,190
52,304
49,303
46,257
4,314
27,146
46,171
46,92
6,91
24,382
40,79
4,414
49,185
46,145
49,147
49,265
47,113
49,150
46,7
4,129
46,242
50,26
46,138
58,309
50,477
50,157
58,184
46,41
3,10
49,136
4,254
34,2
12,126
48,154
49,61
24,266
4,3
40,144
58,71
4,128
46,272
49,439
9,178
49,121
49,102
4,643
4,339
6,324
46,83
37,80
4,88
49,296
49,288
46,259
58,6
49,42
46,495
50,232
46,163
46,1
46,366
4,4
49,261
10,29
46,119
46,519
46,289
48,419
46,51
46,48
46,402
49,22
46,54
22,40
49,97
49,333
46,32
15,578
6,602
4,131
46,135
48,57
46,132
46,18
48,14
49,179
49,275
46,349
49,283
6,455
49,481
46,285
49,210
49,59
49,104
46,9
47,263
49,39
46,284
48,220
46,5
49,233
46,264
4,223
49,222
46,398
46,576
4,451
49,231
49,253
29,374
46,16
4,556
4,277
49,367
49,244
49,44
46,114
46,353
46,318
6,90
49,120
46,186
46,523
4,249
49,118
58,68
49,93
46,64
49,404
27,267
46,250
23,310
4,361
47,430
4,177
49,72
46,371
46,78
6,270
49,273
50,31
49,47
46,62
46,17
49,96
46,161
58,74
49,334
46,46
4,156
46,116
46,23
4,75
50,56
49,216
23,326
46,255
48,67
46,37
46,478
49,278
46,159
4,209
49,379
49,200
46,509
49,319
49,235
46,447
58,221
46,228
46,188
46,702
49,49
49,269
46,133
49,87
4,428
46,688
46,581
46,596
46,389
49,655
49,553
58,599
46,549
49,641
46,570
46,124
50,646
46,579
46,388
46,676
49,624
4,678
46,705
37,287
58,482
57,387
4,525
58,491
49,492
49,485
46,558
49,400
51,406
49,416
46,390
4,465
6,665
6,450
50,165
6,322
46,496
46,320
46,170
46,354
46,352
4,431
46,58
46,243
46,340
46,559
46,444
46,609
46,457
46,403
50,507
46,276
4,476
46,38
4,202
46,351
46,355
58,433
49,111
46,109
49,338
46,50
46,182
49,203
4,33
46,386
46,474
46,795
46,701
46,781
46,262
49,792
46,794
6,793
46,770
46,290
46,115
6,524
52,34
46,13
49,21
4,15
46,708
58,797
6,737
6,736
46,180
46,786
49,773
46,745
46,771
49,734
46,709
46,731
46,772
46,251
46,743
46,236
46,748
46,749
46,798
46,787
58,445
46,187
46,217
58,732
58,493
6,566
6,657
58,656
6,454
46,427
6,585
6,535
58,659
46,697
46,149
46,84
46,789
6,321
7,744
6,488
46,106
46,199
6,82
6,751
46,429
58,616
46,785
46,593
46,778
46,469
46,765
58,484
46,738
46,204
51,311
46,733
46,726
58,327
58,729
58,345
46,258
46,730
58,707
46,631
6,768
6,500
6,644
6,791
46,110
46,681
58,166
46,764
58,424
46,757
46,413
6,647
46,784
46,472
58,763
58,776
6,572
6,66
46,53
6,117
46,645
58,70
6,247
6,346
6,181
6,24
46,291
6,421
6,160
