39,753
38,746
41,76
22,762
27,775
40,512
34,668
48,486
27,706
38,696
54,758
53,699
6,780
26,260
6,711
32,691
13,499
26,796
45,45
48,130
6,206
21,89
18,669
63,632
53,735
34,703
51,724
51,790
22,756
52,782
13,754
24,169
3,777
6,716
49,759
57,761
20,123
4,755
27,774
21,663
37,661
40,788
47,583
30,511
51,739
18,694
13,577
23,690
61,606
5,752
22,767
36,747
66,685
21,383
53,766
17,63
26,713
4,468
27,127
46,679
41,741
13,750
51,672
16,619
51,727
66,742
19,693
15,722
48,717
65,714
41,528
14,504
54,608
18,660
18,510
51,605
51,698
14,728
36,634
40,635
53,526
1,574
40,502
6,417
47,372
59,537
61,473
40,432
51,544
15,282
36,589
36,337
15,557
46,224
46,710
13,721
21,626
49,385
50,529
54,405
45,395
42,426
55,617
27,595
51,671
8,552
44,515
53,666
5,667
66,551
5,615
46,603
34,683
31,522
6,569
18,680
66,505
15,627
22,516
15,723
42,686
55,466
51,719
4,725
54,689
41,637
51,564
42,568
34,286
51,306
26,464
26,453
61,436
52,313
26,28
38,329
36,77
37,218
54,268
54,494
54,440
54,514
55,449
41,769
35,378
36,65
35,783
54,598
6,700
34,625
54,720
53,654
44,662
41,452
49,597
18,256
37,438
43,105
12,240
67,673
18,590
55,612
39,638
45,533
4,622
66,565
45,563
55,664
51,506
4,670
36,692
36,675
53,348
52,541
45,381
55,459
14,584
42,618
26,548
6,546
62,650
3,384
46,408
37,358
35,312
15,779
6,27
60,642
45,718
36,441
47,740
52,592
56,300
55,518
49,227
52,211
48,628
52,213
2,99
11,443
48,639
4,677
3,35
66,155
55,392
51,195
55,98
55,174
11,30
25,462
50,237
54,393
50,422
48,226
45,542
17,298
6,376
51,294
53,305
27,580
60,198
29,331
29,336
51,134
48,192
52,315
50,196
60,682
44,540
53,591
28,148
39,391
27,271
56,547
60,567
6,653
52,704
46,418
45,280
51,630
56,415
34,463
4,687
30,594
54,357
48,360
62,434
55,550
15,629
14,536
6,490
36,368
28,140
38,520
19,125
51,302
36,458
66,11
40,100
51,517
22,141
6,343
27,480
29,308
34,325
41,461
14,245
51,623
61,531
14,364
54,497
42,521
13,534
47,684
26,460
4,601
32,620
12,543
53,715
54,139
55,420
51,212
25,142
27,610
25,651
51,586
4,151
40,425
22,423
6,508
64,73
48,401
43,347
52,539
48,498
40,399
46,561
52,538
56,640
50,621
55,487
54,475
36,649
36,562
52,575
51,571
55,611
54,316
37,648
14,633
66,712
51,442
51,613
36,407
52,350
55,409
48,554
15,410
10,489
4,122
7,176
4,448
53,607
40,501
54,695
17,614
66,532
53,446
51,560
56,301
52,194
53,205
24,207
18,162
55,582
52,335
51,168
5,143
40,208
4,369
56,103
46,588
54,573
55,397
66,281
62,555
54,248
51,307
25,344
55,108
5,25
4,332
15,279
4,362
5,230
46,55
54,12
51,363
53,530
54,323
14,81
53,373
53,513
54,545
44,328
39,527
33,173
54,375
55,152
56,394
14,219
51,359
53,604
32,479
53,341
52,587
44,299
51,330
11,241
44,234
51,370
36,471
51,600
51,503
51,412
3,636
4,467
4,658
4,674
4,193
54,470
49,36
52,8
53,201
51,20
44,246
55,214
29,69
54,435
4,292
54,437
21,295
4,225
14,197
51,317
4,238
55,356
51,112
55,94
55,297
45,60
56,95
66,183
35,342
54,43
4,85
51,191
54,274
22,215
54,189
68,164
52,175
54,101
66,19
54,167
51,411
6,239
4,760
66,652
14,86
4,396
51,365
5,380
54,107
48,229
51,153
48,377
51,158
42,456
51,293
50,483
55,137
50,172
4,252
6,52
55,190
60,304
55,303
51,257
4,314
28,146
51,171
51,92
6,91
25,382
43,79
4,414
54,185
51,145
54,147
54,265
52,113
54,150
51,7
4,129
51,242
56,26
51,138
66,309
56,477
56,157
66,184
51,41
3,10
55,136
4,254
37,2
12,126
53,154
54,61
25,266
4,3
43,144
66,71
4,128
51,272
55,439
9,178
55,121
54,102
4,643
4,339
6,324
51,83
40,80
4,88
54,296
54,288
51,259
66,6
55,42
51,495
56,232
51,163
51,1
51,366
4,4
54,261
10,29
51,119
51,519
51,289
53,419
51,51
51,48
51,402
54,22
50,54
22,40
54,97
54,333
51,32
15,578
6,602
4,131
51,135
53,57
51,132
51,18
53,14
54,179
55,275
51,349
54,283
6,455
54,481
51,285
55,210
54,59
54,104
51,9
52,263
54,39
51,284
53,220
51,5
54,233
51,264
4,223
54,222
51,398
51,576
4,451
55,231
55,253
32,374
51,16
4,556
4,277
55,367
55,244
55,44
51,114
51,353
51,318
6,90
54,120
51,186
51,523
4,249
55,118
66,68
55,93
51,64
55,404
28,267
51,250
24,310
4,361
52,430
4,177
55,72
51,371
51,78
6,270
54,273
56,31
55,47
51,62
51,17
54,96
50,161
66,74
54,334
51,46
4,156
51,116
51,23
4,75
56,56
54,216
24,326
51,255
53,67
51,37
51,478
55,278
51,159
4,209
54,379
55,200
51,509
55,319
55,235
51,447
66,221
51,228
51,188
51,702
54,49
55,269
51,133
54,87
4,428
51,688
51,581
51,596
50,389
54,655
54,553
66,599
51,549
55,641
51,570
51,124
56,646
51,579
51,388
49,676
55,624
4,678
51,705
40,287
66,482
65,387
4,525
66,491
55,492
55,485
51,558
54,400
58,406
54,416
51,390
4,465
6,665
6,450
56,165
6,322
51,496
51,320
51,170
51,354
51,352
4,431
51,58
51,243
51,340
51,559
51,444
51,609
51,457
51,403
56,507
51,276
4,476
49,38
4,202
51,351
51,355
66,433
54,111
51,109
54,338
51,50
51,182
54,203
4,33
51,386
51,474
51,795
51,701
51,781
51,262
55,792
51,794
6,793
51,770
51,290
51,115
6,524
60,34
51,13
54,21
4,15
51,708
66,797
6,737
6,736
51,180
51,786
55,773
51,745
51,771
54,734
51,709
51,731
51,772
51,251
51,743
51,236
51,748
51,749
51,798
51,787
66,445
51,187
51,217
66,732
66,493
6,566
6,657
66,656
6,454
51,427
6,585
6,535
66,659
51,697
50,149
51,84
51,789
6,321
7,744
6,488
51,106
51,199
6,82
6,751
51,429
66,616
51,785
51,593
51,778
51,469
51,765
66,484
51,738
51,204
58,311
51,733
51,726
66,327
66,729
66,345
51,258
51,730
66,707
51,631
6,768
6,500
6,644
6,791
51,110
51,681
66,166
51,764
66,424
51,757
51,413
6,647
51,784
51,472
66,763
66,776
6,572
6,66
51,53
6,117
51,645
66,70
6,247
6,346
6,181
6,24
51,291
6,421
6,160
