7,89
8,112
9,33
2,49
10,80
1,113
12,41
1,120
2,65
12,81
14,168
1,67
8,76
2,29
10,189
1,104
13,122
3,75
10,23
10,87
13,121
10,96
10,82
1,28
10,140
10,92
10,117
10,272
10,50
13,102
10,148
13,107
10,68
10,162
10,85
13,56
13,98
3,97
1,60
10,146
10,161
10,22
10,235
12,84
10,20
10,95
10,201
13,42
10,79
10,101
13,70
12,69
13,105
13,58
10,78
10,200
10,55
10,115
10,40
10,88
10,209
10,57
10,114
13,34
10,156
10,77
10,47
10,27
10,91
10,93
10,190
2,63
8,45
10,240
10,138
10,66
10,171
10,26
10,46
10,61
10,31
10,90
13,35
10,15
10,59
8,25
10,232
10,271
10,62
10,19
10,71
10,268
10,244
8,247
10,175
10,264
10,133
10,109
1,43
13,127
10,248
10,249
13,254
10,198
10,221
10,218
10,181
13,158
10,233
10,74
13,5
10,106
10,110
10,126
10,267
1,257
10,3
8,94
8,170
10,119
10,183
10,216
13,178
13,202
13,179
10,172
10,2
2,212
13,224
13,118
13,180
12,13
10,73
13,86
5,261
13,30
13,225
10,160
13,154
10,103
5,228
2,37
13,217
13,124
3,153
10,111
13,182
10,83
13,108
2,166
13,32
13,197
13,184
13,164
5,125
10,53
13,36
10,208
12,152
13,236
10,177
10,203
12,219
13,130
5,129
13,187
13,196
10,48
12,173
8,193
10,100
8,17
13,137
5,252
10,147
13,139
13,195
8,151
8,64
8,207
10,188
13,222
8,215
13,234
13,205
3,143
13,211
13,21
10,51
10,54
3,157
2,131
13,255
12,256
13,223
13,134
13,144
10,231
13,199
10,176
10,220
8,270
13,149
12,185
13,210
2,136
13,260
13,167
10,259
13,123
13,262
8,194
3,52
12,214
13,241
8,132
13,204
10,237
13,44
13,169
10,229
13,159
13,10
8,163
13,7
1,239
12,243
13,269
12,266
4,227
13,186
10,145
10,238
13,213
10,191
13,245
12,18
3,38
12,258
10,250
12,230
4,242
12,251
10,246
3,141
4,135
10,165
10,174
10,253
4,265
4,155
13,273
5,1
10,150
13,142
13,192
9,72
3,4
13,9
13,128
8,263
13,206
2,14
10,24
5,226
12,12
11,99
10,116
12,39
13,16
10,8
10,6
6,11
