4,833
4,565
8,831
4,845
5,640
8,769
8,767
4,682
4,739
3,713
3,797
4,832
8,732
4,762
5,691
4,642
4,756
8,795
4,367
8,711
1,776
5,810
4,671
4,607
8,747
7,822
4,318
5,494
8,669
3,853
4,847
4,818
4,751
7,114
8,687
4,793
8,731
8,608
2,559
2,645
4,707
4,353
4,839
4,771
8,543
5,750
4,723
4,322
4,689
8,763
4,817
8,714
4,709
4,802
4,676
4,746
7,653
8,598
4,573
8,184
4,748
8,179
2,782
4,638
4,675
4,571
4,761
4,579
8,595
5,485
8,304
7,646
7,719
8,778
8,619
8,672
7,615
8,734
4,555
8,764
4,774
4,848
5,668
5,677
8,216
4,212
2,695
4,685
8,305
4,820
6,605
4,686
4,826
4,787
8,841
8,789
5,825
4,819
5,840
2,704
4,416
8,792
8,850
4,829
4,575
4,790
8,712
5,814
4,737
4,740
4,532
4,170
8,568
4,588
8,48
4,550
4,566
4,754
8,547
5,843
4,718
4,725
4,816
8,849
5,806
4,661
4,842
4,437
8,824
4,429
4,652
4,462
4,259
4,518
8,94
4,524
4,19
4,109
7,479
4,478
4,567
4,9
8,326
4,246
8,604
2,618
4,692
8,226
4,422
5,558
8,766
5,267
8,639
6,445
8,800
8,17
5,378
8,727
4,418
4,770
4,328
8,706
4,384
8,374
4,253
5,643
4,234
4,345
4,854
4,670
4,830
4,59
4,131
8,681
2,745
7,852
8,696
5,834
4,779
4,773
5,637
2,708
8,610
4,683
4,512
2,557
4,520
4,654
4,625
4,611
7,626
5,499
4,563
7,393
4,634
8,587
5,589
8,651
4,535
8,562
5,678
8,743
4,585
8,757
8,622
4,788
4,693
4,530
4,118
7,442
4,702
4,703
4,721
4,541
4,656
4,755
2,684
4,781
4,516
4,627
4,644
4,722
8,453
8,522
4,255
4,556
4,423
4,657
4,796
4,837
4,309
4,443
4,600
4,552
6,803
4,738
4,597
4,663
8,617
4,574
4,635
4,591
8,649
4,716
8,705
4,623
4,780
5,641
4,760
4,694
2,580
4,724
4,630
8,458
4,799
4,648
4,759
8,658
4,667
4,477
8,504
2,551
4,592
4,741
4,513
4,472
4,544
4,596
8,459
4,469
4,167
4,444
5,515
8,377
4,338
4,2
5,8
4,435
4,295
4,528
7,401
8,386
4,380
8,534
4,385
5,249
6,55
2,381
4,427
4,483
4,362
1,388
4,390
8,475
4,317
4,144
4,468
4,237
2,187
4,484
4,315
4,449
4,564
4,726
4,465
4,481
4,599
4,700
4,578
6,620
4,323
4,749
4,583
5,116
4,577
4,594
4,768
4,394
4,343
8,169
1,433
4,329
4,344
4,199
2,744
4,283
4,398
4,265
4,506
4,222
4,519
4,655
4,81
4,440
4,375
5,349
4,330
4,526
8,498
4,662
4,650
2,493
4,432
4,266
4,365
4,276
4,12
4,136
4,229
8,68
2,368
4,90
4,133
4,476
4,364
4,537
4,279
4,402
4,209
8,132
3,141
4,348
2,400
4,570
4,614
4,680
4,542
4,452
2,51
8,32
4,193
8,715
4,511
4,593
4,752
8,473
4,569
4,601
8,492
4,502
4,501
8,404
8,327
4,730
4,728
4,697
4,572
4,447
3,391
4,436
4,497
4,742
4,508
4,673
8,772
5,699
8,688
4,733
4,586
4,431
4,603
4,500
4,523
4,214
8,263
4,576
5,293
8,42
8,306
2,439
8,221
5,126
4,122
8,41
4,134
4,233
8,92
4,121
5,270
4,357
2,185
4,56
4,448
2,303
8,514
8,308
4,406
4,335
4,49
4,257
4,609
4,415
4,236
8,584
4,67
4,366
4,482
8,66
4,142
4,710
4,173
4,110
4,190
4,161
4,413
8,127
4,180
4,271
4,313
5,138
8,546
4,290
4,147
8,231
8,23
4,631
8,616
4,488
4,346
8,208
4,521
4,268
4,387
2,33
4,1
4,302
4,311
4,347
4,213
9,93
8,392
4,399
4,296
8,549
4,128
4,188
4,529
4,242
4,53
4,79
4,165
4,43
4,403
4,621
4,430
2,582
8,495
4,227
8,505
8,291
5,525
4,503
4,679
4,456
4,215
8,218
4,461
4,171
4,319
4,203
4,517
4,420
4,510
4,355
4,333
4,331
5,467
4,86
8,735
4,82
4,480
4,613
4,647
4,354
4,466
4,441
4,228
4,111
4,352
4,341
4,359
4,463
4,105
4,260
4,24
4,256
8,280
4,324
4,264
4,117
5,112
4,297
8,4
4,240
4,189
5,160
4,106
8,14
5,211
8,88
4,27
4,130
4,289
4,159
8,225
4,31
4,272
4,16
4,65
4,149
4,332
4,207
5,172
8,219
4,244
4,561
4,312
4,241
4,252
2,247
4,278
4,371
4,250
4,548
4,428
4,195
4,275
4,64
4,232
4,300
4,168
4,298
4,337
4,307
4,358
4,238
4,104
4,340
4,101
4,36
8,301
4,316
4,334
4,137
4,123
4,356
4,61
4,163
4,54
2,140
4,98
4,44
4,220
4,47
4,285
4,373
4,230
4,206
4,784
4,855
4,539
8,861
4,28
4,808
4,720
2,450
4,46
4,851
4,785
4,99
4,181
5,152
4,108
4,97
4,277
4,192
4,813
4,70
4,5
4,22
4,659
4,857
4,660
5,15
4,859
4,166
4,314
2,178
2,828
4,83
4,407
5,248
8,197
4,273
4,201
8,531
4,860
4,157
4,396
4,120
4,821
4,701
4,286
4,805
4,777
4,823
4,632
4,612
4,84
4,419
4,674
4,624
4,815
4,336
4,125
4,858
4,507
4,801
5,835
5,536
4,758
4,698
4,150
8,553
5,491
8,412
4,665
4,287
4,154
4,235
4,310
4,91
4,451
5,269
4,540
4,666
4,85
4,405
4,370
4,460
4,581
4,471
4,414
4,408
4,274
4,446
4,496
4,261
4,434
8,35
4,25
4,360
4,89
4,45
4,487
4,177
4,74
5,425
4,664
4,155
5,143
4,129
4,527
4,58
4,243
4,145
4,6
4,490
4,113
4,75
4,103
4,38
4,62
4,80
4,205
4,18
2,254
4,115
4,148
5,223
4,151
4,37
4,294
4,29
4,69
4,198
4,162
4,164
2,489
4,636
4,383
4,282
4,438
4,602
4,633
2,95
4,417
4,409
4,204
4,538
4,509
4,71
4,457
4,382
4,426
4,339
4,96
4,350
4,554
4,690
4,76
4,411
2,376
4,196
4,284
4,474
4,454
5,153
4,202
4,13
4,124
4,239
4,245
4,455
2,135
4,52
4,258
4,320
4,397
4,395
4,224
4,156
4,78
4,158
1,102
4,183
5,545
4,533
4,3
4,372
4,174
4,7
2,50
5,379
5,107
2,119
4,60
4,20
4,200
4,470
2,26
4,73
4,139
3,281
4,191
4,194
4,72
2,77
4,34
4,210
5,176
4,57
4,606
2,838
5,836
4,560
2,765
5,351
2,63
4,844
2,629
2,811
5,421
4,464
5,827
4,717
4,175
4,809
4,410
4,590
5,846
4,363
5,804
4,783
4,251
4,39
2,486
5,856
4,40
4,182
4,812
4,369
4,146
4,262
5,342
2,807
4,736
2,217
4,753
4,791
4,288
4,786
4,325
2,87
4,424
2,729
4,186
4,299
4,798
4,628
5,100
4,321
4,21
4,775
5,292
2,10
5,794
5,389
5,30
5,361
5,11
