2,1206
16,1208
16,1210
16,1064
16,1219
3,1236
16,703
17,1232
16,1207
11,1157
7,1199
2,1082
11,1112
15,1212
11,1095
8,889
17,1144
7,1227
11,876
11,1118
17,1005
11,954
11,1089
16,1042
15,561
17,1087
17,591
11,1223
4,1139
11,928
2,1222
2,908
11,784
7,1077
11,891
11,1056
11,912
3,1228
11,1215
11,655
5,946
11,970
11,996
10,532
11,581
2,485
17,722
1,751
8,829
11,1192
17,1194
11,514
11,831
10,1197
11,633
11,967
16,500
11,1030
8,952
1,386
11,1221
8,880
11,1032
11,1166
11,1001
11,697
7,1133
9,659
11,993
16,1163
11,1196
15,1053
11,520
11,978
11,1204
11,1147
5,798
11,981
16,1101
9,850
10,1060
9,1153
8,1079
11,1195
11,1022
11,1010
9,1205
11,1116
11,636
1,701
11,1052
11,927
11,602
11,522
11,1094
2,853
11,351
11,745
11,811
8,1067
8,583
11,772
11,1086
11,863
11,716
4,564
5,385
11,816
11,725
11,580
11,1231
11,1176
5,882
16,411
11,660
7,920
11,913
8,374
4,288
17,631
11,683
18,393
9,518
11,621
11,400
11,577
11,1046
11,667
11,1114
11,554
11,456
16,723
8,720
8,953
5,959
9,1122
11,937
11,1058
11,543
11,982
11,578
5,791
11,511
16,1049
7,740
9,1098
4,692
7,727
10,593
16,427
11,415
10,493
16,430
5,1115
7,841
11,1031
11,919
5,861
8,1217
1,1224
11,1161
1,773
11,823
11,565
11,626
7,1120
10,991
11,979
11,1076
11,1182
11,526
11,1008
11,894
11,830
11,969
11,947
11,999
11,1105
11,704
11,512
11,428
8,612
11,486
11,744
11,1132
11,466
10,842
11,980
11,1063
11,817
8,1029
11,775
11,568
10,681
11,730
6,781
11,851
11,1068
11,762
11,608
25,729
11,690
11,1141
11,944
7,767
11,611
8,930
11,1016
11,549
11,1121
11,609
11,790
11,865
11,825
11,1143
11,1047
10,845
11,984
11,1119
11,888
10,590
11,843
11,708
11,641
11,685
3,574
10,1211
11,1225
11,642
11,1198
11,1202
11,1226
16,698
11,972
7,1051
11,1156
7,1184
11,837
8,684
11,1177
11,713
11,1229
11,1164
7,1126
11,801
11,924
11,917
11,1216
11,1235
11,1218
11,1158
11,872
11,1209
11,1185
11,1136
11,916
11,1017
11,1234
11,1138
16,1036
11,1104
11,1220
7,709
11,1175
11,800
11,1088
11,921
8,584
7,465
11,1146
7,1169
11,918
11,962
11,1142
11,788
11,1055
11,1129
11,765
11,1128
11,802
8,629
11,777
8,1075
11,1018
11,669
11,896
11,824
11,938
11,529
11,388
11,792
11,854
11,535
16,1069
9,878
11,1180
11,810
10,1170
11,1171
11,285
11,915
11,1151
11,1092
10,652
7,1154
11,1168
11,334
11,1173
1,645
11,412
11,657
11,846
11,503
5,995
11,318
11,866
11,1109
11,983
1,910
11,1125
11,809
11,1145
11,625
11,505
9,732
11,1004
11,771
11,968
11,1024
11,855
11,956
10,743
11,1083
11,1045
11,1131
11,640
8,933
11,524
11,1165
11,1000
11,760
11,1174
11,617
11,1187
5,955
11,884
11,904
11,1048
11,752
11,844
11,536
11,632
11,1044
11,1200
9,587
11,1034
11,828
7,1123
3,717
11,813
11,869
11,974
11,1003
11,840
11,1090
11,1135
11,1084
11,769
1,1040
16,964
11,502
11,1021
11,1106
11,754
11,1006
23,1113
5,966
11,832
11,594
11,682
11,691
11,618
11,1137
11,1189
11,1002
11,712
11,1213
11,793
11,961
11,895
11,1230
11,1214
11,677
11,348
11,1178
11,936
8,934
11,932
11,1188
11,395
11,734
7,1152
11,1111
11,997
7,1043
11,758
1,906
11,676
11,903
13,646
11,1148
11,925
11,668
11,1071
11,949
11,1140
11,540
11,875
10,322
9,735
11,747
11,544
11,390
17,1097
11,1183
11,569
11,941
11,702
24,893
11,582
3,647
11,1059
11,1134
11,768
11,960
11,858
11,929
7,990
11,672
11,1130
11,1020
11,864
11,551
11,282
11,601
11,886
11,513
11,449
11,1110
11,623
11,988
11,779
11,736
8,572
11,1124
11,320
11,586
11,275
11,384
11,812
11,592
9,635
11,380
11,1167
11,1062
11,746
11,883
5,1033
9,506
11,958
11,852
11,976
11,494
11,562
11,497
11,898
11,527
11,870
22,731
11,530
8,787
11,987
16,794
11,897
11,573
11,1093
11,733
11,689
11,403
11,501
9,822
11,1054
11,902
11,821
11,627
11,662
11,780
11,671
10,710
11,445
11,839
11,539
11,566
11,1023
11,948
11,1149
11,877
11,686
10,890
11,867
11,911
11,885
11,776
11,973
9,1014
11,1091
11,1072
11,567
11,1028
11,1027
11,1080
11,498
1,695
11,600
11,940
11,488
11,496
11,558
11,556
11,408
11,432
11,439
11,437
11,674
11,795
11,1057
11,1150
11,579
11,576
11,738
11,441
11,422
11,198
11,93
11,95
11,286
11,489
11,257
11,157
11,236
11,311
11,477
11,806
11,696
11,610
11,994
9,724
11,458
11,860
11,596
11,1099
11,785
11,820
11,1009
11,504
11,1107
11,835
11,826
11,805
11,679
11,656
11,763
11,541
11,721
11,1061
11,418
11,650
11,753
11,649
11,766
11,874
11,750
11,922
11,957
11,783
11,926
11,807
11,1085
11,899
11,847
11,943
11,1100
11,986
11,670
12,764
11,654
11,510
11,665
11,818
11,387
11,862
11,588
11,658
11,827
11,310
11,375
11,680
11,394
11,223
11,1038
11,571
11,705
11,473
11,247
11,749
11,620
11,129
11,86
11,232
11,280
11,315
11,484
11,675
11,538
11,545
11,459
11,302
11,172
11,255
8,343
11,434
11,333
11,1015
11,585
11,971
11,546
11,859
11,624
11,507
11,266
11,209
11,349
1,219
11,517
11,443
11,435
11,292
11,104
11,354
11,552
1,542
11,164
11,214
11,188
11,151
11,297
11,347
11,737
11,550
11,416
11,848
11,360
1,371
11,598
11,352
9,267
11,338
11,128
11,433
11,487
11,834
11,296
11,871
11,977
11,799
11,856
11,1041
11,1073
11,475
11,139
11,833
11,401
11,1070
11,350
11,604
11,321
19,471
11,85
11,98
11,312
11,189
11,234
11,242
11,560
11,190
11,367
11,357
11,225
25,206
11,238
11,328
11,180
11,341
11,589
11,362
11,303
11,379
11,460
11,84
11,246
20,261
11,326
11,786
11,638
11,1103
11,256
11,942
8,814
11,399
11,548
11,218
11,173
11,193
11,141
11,143
11,279
11,277
11,78
11,63
11,313
11,363
11,105
11,472
11,220
11,688
11,605
11,323
11,421
11,1162
11,442
11,905
11,426
11,91
11,797
11,452
11,366
11,340
11,892
11,719
11,327
11,1190
11,998
11,228
11,224
11,210
11,254
11,339
11,474
11,715
11,270
11,121
11,213
11,186
11,289
11,202
11,290
11,252
11,378
11,112
11,308
11,156
11,273
11,836
3,1096
11,204
11,230
11,265
11,65
11,881
11,229
11,448
11,163
11,222
11,97
11,171
11,89
11,755
11,69
8,335
11,88
11,678
11,287
11,241
11,179
11,127
11,140
11,276
11,212
11,203
11,492
11,200
11,476
11,92
11,353
11,547
11,165
11,262
11,317
11,570
11,192
11,184
11,531
11,615
11,653
5,346
11,796
11,329
11,324
11,849
11,240
11,300
11,248
11,417
11,306
11,344
11,634
11,185
11,616
11,307
11,707
11,178
11,301
11,628
11,243
11,939
11,907
11,450
11,409
11,414
11,272
11,161
11,446
11,482
11,1159
11,706
11,253
11,264
11,490
11,951
11,603
11,423
11,398
11,413
11,1127
11,613
11,365
21,444
11,463
11,170
11,259
11,274
11,137
11,94
11,174
11,169
11,71
11,64
11,258
11,516
11,382
11,183
11,208
26,480
11,108
11,138
11,838
11,368
11,700
9,176
11,103
11,249
11,109
11,250
11,117
11,742
11,931
11,131
11,373
11,110
11,130
11,56
11,211
11,99
11,464
11,694
11,757
11,1155
11,1026
11,756
11,1025
11,622
11,1035
11,714
11,639
11,356
11,759
11,316
11,396
8,607
11,1181
11,739
11,559
11,533
11,1108
11,508
11,521
11,644
11,761
11,1065
11,619
11,331
11,661
5,606
11,168
11,455
11,614
11,741
11,555
11,406
11,782
11,525
11,519
11,726
11,963
25,231
11,693
11,673
11,804
11,1037
11,914
11,453
11,534
11,381
11,563
11,391
11,372
11,770
11,597
11,803
11,887
11,965
11,748
11,945
11,553
11,336
11,425
11,778
11,528
11,819
11,537
11,1201
11,1012
11,1013
11,950
11,451
11,599
11,278
11,495
11,637
11,728
11,361
11,467
11,901
11,330
11,197
11,975
11,1039
11,1203
11,461
11,868
11,1233
11,342
11,293
11,575
5,1019
11,291
11,181
11,195
11,111
11,216
11,251
9,648
11,436
11,457
11,364
11,470
11,392
11,808
11,478
11,900
11,389
11,1007
11,1172
11,1193
11,36
11,66
11,13
11,74
11,37
11,124
19,35
11,58
11,22
11,177
11,75
11,30
11,45
11,39
11,43
11,53
11,115
11,664
11,125
11,199
11,40
11,73
11,15
11,989
11,61
11,23
11,33
11,383
11,299
11,19
11,20
11,28
11,10
11,50
11,42
11,52
11,55
11,102
11,404
11,284
11,447
11,126
11,215
11,76
11,245
4,175
11,440
11,595
11,410
11,509
11,217
11,44
11,149
11,1066
11,304
11,499
11,332
11,298
11,194
11,227
11,419
10,1186
11,1078
11,167
11,54
11,152
11,187
11,221
11,81
9,1081
11,233
11,114
11,260
10,57
11,483
11,150
14,294
11,370
11,24
11,132
11,3
11,144
11,5
11,7
11,1237
11,9
11,4
11,70
11,2
11,79
11,153
11,14
11,72
11,25
11,8
11,21
11,26
21,51
11,17
11,1238
11,47
11,27
11,424
11,120
11,122
11,134
11,789
11,909
11,397
11,182
11,481
11,630
7,454
11,100
11,101
11,283
11,133
11,207
11,59
11,239
11,268
11,159
11,281
11,62
11,337
11,49
11,718
11,83
11,118
11,191
11,16
11,491
11,146
11,87
11,469
11,123
11,82
11,515
11,80
11,557
11,68
11,295
11,1191
11,879
11,666
11,325
11,992
11,420
11,462
11,1074
11,355
11,136
11,358
11,269
11,67
7,271
11,1117
11,1160
11,438
11,244
11,11
11,18
11,235
11,155
11,237
11,305
11,402
11,116
11,148
11,263
11,34
11,145
11,166
11,205
19,405
11,41
11,985
11,107
11,154
11,923
11,314
10,345
11,113
11,158
11,815
11,142
9,77
11,468
11,377
11,135
11,119
11,29
11,106
11,147
11,1050
11,196
11,1102
11,857
11,479
11,376
11,1179
11,1011
11,687
11,711
11,429
11,699
11,935
11,201
11,873
11,319
11,60
11,162
11,651
11,90
11,369
11,663
11,309
11,643
11,523
11,160
11,48
11,407
11,774
11,226
11,38
11,6
11,359
11,431
11,12
11,32
11,1
11,46
16,31
17,96
