110,753
109,746
117,76
67,762
82,775
113,512
92,668
137,486
80,706
107,696
174,758
163,699
26,780
77,260
26,711
88,691
42,499
77,796
130,45
137,130
26,206
65,89
59,669
205,632
163,735
94,703
144,724
154,790
67,756
159,782
40,754
70,169
5,777
26,716
139,759
193,761
63,123
6,755
79,774
64,663
104,661
112,788
134,583
86,511
149,739
57,694
39,577
69,690
201,606
24,752
68,767
101,747
212,685
65,383
163,766
55,63
78,713
10,468
80,127
131,679
116,741
39,750
149,672
53,619
153,727
212,742
61,693
49,722
136,717
207,714
118,528
46,504
171,608
57,660
60,510
149,605
155,698
44,728
102,634
114,635
166,526
1,574
114,502
25,417
134,372
196,537
203,473
114,432
149,544
50,282
97,589
97,337
49,557
131,224
131,710
42,721
64,626
138,385
141,529
174,405
128,395
121,426
183,617
80,595
153,671
31,552
126,515
163,666
23,667
211,551
22,615
131,603
92,683
87,522
26,569
59,680
212,505
49,627
67,516
51,723
122,686
180,466
149,719
16,725
178,689
116,637
149,564
120,568
93,286
149,306
78,464
78,453
202,436
162,313
78,28
107,329
101,77
105,218
173,268
177,494
174,440
173,514
185,449
118,769
95,378
99,65
96,783
176,598
25,700
92,625
171,720
168,654
124,662
116,452
140,597
58,256
104,438
123,105
38,240
213,673
57,590
184,612
111,638
129,533
19,622
209,565
130,563
185,664
149,506
12,670
97,692
101,675
169,348
159,541
128,381
180,459
48,584
119,618
77,548
26,546
204,650
4,384
131,408
104,358
95,312
52,779
28,27
200,642
129,718
100,441
133,740
162,592
187,300
184,518
138,227
161,211
135,628
162,213
2,99
36,443
137,639
6,677
4,35
210,155
184,392
149,195
184,98
185,174
35,30
76,462
143,237
173,393
141,422
137,226
129,542
54,298
28,376
155,294
168,305
81,580
197,198
85,331
85,336
150,134
135,192
160,315
143,196
197,682
124,540
163,591
83,148
111,391
82,271
192,547
199,567
26,653
159,704
131,418
127,280
153,630
191,415
94,463
10,687
86,594
174,357
137,360
204,434
183,550
52,629
47,536
26,490
101,368
84,140
108,520
62,125
153,302
98,458
211,11
113,100
149,517
67,141
26,343
80,480
85,308
92,325
117,461
47,245
155,623
201,531
43,364
176,497
120,521
41,534
133,684
77,460
8,601
90,620
37,543
163,715
175,139
183,420
150,212
75,142
79,610
76,651
154,586
16,151
115,425
66,423
26,508
206,73
136,401
123,347
157,539
135,498
114,399
131,561
157,538
191,640
142,621
184,487
178,475
100,649
100,562
157,575
154,571
182,611
174,316
105,648
47,633
210,712
145,442
154,613
98,407
161,350
179,409
135,554
50,410
33,489
12,122
30,176
13,448
166,607
114,501
174,695
56,614
210,532
169,446
154,560
191,301
162,194
163,205
70,207
57,162
184,582
162,335
150,168
23,143
114,208
10,369
191,103
132,588
174,573
182,397
211,281
204,555
171,248
152,307
75,344
180,108
21,25
20,332
50,279
20,362
21,230
131,55
175,12
145,363
168,530
177,323
47,81
163,373
164,513
174,545
126,328
110,527
91,173
177,375
183,152
189,394
45,219
148,359
167,604
88,479
168,341
157,587
125,299
153,330
35,241
126,234
152,370
103,471
149,600
145,503
150,412
3,636
16,467
16,658
16,674
18,193
176,470
138,36
158,8
168,201
151,20
126,246
183,214
85,69
172,435
14,292
171,437
65,295
9,225
47,197
150,317
17,238
180,356
145,112
180,94
180,297
127,60
186,95
209,183
95,342
175,43
17,85
148,191
175,274
68,215
173,189
214,164
158,175
171,101
209,19
171,167
151,411
27,239
16,760
210,652
47,86
10,396
150,365
21,380
177,107
136,229
154,153
135,377
153,158
119,456
155,293
142,483
179,137
141,172
11,252
28,52
181,190
198,304
180,303
155,257
19,314
83,146
153,171
154,92
27,91
74,382
123,79
11,414
174,185
156,145
173,147
174,265
159,113
175,150
154,7
18,129
154,242
186,26
149,138
210,309
188,477
189,157
212,184
150,41
3,10
179,136
7,254
106,2
37,126
170,154
174,61
73,266
16,3
123,144
210,71
16,128
149,272
179,439
32,178
180,121
177,102
16,643
16,339
28,324
155,83
112,80
13,88
174,296
172,288
149,259
211,6
181,42
149,495
186,232
149,163
154,1
152,366
9,4
171,261
34,29
149,119
149,519
149,289
169,419
155,51
154,48
154,402
174,22
142,54
66,40
177,97
173,333
154,32
52,578
26,602
16,131
149,135
169,57
149,132
150,18
165,14
174,179
181,275
152,349
173,283
27,455
177,481
148,285
179,210
171,59
176,104
152,9
160,263
173,39
150,284
169,220
146,5
176,233
147,264
16,223
177,222
154,398
154,576
16,451
180,231
183,253
89,374
150,16
15,556
10,277
181,367
179,244
179,44
152,114
154,353
152,318
28,90
176,120
154,186
154,523
16,249
179,118
212,68
183,93
149,64
179,404
83,267
149,250
71,310
16,361
162,430
16,177
184,72
149,371
147,78
27,270
171,273
191,31
183,47
150,62
152,17
176,96
142,161
210,74
175,334
154,46
16,156
153,116
153,23
16,75
190,56
173,216
72,326
154,255
170,67
149,37
149,478
181,278
149,159
11,209
171,379
179,200
152,509
179,319
181,235
154,447
210,221
154,228
147,188
149,702
173,49
179,269
152,133
174,87
16,428
153,688
150,581
154,596
143,389
177,655
175,553
211,599
149,549
179,641
149,570
149,124
186,646
154,579
152,388
139,676
179,624
16,678
144,705
114,287
211,482
208,387
16,525
212,491
179,492
179,485
146,558
171,400
194,406
176,416
153,390
16,465
27,665
28,450
187,165
25,322
149,496
149,320
153,170
149,354
152,352
18,431
154,58
154,243
149,340
149,559
152,444
154,609
149,457
153,403
187,507
152,276
16,476
139,38
16,202
149,351
154,355
209,433
176,111
154,109
173,338
149,50
154,182
175,203
16,33
154,386
149,474
149,795
152,701
149,781
149,262
181,792
149,794
25,793
149,770
149,290
153,115
26,524
200,34
149,13
176,21
16,15
149,708
211,797
26,737
26,736
150,180
149,786
179,773
149,745
149,771
173,734
149,709
149,731
144,772
154,251
153,743
150,236
149,748
154,749
149,798
154,787
210,445
149,187
149,217
211,732
211,493
26,566
28,657
210,656
26,454
149,427
26,585
26,535
210,659
149,697
142,149
149,84
149,789
26,321
29,744
26,488
149,106
149,199
28,82
28,751
149,429
210,616
149,785
149,593
149,778
149,469
149,765
209,484
149,738
149,204
195,311
149,733
149,726
212,327
209,729
210,345
149,258
149,730
211,707
153,631
26,768
26,500
26,644
26,791
149,110
149,681
212,166
149,764
210,424
144,757
149,413
26,647
149,784
153,472
212,763
210,776
26,572
28,66
149,53
25,117
149,645
211,70
26,247
26,346
26,181
26,24
149,291
26,421
28,160
