1,825
4,1225
5,1247
5,1178
1,1182
4,1177
4,1222
1,996
1,1236
4,1239
5,1061
5,546
4,1097
4,1246
1,1112
1,856
1,1055
4,1185
4,1244
4,1046
4,1167
4,446
1,971
4,1229
1,1232
4,1224
1,987
1,1206
5,1184
4,520
1,1253
1,1179
1,968
4,1252
1,1077
4,1238
1,932
5,1191
5,1176
1,1085
4,619
4,988
4,913
5,1139
1,1140
4,1205
5,568
4,1223
1,1022
5,1148
5,414
1,776
4,670
5,1218
4,1168
5,1133
4,1195
5,667
5,804
1,623
5,964
4,1128
5,1159
1,632
1,865
1,783
5,586
4,843
5,1157
1,976
4,979
1,1033
4,1111
4,949
1,947
4,871
4,755
4,1132
5,516
1,502
4,322
1,1102
2,1180
4,901
4,937
4,848
4,1221
4,391
5,889
4,1203
5,1153
4,1169
4,535
4,1090
4,739
1,874
5,867
1,982
1,744
5,759
4,1149
1,407
4,1110
4,1109
1,1240
5,955
1,462
1,1227
1,727
4,558
1,1065
5,1219
4,1213
1,1135
4,1151
4,1241
1,615
4,1141
1,607
4,1173
1,270
4,752
5,765
4,1114
1,1188
1,767
1,894
5,594
1,1198
1,842
4,296
4,832
1,970
1,823
4,641
1,1142
4,785
4,773
4,725
4,1129
4,421
1,1117
1,1175
4,1234
1,1200
4,1230
1,1040
4,1212
5,1174
1,521
4,926
4,669
5,868
4,251
4,1171
4,1158
1,1120
4,466
4,927
1,675
1,552
1,940
5,792
1,1093
1,1044
1,455
1,571
4,981
4,953
3,510
1,1197
1,1030
4,1025
4,1026
1,1087
4,935
1,345
1,1215
3,529
4,1056
4,898
4,777
1,365
4,1201
1,1242
1,1235
1,951
5,756
4,797
4,610
4,1143
4,341
4,748
4,651
1,816
4,980
4,808
4,719
4,423
1,908
4,1125
4,1154
4,896
4,966
4,303
3,880
4,628
1,318
4,1181
1,1095
1,1138
4,872
4,1013
4,1192
4,1237
5,499
4,914
4,1243
4,794
4,1051
4,1103
1,1052
5,531
4,828
4,1163
4,1152
4,604
1,1228
1,385
1,1122
4,509
4,1194
5,1189
4,1116
3,1131
3,663
1,668
4,775
3,681
4,1001
4,995
4,1210
4,830
4,1127
4,1170
1,905
4,1130
4,1211
4,1078
4,409
4,1084
4,977
4,271
4,638
5,873
4,393
4,1193
4,1119
1,1092
4,672
4,699
4,403
1,892
4,1164
4,1049
1,1012
3,1249
4,1006
4,938
4,761
4,969
4,847
4,350
4,354
3,430
4,406
4,899
3,637
4,1126
4,993
4,1183
4,974
5,386
4,674
1,1144
4,1081
1,989
4,973
4,355
4,572
4,608
4,442
4,213
4,189
4,1220
4,286
1,272
4,513
1,309
4,850
4,508
4,852
4,737
4,944
4,1094
4,434
4,844
4,401
4,357
4,684
4,923
4,612
4,1079
4,702
5,616
4,720
4,500
4,860
4,321
4,791
4,904
4,811
4,717
4,232
4,734
4,1024
4,707
4,424
4,1075
4,729
4,269
4,747
4,602
4,790
1,419
4,538
4,240
4,360
4,362
4,489
4,273
4,329
4,1072
4,460
4,382
4,465
4,812
4,353
4,344
4,786
4,802
4,593
4,855
4,829
4,566
4,963
4,473
4,264
4,1156
4,965
4,554
4,1108
4,1136
4,939
4,408
4,343
4,585
4,447
4,262
4,916
4,936
4,858
4,550
4,439
4,461
1,247
4,644
1,945
4,718
4,486
4,338
4,551
4,664
4,478
4,528
4,577
4,656
4,870
2,1104
1,960
4,284
4,849
4,443
4,1004
4,781
4,250
4,879
4,691
4,763
4,706
4,1039
4,925
4,517
4,714
4,787
4,771
4,1050
4,220
4,890
4,692
4,503
4,1002
4,768
4,622
4,613
4,1123
4,475
4,324
4,745
4,1106
4,437
4,749
4,950
4,1187
4,754
1,713
4,1038
4,545
4,626
4,911
4,328
4,295
4,780
4,640
4,1034
4,203
4,201
4,444
4,441
4,560
4,840
4,857
4,959
4,582
4,736
4,906
4,900
1,511
4,798
4,770
4,1209
4,793
4,313
4,690
4,245
4,339
1,361
3,1003
4,796
4,620
4,415
4,716
4,351
4,288
4,396
4,305
4,789
4,479
4,603
4,530
4,834
4,310
4,555
4,693
4,268
4,910
4,526
4,817
4,1009
4,678
4,864
4,590
5,595
4,564
4,753
4,494
4,553
4,377
4,534
4,533
4,156
4,519
1,962
4,459
4,405
4,598
4,882
4,346
4,1019
4,398
4,512
4,1216
4,676
4,1186
4,639
4,501
4,922
4,1214
4,467
4,1035
4,1199
4,665
4,609
4,575
4,1029
4,983
4,601
1,381
4,199
4,645
4,492
4,930
4,687
4,998
4,347
4,282
4,741
4,1059
4,348
4,801
4,333
4,371
4,686
4,751
4,482
4,778
4,304
4,758
4,624
4,1060
4,184
4,174
4,204
4,562
4,1076
4,1172
4,760
4,319
1,234
4,853
4,942
4,1071
4,231
4,541
4,683
4,374
4,248
4,450
4,671
4,1010
1,573
4,182
4,148
4,1070
4,420
4,611
4,642
4,866
4,1018
4,722
4,402
4,144
4,81
4,158
4,180
4,312
4,334
4,135
4,958
4,515
4,428
4,155
4,113
4,146
4,118
4,139
4,173
4,196
4,138
4,218
4,862
4,1053
4,818
4,655
4,703
4,788
4,440
4,631
4,918
4,588
4,657
4,967
4,694
4,557
5,648
4,1047
4,934
4,306
4,367
4,876
4,505
4,289
4,316
4,984
4,618
4,1005
4,1100
4,454
4,1099
4,723
4,539
4,779
4,715
4,652
4,221
4,277
4,1020
4,799
4,731
4,1226
4,412
4,543
4,281
4,477
4,764
4,1000
4,659
4,294
4,456
4,504
4,822
4,358
4,733
4,851
4,827
4,1115
4,433
4,567
4,302
4,1107
4,366
4,359
4,1037
4,861
4,757
4,1165
4,885
4,774
4,909
4,952
4,330
4,845
4,488
4,1101
4,480
4,730
4,1063
4,709
4,394
4,831
4,742
4,743
4,810
4,915
4,1086
4,1150
4,666
4,524
4,833
4,795
4,819
4,649
4,917
4,507
4,411
4,311
4,416
4,314
4,495
4,474
4,746
4,425
4,1091
4,1096
4,721
4,1098
1,807
1,581
4,1008
4,634
4,711
4,308
4,336
4,895
1,836
4,1088
4,673
4,565
4,1146
4,1067
4,1137
4,946
4,1105
4,1204
4,370
4,451
4,929
4,536
4,893
4,331
4,498
4,547
4,696
4,436
4,682
4,954
4,1054
4,978
4,888
4,704
4,265
4,469
4,679
4,735
4,379
4,726
4,540
1,712
4,375
4,387
4,225
4,293
4,238
4,1048
4,592
4,578
4,903
4,1202
4,661
4,1166
4,383
4,1021
4,496
4,576
4,1155
4,869
4,803
4,327
4,907
4,589
4,1023
4,1162
4,897
4,636
4,491
4,453
4,548
4,468
4,838
4,485
4,732
4,878
4,1124
4,487
4,471
4,1118
4,1042
4,766
4,591
4,580
4,629
4,584
4,991
4,650
4,762
4,826
4,1069
4,912
4,369
4,997
4,606
4,373
4,242
4,332
4,452
4,404
4,902
4,556
4,212
4,859
4,532
4,633
4,990
4,689
4,323
4,214
4,563
4,839
5,256
4,1036
4,1073
4,449
1,1082
1,1031
4,614
4,708
4,527
4,384
4,941
4,400
4,349
4,685
4,846
4,325
4,887
4,627
4,597
4,948
4,646
4,260
4,368
4,291
4,472
4,975
1,740
4,986
4,388
4,630
4,587
4,418
1,884
4,933
4,579
4,806
4,992
4,464
4,92
4,215
4,417
4,202
4,654
4,257
4,399
4,643
4,1217
4,985
4,1017
4,463
4,600
4,1134
4,207
4,972
4,596
4,292
4,635
4,280
4,660
4,337
4,863
4,1043
4,647
4,583
4,1007
4,542
4,700
4,1064
1,490
4,800
4,710
4,1014
4,677
4,569
4,919
4,999
4,470
4,522
4,724
4,617
4,1058
4,784
4,301
4,181
4,924
4,431
4,931
4,883
4,782
4,920
4,680
4,886
4,599
4,653
4,1190
4,422
4,805
4,621
4,1028
4,192
4,881
4,380
4,352
4,891
4,1041
4,525
4,769
4,243
4,875
4,957
4,484
4,658
4,1068
4,326
4,820
4,435
4,1032
4,317
4,276
4,427
4,943
4,290
4,570
4,476
4,320
4,497
4,662
4,410
4,523
4,815
4,824
4,364
4,506
4,274
4,413
4,226
4,395
4,854
4,481
4,169
4,224
4,397
4,209
4,307
4,152
4,71
4,76
3,1290
4,86
4,194
4,688
4,356
1,258
4,544
4,124
4,1062
4,122
4,176
4,429
4,340
4,1207
4,197
4,140
4,537
4,1045
4,1147
4,1089
4,1066
4,342
4,445
4,1080
4,198
4,205
4,363
4,625
4,1208
4,559
4,728
4,574
4,821
4,921
4,1113
4,695
4,254
4,103
1,85
4,219
4,90
4,101
4,168
4,95
4,772
4,78
4,46
4,120
4,137
4,300
4,94
4,372
4,928
4,93
4,151
1,261
4,77
4,55
4,514
4,279
1,131
4,154
4,244
4,217
4,104
4,30
4,10
4,74
4,110
4,88
4,68
1,132
4,57
4,87
4,36
4,116
4,193
4,43
4,1273
4,62
4,1276
4,22
4,1284
4,1277
4,24
4,1279
4,19
4,41
4,7
4,34
4,1298
4,1289
4,48
4,18
4,115
4,21
4,141
4,1283
4,6
4,1278
4,2
5,14
4,159
4,191
4,53
4,84
4,1272
4,190
4,20
4,1297
4,1282
4,1291
4,42
4,1145
4,26
4,13
4,1015
4,392
1,750
4,241
4,298
4,73
4,432
4,1260
4,1255
4,1254
4,1258
1,1259
4,1264
4,1257
4,1261
4,1256
4,1263
4,1262
4,701
4,252
4,438
4,837
4,249
4,227
4,253
4,206
4,179
4,235
4,170
4,458
4,267
4,239
4,275
4,956
4,278
4,236
4,89
4,51
4,61
4,44
4,216
4,283
4,483
4,255
4,47
4,50
4,39
4,153
4,3
1,38
4,69
4,12
4,315
4,11
4,1270
4,54
4,163
4,188
4,223
4,112
4,809
4,67
4,29
4,149
4,58
4,1275
4,106
4,56
4,233
4,97
4,1285
4,1271
4,1286
4,79
4,4
4,59
4,100
4,1299
4,1057
4,1161
4,1268
4,91
4,63
4,1245
4,128
4,123
4,605
4,83
1,389
5,147
4,814
4,178
4,25
4,177
4,70
4,160
4,493
4,164
4,426
4,167
4,33
4,31
4,1274
4,1281
4,166
4,35
4,1266
4,1294
4,60
4,105
4,15
4,107
4,102
4,80
4,1265
4,72
4,8
4,17
4,5
4,23
4,186
4,65
4,1292
4,45
1,1
4,16
4,1295
4,52
4,37
4,1280
4,1296
4,1293
4,1288
4,1267
4,165
4,9
4,1269
4,285
4,195
4,1287
4,187
4,108
4,136
4,49
4,121
4,64
4,161
4,222
4,175
4,1233
4,877
4,994
4,549
4,126
4,183
4,561
4,130
4,119
4,96
1,109
4,28
1,66
4,117
4,27
4,82
4,127
4,75
4,40
4,150
4,208
4,98
4,145
4,143
5,1160
4,211
4,297
1,99
4,1011
1,172
1,32
4,1300
4,378
4,1121
4,287
4,237
4,133
4,200
4,335
4,114
4,518
4,1027
4,705
4,1016
1,210
1,835
1,129
5,157
1,246
5,230
5,1074
4,738
4,1083
1,457
5,259
4,697
4,142
4,1231
4,1250
1,171
1,448
4,1248
4,1251
4,698
5,813
5,1196
1,266
1,841
4,228
4,299
4,111
1,376
1,134
1,961
1,229
1,390
4,125
4,263
5,185
1,162
