40,135
26,167
3,130
12,219
11,278
62,276
40,223
89,192
32,162
25,325
91,201
87,287
71,343
44,265
32,299
17,319
6,235
18,382
27,341
19,141
11,123
18,182
12,381
6,304
16,395
37,418
11,378
27,448
23,222
6,298
12,349
40,449
87,396
29,87
67,406
72,76
87,455
17,405
11,364
12,397
19,311
44,458
18,463
45,473
87,467
37,13
45,36
18,215
87,153
11,344
87,432
62,438
20,371
62,322
6,279
32,216
87,194
36,307
45,294
89,121
89,208
15,470
67,421
35,474
32,54
87,6
37,52
45,303
11,138
49,224
87,380
87,433
37,63
35,110
87,331
82,379
49,315
35,35
89,353
11,246
49,321
87,360
45,317
49,392
45,146
87,372
82,269
18,180
89,460
44,387
20,206
49,189
11,273
32,383
45,231
45,357
89,242
28,476
49,258
29,237
87,184
87,106
89,103
45,115
29,114
89,156
49,295
45,89
87,462
67,339
87,61
10,176
87,79
89,97
89,197
18,165
19,318
33,227
36,290
33,270
57,388
11,301
79,400
87,284
29,232
44,267
87,347
15,257
49,183
79,332
10,209
10,255
19,291
36,217
79,327
45,384
45,158
62,456
36,239
44,316
79,359
50,305
6,8
50,342
44,60
63,401
87,336
44,323
50,187
44,233
44,252
36,157
72,101
44,124
44,296
89,171
87,72
89,49
11,179
92,127
44,109
79,57
8,113
50,37
89,166
87,147
79,86
87,45
36,111
44,82
87,186
87,102
10,33
50,168
44,71
89,51
29,320
37,66
87,75
65,172
36,408
79,12
89,454
89,361
49,466
87,338
87,414
17,160
51,459
12,354
11,461
79,434
50,11
57,425
32,377
44,398
89,435
15,285
10,328
44,90
79,196
44,281
44,253
29,211
44,203
52,272
45,329
57,247
89,429
44,345
44,245
28,236
45,370
45,373
72,148
57,261
89,251
29,250
79,404
35,170
44,243
77,326
79,140
60,205
12,260
19,221
89,126
45,154
49,155
32,14
53,293
89,375
87,202
28,42
79,297
44,367
89,175
36,362
89,145
11,210
29,150
55,151
44,200
28,161
44,83
66,96
44,207
36,213
28,137
44,214
44,330
87,104
44,108
36,59
89,313
10,85
89,47
89,95
50,136
44,228
44,68
50,44
12,300
29,366
79,363
37,457
89,465
10,444
65,346
89,259
34,283
44,144
51,142
29,174
40,314
79,193
33,149
79,164
57,262
40,356
44,185
29,81
50,92
89,107
44,229
33,129
79,70
10,84
10,352
89,77
89,99
28,351
44,306
57,58
89,139
87,248
44,119
77,152
79,238
45,181
89,374
36,254
62,302
80,134
89,310
48,169
57,451
28,427
22,73
36,67
73,26
12,46
45,178
50,391
67,266
89,440
63,424
89,422
79,348
87,416
66,7
68,478
87,32
28,280
79,1
44,376
89,275
44,439
44,389
45,446
67,407
89,472
14,218
10,204
10,241
88,264
28,274
85,105
89,100
21,177
79,282
89,125
79,368
69,442
44,34
43,369
89,420
39,355
83,244
21,98
48,234
49,249
66,337
92,324
28,308
50,402
55,212
10,292
89,413
66,65
86,56
44,195
47,230
76,9
10,415
46,94
44,394
29,15
30,277
44,286
68,118
64,120
44,436
36,417
44,64
40,78
93,74
78,220
67,426
60,477
81,271
79,410
54,365
89,334
6,335
26,412
52,288
89,112
41,132
15,464
37,256
63,431
1,358
32,173
78,268
84,131
73,447
44,468
13,199
89,289
88,471
28,445
22,163
44,430
75,27
82,21
41,80
87,423
24,93
10,191
12,50
10,69
31,240
85,122
32,39
40,159
33,5
78,31
7,40
30,23
58,263
38,4
11,225
38,411
93,312
35,469
36,190
19,399
44,333
9,437
10,62
69,128
61,198
90,390
44,25
33,30
14,24
69,17
40,55
38,143
2,450
29,385
4,419
42,41
8,20
41,428
10,133
78,117
83,226
6,453
36,91
5,53
19,43
87,48
75,22
89,18
47,88
74,116
92,16
52,38
90,188
89,309
70,403
10,29
42,340
86,350
70,441
10,393
12,3
58,452
8,443
41,19
70,28
59,386
24,2
56,409
34,475
40,10
