19,753
18,746
20,76
12,762
14,775
20,512
17,668
23,486
14,706
18,696
24,758
24,699
4,780
13,260
4,711
16,691
9,499
13,796
22,45
23,130
4,206
12,89
10,669
28,632
24,735
17,703
24,724
24,790
12,756
24,782
9,754
12,169
2,777
4,716
24,759
24,761
11,123
3,755
14,774
12,663
18,661
20,788
23,583
15,511
24,739
10,694
9,577
12,690
27,606
3,752
12,767
17,747
30,685
12,383
24,766
10,63
13,713
3,468
14,127
23,679
20,741
9,750
24,672
9,619
24,727
30,742
11,693
9,722
23,717
30,714
20,528
9,504
24,608
10,660
10,510
24,605
24,698
9,728
17,634
20,635
24,526
1,574
20,502
4,417
23,372
25,537
27,473
20,432
24,544
9,282
17,589
17,337
9,557
23,224
23,710
9,721
12,626
24,385
24,529
24,405
22,395
20,426
24,617
14,595
24,671
6,552
21,515
24,666
3,667
30,551
3,615
23,603
17,683
15,522
4,569
10,680
30,505
9,627
12,516
9,723
20,686
24,466
24,719
3,725
24,689
20,637
24,564
20,568
17,286
24,306
13,464
13,453
27,436
24,313
13,28
18,329
17,77
18,218
24,268
24,494
24,440
24,514
24,449
20,769
17,378
17,65
17,783
24,598
4,700
17,625
24,720
24,654
21,662
20,452
24,597
10,256
18,438
21,105
8,240
31,673
10,590
24,612
19,638
22,533
3,622
30,565
22,563
24,664
24,506
3,670
17,692
17,675
24,348
24,541
22,381
24,459
9,584
20,618
13,548
4,546
28,650
2,384
23,408
18,358
17,312
9,779
4,27
26,642
22,718
17,441
23,740
24,592
24,300
24,518
24,227
24,211
23,628
24,213
1,99
8,443
23,639
3,677
2,35
30,155
24,392
24,195
24,98
24,174
8,30
13,462
24,237
24,393
24,422
23,226
22,542
10,298
4,376
24,294
24,305
14,580
26,198
14,331
14,336
24,134
23,192
24,315
24,196
26,682
21,540
24,591
14,148
19,391
14,271
24,547
26,567
4,653
24,704
23,418
22,280
24,630
24,415
17,463
3,687
15,594
24,357
23,360
28,434
24,550
9,629
9,536
4,490
17,368
14,140
18,520
11,125
24,302
17,458
30,11
20,100
24,517
12,141
4,343
14,480
14,308
17,325
20,461
9,245
24,623
27,531
9,364
24,497
20,521
9,534
23,684
13,460
3,601
16,620
8,543
24,715
24,139
24,420
24,212
13,142
14,610
13,651
24,586
3,151
20,425
12,423
4,508
29,73
23,401
21,347
24,539
23,498
20,399
23,561
24,538
24,640
24,621
24,487
24,475
17,649
17,562
24,575
24,571
24,611
24,316
18,648
9,633
30,712
24,442
24,613
17,407
24,350
24,409
23,554
9,410
7,489
3,122
5,176
3,448
24,607
20,501
24,695
10,614
30,532
24,446
24,560
24,301
24,194
24,205
12,207
10,162
24,582
24,335
24,168
3,143
20,208
3,369
24,103
23,588
24,573
24,397
30,281
28,555
24,248
24,307
13,344
24,108
3,25
3,332
9,279
3,362
3,230
23,55
24,12
24,363
24,530
24,323
9,81
24,373
24,513
24,545
21,328
19,527
16,173
24,375
24,152
24,394
9,219
24,359
24,604
16,479
24,341
24,587
21,299
24,330
8,241
21,234
24,370
17,471
24,600
24,503
24,412
2,636
3,467
3,658
3,674
3,193
24,470
24,36
24,8
24,201
24,20
21,246
24,214
14,69
24,435
3,292
24,437
12,295
3,225
9,197
24,317
3,238
24,356
24,112
24,94
24,297
22,60
24,95
30,183
17,342
24,43
3,85
24,191
24,274
12,215
24,189
32,164
24,175
24,101
30,19
24,167
24,411
4,239
3,760
30,652
9,86
3,396
24,365
3,380
24,107
23,229
24,153
23,377
24,158
20,456
24,293
24,483
24,137
24,172
3,252
4,52
24,190
26,304
24,303
24,257
3,314
14,146
24,171
24,92
4,91
13,382
21,79
3,414
24,185
24,145
24,147
24,265
24,113
24,150
24,7
3,129
24,242
24,26
24,138
30,309
24,477
24,157
30,184
24,41
2,10
24,136
3,254
18,2
8,126
24,154
24,61
13,266
3,3
21,144
30,71
3,128
24,272
24,439
6,178
24,121
24,102
3,643
3,339
4,324
24,83
20,80
3,88
24,296
24,288
24,259
30,6
24,42
24,495
24,232
24,163
24,1
24,366
3,4
24,261
7,29
24,119
24,519
24,289
24,419
24,51
24,48
24,402
24,22
24,54
12,40
24,97
24,333
24,32
9,578
4,602
3,131
24,135
24,57
24,132
24,18
24,14
24,179
24,275
24,349
24,283
4,455
24,481
24,285
24,210
24,59
24,104
24,9
24,263
24,39
24,284
24,220
24,5
24,233
24,264
3,223
24,222
24,398
24,576
3,451
24,231
24,253
16,374
24,16
3,556
3,277
24,367
24,244
24,44
24,114
24,353
24,318
4,90
24,120
24,186
24,523
3,249
24,118
30,68
24,93
24,64
24,404
14,267
24,250
12,310
3,361
24,430
3,177
24,72
24,371
24,78
4,270
24,273
24,31
24,47
24,62
24,17
24,96
24,161
30,74
24,334
24,46
3,156
24,116
24,23
3,75
24,56
24,216
12,326
24,255
24,67
24,37
24,478
24,278
24,159
3,209
24,379
24,200
24,509
24,319
24,235
24,447
30,221
24,228
24,188
24,702
24,49
24,269
24,133
24,87
3,428
24,688
24,581
24,596
24,389
24,655
24,553
30,599
24,549
24,641
24,570
24,124
24,646
24,579
24,388
24,676
24,624
3,678
24,705
20,287
30,482
30,387
3,525
30,491
24,492
24,485
24,558
24,400
25,406
24,416
24,390
3,465
4,665
4,450
24,165
4,322
24,496
24,320
24,170
24,354
24,352
3,431
24,58
24,243
24,340
24,559
24,444
24,609
24,457
24,403
24,507
24,276
3,476
24,38
3,202
24,351
24,355
30,433
24,111
24,109
24,338
24,50
24,182
24,203
3,33
24,386
24,474
24,795
24,701
24,781
24,262
24,792
24,794
4,793
24,770
24,290
24,115
4,524
26,34
24,13
24,21
3,15
24,708
30,797
4,737
4,736
24,180
24,786
24,773
24,745
24,771
24,734
24,709
24,731
24,772
24,251
24,743
24,236
24,748
24,749
24,798
24,787
30,445
24,187
24,217
30,732
30,493
4,566
4,657
30,656
4,454
24,427
4,585
4,535
30,659
24,697
24,149
24,84
24,789
4,321
5,744
4,488
24,106
24,199
4,82
4,751
24,429
30,616
24,785
24,593
24,778
24,469
24,765
30,484
24,738
24,204
25,311
24,733
24,726
30,327
30,729
30,345
24,258
24,730
30,707
24,631
4,768
4,500
4,644
4,791
24,110
24,681
30,166
24,764
30,424
24,757
24,413
4,647
24,784
24,472
30,763
30,776
4,572
4,66
24,53
4,117
24,645
30,70
4,247
4,346
4,181
4,24
24,291
4,421
4,160
