9,374
12,735
12,664
5,665
6,710
5,704
3,660
12,326
3,699
9,672
3,650
4,602
4,356
14,540
7,667
5,599
9,617
7,638
8,716
11,695
9,655
9,693
3,555
9,627
9,697
3,696
8,621
4,588
9,604
9,589
3,132
1,570
5,259
7,289
8,401
3,571
3,56
8,622
11,568
9,493
9,728
8,647
5,709
8,734
3,670
3,629
9,714
7,715
12,700
8,686
9,720
5,712
10,579
11,536
9,631
3,541
12,293
3,637
5,733
3,731
3,633
11,657
12,603
5,616
3,576
14,479
8,572
8,598
14,452
4,587
10,724
8,623
9,727
3,708
9,711
14,674
11,651
14,600
11,713
8,565
12,702
5,701
12,634
12,684
8,654
9,669
11,630
8,680
8,543
9,510
8,492
9,594
9,561
10,721
8,546
3,641
11,258
10,535
14,460
4,688
9,642
6,692
3,433
9,517
2,521
9,440
9,485
12,482
3,624
8,325
3,564
9,529
8,620
6,530
9,575
9,26
11,671
8,658
3,321
3,656
9,628
12,524
9,538
3,478
9,126
3,380
3,198
3,218
3,367
11,430
11,416
3,409
12,539
11,498
8,652
9,368
9,515
4,648
8,501
4,406
2,109
5,509
8,673
7,668
3,593
3,698
2,690
3,542
5,608
10,488
13,646
8,581
3,606
12,679
14,722
8,247
3,96
10,360
11,534
3,338
4,580
9,643
13,619
9,551
8,459
3,601
8,613
9,442
7,516
3,456
13,46
8,591
6,188
11,508
9,649
10,103
9,424
3,322
12,553
11,566
2,635
2,585
3,502
3,717
9,597
7,489
4,659
3,514
4,560
11,499
2,567
5,497
8,388
8,494
8,145
3,398
2,473
3,435
9,413
3,486
9,454
12,531
3,662
12,389
4,339
9,528
7,470
8,120
8,309
11,429
9,436
14,420
12,396
11,350
2,507
9,372
7,294
3,184
3,242
14,385
9,300
1,487
8,618
3,523
3,316
3,370
3,466
10,450
9,65
3,395
8,519
14,513
9,36
2,58
12,45
9,563
3,160
3,677
3,644
8,544
3,490
3,547
12,341
9,353
3,462
12,60
3,74
9,245
9,153
11,586
3,506
9,449
8,314
11,477
10,238
8,329
9,511
3,392
3,549
11,432
5,362
9,504
9,292
12,505
2,394
1,277
12,354
3,554
13,230
2,471
2,422
9,483
14,268
3,343
10,11
5,330
3,9
8,423
3,129
1,481
8,178
13,290
9,225
12,439
13,119
9,31
4,166
8,111
3,170
3,324
9,550
3,315
3,124
3,375
2,303
12,61
3,146
8,384
12,319
3,200
14,219
14,279
3,311
8,467
14,469
9,444
8,453
9,127
3,334
8,455
3,274
12,227
2,239
3,474
3,237
3,37
9,297
4,148
3,226
9,157
3,224
3,128
9,520
3,661
3,345
3,7
9,23
8,203
3,251
3,241
9,196
9,183
9,234
3,426
8,313
9,271
9,141
3,270
3,182
9,105
3,191
4,265
3,295
9,215
3,181
8,147
11,197
2,348
14,573
3,552
12,605
12,415
3,537
3,443
11,512
3,386
8,557
14,412
4,390
3,522
9,187
3,363
4,189
8,558
8,12
8,70
3,451
3,427
9,441
3,491
8,468
3,205
9,342
3,556
3,318
8,287
9,359
9,28
8,138
3,403
8,140
9,100
9,161
3,13
3,6
4,4
5,33
3,16
3,192
4,59
13,64
3,261
12,82
3,52
3,276
3,149
10,142
3,43
14,387
9,102
3,114
12,173
4,5
9,266
9,222
3,280
8,32
9,465
3,582
14,437
12,425
4,336
3,233
12,211
4,361
3,286
14,495
9,636
11,382
3,400
9,607
3,480
3,484
3,323
9,337
2,185
4,331
13,272
3,344
3,383
8,162
3,17
3,136
14,244
3,418
3,615
9,463
14,283
3,545
3,496
4,86
3,291
4,236
3,41
8,320
8,90
12,168
9,257
3,377
3,1
4,112
3,29
3,263
3,116
3,177
3,47
9,475
9,121
3,327
3,216
12,55
3,448
9,308
9,332
9,137
3,206
3,10
4,592
3,457
3,199
3,317
9,107
3,164
3,369
9,249
9,404
3,106
3,248
3,306
9,378
3,373
3,737
3,685
9,405
3,125
3,458
3,421
3,626
3,22
3,262
4,408
3,93
3,340
3,123
9,476
9,518
3,333
3,75
3,92
9,175
3,683
3,229
12,25
3,104
3,40
3,24
3,718
3,51
3,101
3,464
3,569
4,666
3,610
3,574
3,639
3,675
3,625
9,632
3,221
3,73
3,730
4,726
3,676
3,115
14,682
14,691
14,472
3,736
3,596
3,583
3,577
13,500
14,611
3,612
3,252
3,201
4,30
3,21
3,19
3,89
3,91
3,209
3,366
3,88
9,281
3,223
3,195
14,307
3,118
3,68
3,35
4,328
3,38
3,379
3,50
4,194
4,256
4,80
14,288
3,139
3,298
14,193
3,304
3,357
3,85
3,44
3,143
3,27
9,95
3,407
3,278
3,445
4,584
9,364
3,365
3,253
9,67
14,446
3,152
3,208
3,110
9,335
9,431
8,376
3,310
3,42
3,346
3,172
3,165
14,381
3,156
9,240
3,231
3,371
14,135
9,72
3,113
3,167
3,217
3,18
3,15
3,186
3,169
3,144
4,48
3,34
9,207
3,2
14,84
9,267
9,246
9,393
3,243
14,299
9,414
3,8
3,83
3,3
3,351
3,63
3,179
3,352
3,57
3,81
9,108
9,202
3,503
3,411
3,402
3,154
3,264
9,461
3,204
3,133
3,312
9,447
3,49
3,296
9,213
14,235
3,122
3,284
3,355
3,174
13,190
3,347
3,39
3,260
3,214
3,62
3,210
3,134
14,87
3,77
3,250
3,79
3,130
3,20
3,117
3,97
3,254
3,131
14,180
3,159
3,419
9,54
3,94
3,98
3,53
3,255
3,71
3,158
3,176
3,275
9,397
9,228
3,150
14,723
3,548
3,76
14,527
9,706
9,438
3,562
9,732
3,66
14,78
3,725
14,578
3,703
9,410
3,434
3,707
14,694
3,349
3,705
3,533
3,719
3,417
3,689
3,220
3,399
14,729
3,559
14,155
14,678
14,302
3,687
3,358
3,609
3,526
3,273
3,681
3,653
3,525
3,212
3,640
9,595
14,69
3,590
3,99
3,14
14,663
3,232
14,305
9,614
3,301
3,151
14,391
9,285
3,532
14,428
3,645
3,269
3,163
9,171
9,282
