2,374
3,735
3,664
1,665
1,710
1,704
1,660
3,326
1,699
2,672
1,650
1,602
1,356
4,540
2,667
1,599
2,617
2,638
2,716
3,695
2,655
2,693
1,555
2,627
2,697
1,696
2,621
1,588
2,604
2,589
1,132
1,570
1,259
2,289
2,401
1,571
1,56
2,622
3,568
2,493
2,728
2,647
1,709
2,734
1,670
1,629
2,714
2,715
3,700
2,686
2,720
1,712
3,579
3,536
2,631
1,541
3,293
1,637
1,733
1,731
1,633
3,657
3,603
1,616
1,576
4,479
2,572
2,598
4,452
1,587
3,724
2,623
2,727
1,708
2,711
4,674
3,651
4,600
3,713
2,565
3,702
1,701
3,634
3,684
2,654
2,669
3,630
2,680
2,543
2,510
2,492
2,594
2,561
3,721
2,546
1,641
3,258
3,535
4,460
1,688
2,642
1,692
1,433
2,517
1,521
2,440
2,485
3,482
1,624
2,325
1,564
2,529
2,620
1,530
2,575
2,26
3,671
2,658
1,321
1,656
2,628
3,524
2,538
1,478
2,126
1,380
1,198
1,218
1,367
3,430
3,416
1,409
3,539
3,498
2,652
2,368
2,515
1,648
2,501
1,406
1,109
1,509
2,673
2,668
1,593
1,698
1,690
1,542
1,608
3,488
4,646
2,581
1,606
3,679
4,722
2,247
1,96
3,360
3,534
1,338
1,580
2,643
4,619
2,551
2,459
1,601
2,613
2,442
2,516
1,456
4,46
2,591
1,188
3,508
2,649
3,103
2,424
1,322
3,553
3,566
1,635
1,585
1,502
1,717
2,597
2,489
1,659
1,514
1,560
3,499
1,567
1,497
2,388
2,494
2,145
1,398
1,473
1,435
2,413
1,486
2,454
3,531
1,662
3,389
1,339
2,528
2,470
2,120
2,309
3,429
2,436
4,420
3,396
3,350
1,507
2,372
2,294
1,184
1,242
4,385
2,300
1,487
2,618
1,523
1,316
1,370
1,466
3,450
2,65
1,395
2,519
4,513
2,36
1,58
3,45
2,563
1,160
1,677
1,644
2,544
1,490
1,547
3,341
2,353
1,462
3,60
1,74
2,245
2,153
3,586
1,506
2,449
2,314
3,477
3,238
2,329
2,511
1,392
1,549
3,432
1,362
2,504
2,292
3,505
1,394
1,277
3,354
1,554
4,230
1,471
1,422
2,483
4,268
1,343
3,11
1,330
1,9
2,423
1,129
1,481
2,178
4,290
2,225
3,439
4,119
2,31
1,166
2,111
1,170
1,324
2,550
1,315
1,124
1,375
1,303
3,61
1,146
2,384
3,319
1,200
4,219
4,279
1,311
2,467
4,469
2,444
2,453
2,127
1,334
2,455
1,274
3,227
1,239
1,474
1,237
1,37
2,297
1,148
1,226
2,157
1,224
1,128
2,520
1,661
1,345
1,7
2,23
2,203
1,251
1,241
2,196
2,183
2,234
1,426
2,313
2,271
2,141
1,270
1,182
2,105
1,191
1,265
1,295
2,215
1,181
2,147
3,197
1,348
4,573
1,552
3,605
3,415
1,537
1,443
3,512
1,386
2,557
4,412
1,390
1,522
2,187
1,363
1,189
2,558
2,12
2,70
1,451
1,427
2,441
1,491
2,468
1,205
2,342
1,556
1,318
2,287
2,359
2,28
2,138
1,403
2,140
2,100
2,161
1,13
1,6
1,4
1,33
1,16
1,192
1,59
4,64
1,261
3,82
1,52
1,276
1,149
3,142
1,43
4,387
2,102
1,114
3,173
1,5
2,266
2,222
1,280
2,32
2,465
1,582
4,437
3,425
1,336
1,233
3,211
1,361
1,286
4,495
2,636
3,382
1,400
2,607
1,480
1,484
1,323
2,337
1,185
1,331
4,272
1,344
1,383
2,162
1,17
1,136
4,244
1,418
1,615
2,463
4,283
1,545
1,496
1,86
1,291
1,236
1,41
2,320
2,90
3,168
2,257
1,377
1,1
1,112
1,29
1,263
1,116
1,177
1,47
2,475
2,121
1,327
1,216
3,55
1,448
2,308
2,332
2,137
1,206
1,10
1,592
1,457
1,199
1,317
2,107
1,164
1,369
2,249
2,404
1,106
1,248
1,306
2,378
1,373
1,737
1,685
2,405
1,125
1,458
1,421
1,626
1,22
1,262
1,408
1,93
1,340
1,123
2,476
2,518
1,333
1,75
1,92
2,175
1,683
1,229
3,25
1,104
1,40
1,24
1,718
1,51
1,101
1,464
1,569
1,666
1,610
1,574
1,639
1,675
1,625
2,632
1,221
1,73
1,730
1,726
1,676
1,115
4,682
4,691
4,472
1,736
1,596
1,583
1,577
4,500
4,611
1,612
1,252
1,201
1,30
1,21
1,19
1,89
1,91
1,209
1,366
1,88
2,281
1,223
1,195
4,307
1,118
1,68
1,35
1,328
1,38
1,379
1,50
1,194
1,256
1,80
4,288
1,139
1,298
4,193
1,304
1,357
1,85
1,44
1,143
1,27
2,95
1,407
1,278
1,445
1,584
2,364
1,365
1,253
2,67
4,446
1,152
1,208
1,110
2,335
2,431
2,376
1,310
1,42
1,346
1,172
1,165
4,381
1,156
2,240
1,231
1,371
4,135
2,72
1,113
1,167
1,217
1,18
1,15
1,186
1,169
1,144
1,48
1,34
2,207
1,2
4,84
2,267
2,246
2,393
1,243
4,299
2,414
1,8
1,83
1,3
1,351
1,63
1,179
1,352
1,57
1,81
2,108
2,202
1,503
1,411
1,402
1,154
1,264
2,461
1,204
1,133
1,312
2,447
1,49
1,296
2,213
4,235
1,122
1,284
1,355
1,174
4,190
1,347
1,39
1,260
1,214
1,62
1,210
1,134
4,87
1,77
1,250
1,79
1,130
1,20
1,117
1,97
1,254
1,131
4,180
1,159
1,419
2,54
1,94
1,98
1,53
1,255
1,71
1,158
1,176
1,275
2,397
2,228
1,150
4,723
1,548
1,76
4,527
2,706
2,438
1,562
2,732
1,66
4,78
1,725
4,578
1,703
2,410
1,434
1,707
4,694
1,349
1,705
1,533
1,719
1,417
1,689
1,220
1,399
4,729
1,559
4,155
4,678
4,302
1,687
1,358
1,609
1,526
1,273
1,681
1,653
1,525
1,212
1,640
2,595
4,69
1,590
1,99
1,14
4,663
1,232
4,305
2,614
1,301
1,151
4,391
2,285
1,532
4,428
1,645
1,269
1,163
2,171
2,282
