15,833
14,565
31,831
15,845
22,640
35,769
30,767
14,682
14,739
9,713
8,797
14,832
32,732
16,762
22,691
12,642
14,756
36,795
14,367
29,711
2,776
22,810
15,671
15,607
34,747
27,822
12,318
22,494
37,669
8,853
12,847
15,818
15,751
27,114
34,687
19,793
37,731
36,608
4,559
4,645
15,707
15,353
15,839
21,771
34,543
22,750
21,723
14,322
15,689
30,763
15,817
31,714
15,709
18,802
14,676
15,746
26,653
33,598
14,573
28,184
18,748
36,179
4,782
20,638
12,675
15,571
15,761
14,579
37,595
22,485
32,304
27,646
27,719
34,778
36,619
32,672
27,615
31,734
15,555
36,764
14,774
15,848
22,668
22,677
34,216
15,212
5,695
16,685
34,305
14,820
25,605
15,686
15,826
14,787
32,841
32,789
22,825
18,819
22,840
7,704
19,416
31,792
36,850
19,829
15,575
16,790
28,712
22,814
14,737
15,740
15,532
15,170
36,568
14,588
36,48
14,550
15,566
14,754
28,547
22,843
15,718
15,725
19,816
32,849
22,806
15,661
15,842
15,437
33,824
12,429
14,652
14,462
14,259
15,518
32,94
14,524
19,19
15,109
27,479
18,478
15,567
15,9
34,326
14,246
35,604
4,618
15,692
36,226
13,422
22,558
36,766
22,267
32,639
24,445
34,800
31,17
22,378
31,727
12,418
15,770
15,328
37,706
18,384
37,374
15,253
22,643
14,234
20,345
14,854
14,670
15,830
10,59
15,131
30,681
4,745
26,852
34,696
22,834
14,779
15,773
22,637
4,708
31,610
14,683
15,512
3,557
14,520
15,654
15,625
15,611
27,626
22,499
15,563
27,393
20,634
32,587
22,589
37,651
14,535
29,562
22,678
32,743
15,585
32,757
36,622
21,788
11,693
15,530
14,118
27,442
16,702
14,703
15,721
15,541
15,656
14,755
4,684
15,781
10,516
21,627
15,644
14,722
36,453
31,522
12,255
14,556
15,423
15,657
14,796
21,837
15,309
20,443
15,600
14,552
24,803
15,738
14,597
19,663
32,617
15,574
20,635
15,591
33,649
17,716
32,705
14,623
20,780
22,641
14,760
20,694
4,580
20,724
14,630
36,458
14,799
15,648
15,759
31,658
14,667
15,477
34,504
4,551
15,592
15,741
14,513
14,472
14,544
15,596
34,459
15,469
15,167
12,444
22,515
34,377
20,338
14,2
22,8
20,435
14,295
15,528
27,401
32,386
14,380
32,534
21,385
22,249
24,55
4,381
12,427
15,483
15,362
1,388
15,390
37,475
14,317
15,144
15,468
20,237
6,187
20,484
19,315
15,449
15,564
14,726
14,465
15,481
19,599
15,700
14,578
24,620
15,323
20,749
15,583
22,116
14,577
19,594
14,768
14,394
15,343
31,169
2,433
14,329
14,344
15,199
5,744
14,283
15,398
14,265
14,506
14,222
15,519
11,655
15,81
19,440
15,375
22,349
20,330
14,526
32,498
19,662
15,650
4,493
14,432
14,266
14,365
15,276
15,12
15,136
14,229
32,68
4,368
15,90
14,133
15,476
15,364
19,537
15,279
19,402
15,209
34,132
8,141
14,348
4,400
14,570
14,614
15,680
14,542
14,452
4,51
34,32
20,193
30,715
21,511
14,593
14,752
32,473
14,569
14,601
28,492
14,502
14,501
32,404
32,327
14,730
14,728
14,697
15,572
14,447
9,391
14,436
15,497
15,742
14,508
14,673
31,772
22,699
31,688
14,733
15,586
15,431
14,603
14,500
15,523
15,214
34,263
15,576
22,293
34,42
32,306
4,439
32,221
23,126
15,122
34,41
15,134
14,233
32,92
14,121
22,270
15,357
4,185
14,56
14,448
5,303
34,514
32,308
14,406
20,335
14,49
15,257
15,609
14,415
14,236
34,584
14,67
15,366
14,482
32,66
15,142
14,710
15,173
14,110
14,190
14,161
14,413
34,127
15,180
15,271
14,313
22,138
34,546
15,290
14,147
32,231
32,23
15,631
32,616
14,488
14,346
34,208
15,521
14,268
15,387
4,33
14,1
15,302
15,311
14,347
14,213
38,93
34,392
14,399
15,296
32,549
14,128
14,188
14,529
14,242
14,53
15,79
14,165
15,43
14,403
14,621
14,430
4,582
34,495
15,227
32,505
35,291
23,525
15,503
14,679
14,456
15,215
34,218
15,461
14,171
14,319
15,203
15,517
15,420
15,510
14,355
15,333
14,331
22,467
15,86
32,735
15,82
15,480
14,613
14,647
15,354
14,466
14,441
15,228
14,111
14,352
14,341
15,359
14,463
15,105
14,260
15,24
14,256
33,280
14,324
15,264
14,117
22,112
14,297
31,4
14,240
14,189
22,160
14,106
32,14
22,211
34,88
14,27
15,130
14,289
14,159
31,225
15,31
14,272
20,16
15,65
14,149
14,332
14,207
23,172
32,219
14,244
14,561
14,312
14,241
14,252
4,247
20,278
14,371
14,250
14,548
14,428
14,195
14,275
14,64
15,232
15,300
14,168
15,298
14,337
14,307
14,358
15,238
14,104
14,340
14,101
14,36
34,301
15,316
14,334
15,137
14,123
15,356
14,61
14,163
14,54
4,140
14,98
14,44
15,220
14,47
14,285
14,373
14,230
14,206
14,784
14,855
15,539
32,861
15,28
14,808
14,720
4,450
14,46
14,851
15,785
14,99
14,181
22,152
15,108
15,97
14,277
15,192
14,813
14,70
14,5
14,22
15,659
14,857
14,660
22,15
14,859
14,166
14,314
6,178
4,828
14,83
15,407
22,248
32,197
14,273
14,201
32,531
14,860
14,157
14,396
14,120
14,821
14,701
14,286
14,805
14,777
14,823
15,632
14,612
14,84
14,419
14,674
14,624
14,815
14,336
14,125
14,858
14,507
14,801
22,835
22,536
14,758
14,698
14,150
34,553
23,491
34,412
14,665
14,287
14,154
14,235
14,310
14,91
15,451
22,269
14,540
14,666
14,85
14,405
15,370
15,460
14,581
14,471
14,414
14,408
14,274
14,446
14,496
15,261
14,434
32,35
14,25
14,360
14,89
14,45
14,487
14,177
15,74
22,425
15,664
14,155
22,143
14,129
14,527
14,58
14,243
14,145
14,6
14,490
14,113
15,75
14,103
14,38
14,62
14,80
15,205
14,18
4,254
14,115
14,148
22,223
14,151
14,37
14,294
14,29
14,69
14,198
14,162
15,164
3,489
15,636
14,383
14,282
15,438
14,602
15,633
4,95
14,417
14,409
14,204
14,538
14,509
15,71
14,457
14,382
14,426
14,339
14,96
14,350
14,554
14,690
14,76
15,411
4,376
14,196
14,284
14,474
14,454
22,153
14,202
14,13
14,124
14,239
14,245
14,455
4,135
14,52
14,258
14,320
14,397
14,395
14,224
15,156
14,78
14,158
1,102
14,183
22,545
14,533
14,3
14,372
14,174
14,7
4,50
22,379
22,107
5,119
14,60
14,20
14,200
14,470
4,26
14,73
14,139
9,281
14,191
14,194
14,72
6,77
14,34
14,210
22,176
14,57
14,606
4,838
22,836
14,560
4,765
22,351
4,63
14,844
4,629
4,811
22,421
14,464
22,827
14,717
14,175
14,809
14,410
14,590
22,846
14,363
22,804
14,783
14,251
14,39
4,486
22,856
14,40
14,182
14,812
14,369
14,146
14,262
22,342
4,807
14,736
4,217
14,753
14,791
14,288
14,786
14,325
4,87
14,424
4,729
14,186
14,299
14,798
14,628
22,100
14,321
14,21
14,775
22,292
4,10
22,794
22,389
22,30
22,361
22,11
