1,712
1,728
1,737
1,724
1,701
1,600
9,618
1,508
1,646
1,654
1,656
1,505
1,719
1,739
1,643
1,669
1,664
1,504
9,686
1,616
1,729
1,677
9,596
1,633
9,734
9,718
1,715
1,723
1,702
9,545
1,685
1,671
1,722
1,571
1,406
1,720
1,512
1,756
1,735
9,727
1,370
1,546
1,364
1,427
1,621
9,564
1,351
1,521
1,632
1,732
9,687
1,659
1,526
1,604
1,731
1,705
1,615
1,601
1,506
1,672
1,714
1,611
1,644
9,708
9,479
1,648
1,559
1,588
1,547
9,710
1,667
1,581
1,469
1,553
1,647
9,636
1,638
1,562
1,688
1,585
9,520
1,262
1,630
1,560
1,613
1,419
1,699
1,476
1,590
1,456
1,529
1,570
1,623
1,662
1,272
1,401
1,524
9,403
1,609
9,321
1,346
1,649
1,645
1,386
1,368
1,661
1,652
1,706
1,461
12,284
1,625
9,550
1,586
9,670
1,634
1,610
1,703
1,543
1,683
9,352
1,721
9,568
9,363
1,208
1,535
12,541
1,379
9,497
1,418
4,528
1,444
9,640
1,695
1,607
1,655
1,591
10,680
1,573
1,673
8,696
6,593
12,400
1,709
1,658
1,657
1,540
1,446
1,393
11,319
10,453
1,660
9,438
1,462
10,507
5,744
3,675
1,287
1,264
1,192
1,484
1,679
10,347
1,460
1,605
1,390
10,382
2,405
1,236
1,454
1,578
1,247
9,488
9,378
3,522
10,407
10,425
10,502
1,330
9,373
10,276
10,483
10,285
1,274
10,435
10,491
1,249
1,415
10,515
10,441
1,514
11,374
10,486
10,327
12,381
10,377
10,487
10,429
10,574
10,542
10,463
10,525
10,450
10,455
1,493
1,220
10,238
10,320
10,243
10,413
1,387
10,316
10,354
10,443
9,492
7,397
1,189
1,412
9,150
12,404
10,248
10,537
1,241
10,385
10,299
10,211
1,408
10,232
10,306
10,430
10,464
10,577
10,494
1,567
1,258
10,384
10,255
10,627
10,235
10,270
10,181
10,177
10,532
10,594
10,608
1,421
1,296
10,383
10,694
10,414
1,503
10,411
10,556
10,442
10,513
10,361
10,642
11,209
10,329
10,348
10,325
10,475
10,227
10,449
10,283
10,436
10,307
10,239
10,162
10,266
10,434
10,212
10,297
10,196
10,184
10,301
10,223
10,345
10,259
10,500
10,197
5,490
10,579
10,554
10,392
10,641
10,576
10,480
10,228
10,290
10,288
10,253
12,372
10,440
10,350
10,225
10,375
10,252
10,278
10,176
10,598
10,575
10,395
7,626
10,472
10,416
10,231
10,206
10,595
10,240
10,628
10,561
10,268
10,582
1,277
10,275
10,154
10,201
10,603
10,185
10,750
10,747
10,755
10,745
10,758
10,653
10,760
10,757
10,753
10,742
10,748
10,752
10,746
10,749
10,751
9,743
10,761
1,523
10,552
1,527
10,467
10,332
10,549
10,451
10,530
10,353
10,366
10,221
10,359
10,256
10,322
10,555
10,254
10,280
10,202
10,485
1,291
10,237
12,355
10,300
10,424
10,340
10,519
10,580
10,459
10,389
10,614
10,282
10,544
12,265
10,433
1,380
10,289
10,589
10,305
10,439
10,651
10,311
10,309
10,637
10,639
10,445
10,224
10,668
10,344
10,597
10,587
10,251
10,207
10,315
10,230
10,631
10,195
10,312
10,295
10,698
1,516
10,388
10,313
10,612
10,399
10,509
10,563
10,367
10,583
10,557
10,409
10,716
10,398
10,394
10,622
10,432
10,437
10,465
10,635
10,458
10,410
12,293
10,468
10,539
1,267
10,334
12,349
10,343
10,362
10,428
12,606
10,338
10,302
10,260
10,242
12,357
10,308
10,342
10,518
10,717
10,331
10,182
10,175
10,279
10,261
10,365
10,689
10,510
10,551
10,423
10,304
9,326
10,318
10,726
10,697
10,269
10,681
10,707
10,317
10,617
10,693
1,692
10,629
10,725
10,730
10,676
10,496
10,323
10,666
10,736
10,691
10,733
10,569
10,682
10,665
10,489
10,538
9,548
1,402
10,599
10,481
12,263
12,452
10,572
10,482
10,584
10,558
10,498
10,213
10,501
10,200
10,391
10,376
10,624
10,704
10,324
10,678
10,273
10,360
1,180
10,470
10,690
10,198
12,333
10,740
10,466
10,471
10,328
10,294
10,188
10,286
10,448
10,203
10,193
10,244
1,592
10,684
10,565
10,663
10,536
10,298
1,137
10,336
10,341
10,166
10,229
10,310
10,271
10,199
10,763
10,764
10,754
10,149
10,191
10,257
1,194
10,499
12,110
1,292
10,426
10,369
10,477
10,602
10,219
10,422
10,478
10,358
10,142
10,711
10,533
10,126
10,431
10,417
10,64
10,112
10,172
10,65
10,114
10,25
10,218
10,81
10,741
10,122
10,23
10,46
10,152
10,566
10,30
10,70
10,123
9,179
10,76
10,100
10,7
10,214
10,128
10,473
10,447
10,335
10,650
10,19
10,51
10,770
10,40
10,98
10,26
10,173
10,132
10,120
10,700
10,738
10,303
10,215
10,155
10,713
10,281
10,141
10,140
10,5
10,79
10,15
10,115
10,337
10,420
10,54
10,127
12,102
10,31
10,69
10,517
10,67
10,216
10,8
10,33
10,74
10,29
10,55
10,14
10,89
10,32
10,84
10,28
10,72
1,1
1,47
10,3
10,41
10,97
10,90
10,6
10,39
10,133
10,82
10,762
10,11
10,27
10,21
10,125
10,765
10,44
10,769
10,43
10,768
10,135
10,183
10,190
10,68
10,161
10,159
10,124
10,92
10,234
10,168
10,246
9,147
10,531
10,134
10,66
10,153
10,106
10,60
10,77
10,20
10,22
10,2
10,10
10,93
10,45
10,109
10,101
10,78
10,131
10,58
10,157
10,144
10,24
10,103
10,35
1,146
10,62
10,48
10,18
10,767
10,13
10,87
10,36
10,17
10,37
10,63
10,83
10,9
10,16
10,42
10,136
10,766
10,339
10,205
10,71
10,396
10,178
10,52
10,222
10,356
10,116
7,107
10,474
10,96
10,511
10,534
10,314
10,204
10,138
10,91
10,151
10,50
12,139
10,148
5,88
10,38
10,111
10,80
10,86
10,210
10,61
10,12
10,117
10,73
10,186
10,75
10,620
10,105
10,165
10,85
10,104
10,187
10,163
10,121
10,95
10,169
10,108
10,56
10,143
7,164
10,113
10,129
9,233
10,226
10,759
10,619
10,94
10,59
10,49
10,119
10,34
10,4
10,160
10,250
10,495
10,158
10,245
10,457
10,171
10,217
1,170
10,57
10,99
1,53
10,674
10,371
1,145
1,118
1,167
1,174
1,156
9,130
