38,667
33,680
13,672
4,649
33,652
38,651
29,634
15,671
23,669
33,660
16,510
29,656
8,631
32,647
36,598
33,594
13,682
19,107
35,515
17,405
24,138
17,474
23,481
5,519
32,507
14,552
32,639
15,646
22,495
15,617
25,553
2,658
33,616
15,527
34,584
38,543
8,535
31,654
30,583
15,558
15,636
19,664
15,608
26,655
17,666
23,653
9,629
15,676
15,599
25,560
1,601
15,358
17,644
17,446
17,678
15,71
31,633
33,588
14,145
15,395
14,234
12,550
38,426
15,485
39,430
14,429
15,374
33,302
38,129
38,308
15,327
15,416
15,82
20,257
15,8
14,52
8,489
37,152
15,143
15,421
26,587
15,612
9,579
17,623
36,565
15,90
25,486
4,600
14,452
15,378
13,534
34,549
8,352
33,195
5,432
38,353
15,454
34,417
13,473
15,546
15,363
14,330
1,216
17,228
15,427
14,491
15,536
33,453
5,410
15,400
28,541
33,334
15,350
25,555
12,595
6,663
15,637
1,650
15,643
15,563
14,657
15,508
19,681
15,662
15,372
30,626
15,404
5,590
15,513
25,465
33,478
15,447
33,246
36,611
14,613
34,554
4,580
15,566
33,529
38,568
15,476
33,597
15,591
14,551
15,521
14,574
19,573
30,562
14,585
11,511
15,537
15,412
34,632
34,592
8,576
8,578
14,610
15,642
15,615
15,487
15,533
15,530
5,497
3,455
11,544
15,556
15,630
15,531
38,456
30,479
10,268
29,517
27,282
16,422
33,444
15,509
23,351
15,218
15,329
33,326
15,420
30,451
11,518
15,461
35,394
33,528
29,437
15,324
15,548
34,213
33,202
12,645
33,624
13,496
15,460
14,226
32,545
15,204
33,356
15,377
38,127
15,270
16,159
15,217
15,73
15,249
15,291
14,449
15,337
14,72
15,40
23,442
15,459
15,64
17,364
15,419
15,101
15,439
8,609
15,577
14,561
14,606
4,684
15,532
17,618
15,538
15,614
15,581
15,525
5,559
15,539
15,540
32,214
15,677
10,635
8,564
15,607
15,596
15,431
15,492
15,665
38,409
33,297
15,406
17,141
15,462
15,340
15,488
15,522
36,418
8,467
36,475
15,307
33,493
17,381
15,296
15,231
15,120
15,285
14,277
14,391
5,56
15,211
17,524
15,122
15,362
34,271
15,498
33,298
15,503
15,247
15,463
16,86
33,441
15,567
15,28
15,283
15,317
15,266
15,506
15,117
15,184
15,433
14,361
15,483
15,336
15,342
15,322
15,345
1,79
15,280
17,241
21,436
15,178
6,259
15,237
15,162
15,132
15,424
34,256
10,411
15,80
30,371
15,97
38,229
38,166
15,390
15,413
38,325
33,526
1,179
9,286
17,457
14,67
16,466
15,490
15,393
14,575
17,369
15,379
38,471
15,176
33,289
15,398
15,253
15,232
15,512
15,621
15,49
15,288
15,240
17,207
33,276
15,320
15,124
15,542
15,458
16,335
33,239
15,469
8,220
15,354
16,105
4,294
15,279
24,375
38,275
17,470
38,435
15,382
15,384
15,401
15,516
15,161
17,263
15,206
15,386
15,316
7,209
33,125
15,258
15,75
15,331
15,370
15,244
10,160
34,198
17,48
15,205
15,248
15,357
15,494
15,200
15,281
15,272
38,168
15,365
15,373
15,151
34,328
15,265
15,119
14,227
15,43
38,60
15,30
4,188
35,110
15,34
15,438
15,287
26,167
15,238
15,434
15,181
31,158
29,41
15,189
27,100
15,299
15,304
17,113
38,389
15,224
15,278
15,501
27,675
14,679
15,619
15,245
15,500
15,480
15,520
38,686
33,640
15,628
15,589
15,502
15,45
15,402
15,104
15,20
17,319
15,53
35,255
15,332
15,355
33,225
15,22
15,292
15,313
15,685
15,368
15,423
15,54
15,84
15,348
15,215
15,586
33,264
15,55
15,338
33,203
15,315
10,482
15,11
15,273
38,174
15,343
38,499
15,66
15,408
15,383
15,468
15,208
15,472
15,146
15,106
15,102
15,314
15,89
15,61
15,221
38,318
15,261
15,210
15,121
14,222
15,144
15,76
15,157
14,149
15,26
15,196
15,59
15,135
10,284
15,260
15,91
17,17
15,194
16,3
15,99
38,235
15,171
15,301
15,445
15,477
15,366
15,47
15,83
15,312
15,115
15,62
15,192
15,183
15,165
15,150
18,37
17,93
17,219
17,13
15,251
34,341
38,236
15,77
15,156
15,155
15,295
15,116
15,359
15,230
15,109
33,163
15,262
15,95
15,128
15,24
15,4
17,223
15,344
15,387
38,137
15,88
15,290
15,118
15,103
15,311
15,51
15,32
15,164
15,68
15,415
15,133
15,175
15,33
15,191
15,254
15,112
15,193
15,243
15,428
15,199
15,269
15,131
15,323
38,440
15,443
15,310
15,58
15,2
15,142
15,514
15,333
15,5
15,339
38,274
15,10
15,360
15,180
15,139
15,16
15,186
15,94
15,108
15,380
15,367
15,153
38,154
38,92
38,190
38,300
15,136
15,35
15,98
15,504
15,267
15,425
15,19
15,185
15,388
38,134
15,250
15,85
15,252
17,15
15,25
15,27
17,14
15,233
15,197
15,38
38,57
15,396
15,126
15,182
15,170
15,39
15,148
15,303
15,78
38,87
38,114
38,130
38,50
15,31
15,44
15,81
15,392
15,638
15,407
15,173
15,399
15,111
15,7
15,172
15,12
15,187
17,397
38,212
15,9
38,23
15,177
15,46
38,346
15,21
38,42
17,147
15,123
15,18
15,293
15,74
15,29
15,140
15,604
15,376
15,622
27,347
15,670
17,523
38,464
15,661
15,321
15,602
15,582
15,96
15,36
38,683
15,69
15,625
15,570
15,448
15,659
15,648
15,414
15,63
15,620
15,385
38,603
15,572
38,593
15,309
15,505
15,484
15,668
15,674
15,547
38,169
15,571
38,242
15,557
15,70
38,641
38,403
17,627
15,349
15,1
15,569
17,201
15,6
15,305
15,673
38,450
15,605
17,306
17,65
