49,1288
32,1285
32,1229
41,1254
10,1294
41,1290
32,1302
42,1153
32,1242
32,1262
32,1292
32,1102
32,282
32,1185
48,1240
47,998
34,1197
32,1238
46,1300
48,1168
32,1174
32,1187
32,1303
46,1299
32,1210
32,1272
41,1280
10,645
32,1247
10,1271
32,1054
32,1037
32,238
32,613
45,670
44,1156
32,823
32,1189
41,1255
32,757
32,1276
41,1230
50,1307
10,1172
32,946
35,621
32,434
10,913
44,1219
32,685
10,860
32,1209
32,365
32,682
32,1148
32,956
44,1281
48,995
12,509
10,1109
32,636
32,1047
32,540
32,563
32,958
32,438
41,1184
46,405
44,651
32,1231
32,825
44,1139
32,528
32,1146
32,1186
32,1118
44,1092
32,845
32,925
10,1235
35,1130
41,1308
39,1261
32,1068
10,1074
32,700
34,1016
32,619
32,1266
48,921
32,982
41,1232
12,399
32,1076
32,417
10,1282
28,1151
10,1226
32,1287
32,853
44,1142
42,1049
44,379
46,288
38,1056
32,859
18,826
47,794
32,809
33,1190
32,1245
32,915
12,1160
32,1183
46,1202
32,666
43,591
41,1066
32,1220
12,353
44,467
46,616
12,635
32,862
16,833
46,800
32,485
32,1297
46,1257
35,1286
28,1234
12,1104
41,1162
12,1128
41,1216
10,691
12,751
44,448
32,964
32,708
12,866
12,1127
32,1144
23,1256
12,492
12,950
32,1199
32,1289
11,1295
12,1233
32,1277
12,1030
12,469
33,916
10,1205
10,941
12,1243
32,1225
12,345
35,1133
12,999
32,1081
32,1175
32,1293
18,1129
10,626
39,428
37,1201
12,1196
10,1070
12,1181
12,1284
41,1112
12,1131
32,502
32,1006
7,721
12,1000
37,1071
10,819
12,716
12,1055
32,962
40,1249
12,1052
32,1171
12,817
18,1214
32,1163
12,1032
12,326
2,1244
12,1122
12,799
32,523
12,877
12,697
32,1221
32,991
12,840
32,1173
32,1008
3,987
12,850
32,609
12,1278
12,1304
12,1157
44,949
12,801
12,1027
12,1119
12,1192
4,1105
12,1134
30,954
32,740
12,1028
44,977
12,679
12,899
12,208
12,297
37,906
12,805
12,765
12,934
12,1298
12,1296
32,1283
12,1301
12,1218
12,1228
12,544
12,161
12,1269
12,404
12,1018
32,886
41,611
12,443
12,959
12,1085
12,253
12,667
12,473
12,450
37,695
12,402
25,287
8,378
12,994
12,856
12,764
12,1087
12,1200
37,974
12,1147
12,930
12,631
14,1136
12,503
12,989
4,1023
12,815
12,1079
12,565
12,696
12,1152
44,975
12,1115
44,615
12,213
12,923
12,1050
12,395
12,1126
12,846
12,649
12,795
12,888
12,488
12,658
4,955
12,1239
12,1159
12,430
12,790
12,785
12,908
12,1241
12,383
12,1179
46,1188
12,1265
12,1258
12,984
12,1259
32,966
12,1203
12,706
32,1215
12,358
12,420
12,269
12,1043
12,919
12,1260
12,842
12,1044
12,654
1,407
12,1161
12,1072
12,331
12,185
12,477
12,394
32,910
12,603
37,396
12,624
12,577
12,735
12,699
12,980
12,914
10,607
12,971
12,324
12,836
12,944
12,802
12,755
12,928
12,715
32,1264
12,907
12,876
12,376
12,347
12,789
12,644
12,262
12,855
12,1154
12,705
12,1208
12,496
35,804
12,546
12,837
12,472
12,986
12,922
12,191
12,527
12,869
12,1073
12,236
12,254
12,759
12,973
12,320
12,357
12,549
12,798
12,863
12,676
12,532
18,316
12,444
12,895
32,838
20,688
12,243
6,662
12,366
12,988
12,215
12,1213
12,196
12,743
12,811
12,929
12,1123
12,1251
12,1270
12,604
12,981
12,722
10,963
12,1064
12,589
12,612
12,260
12,879
12,766
12,709
12,848
12,871
12,359
32,704
12,1167
12,1275
12,285
12,873
12,717
12,841
12,887
12,844
12,750
12,573
12,1077
12,538
12,812
12,931
12,594
12,1042
12,961
12,1057
12,336
12,632
12,249
12,574
12,1108
12,672
12,690
12,281
12,517
12,1021
12,1113
12,1191
12,1031
12,227
12,657
12,470
12,880
12,550
12,1083
12,1060
12,1194
12,1029
12,481
12,633
12,306
12,322
12,211
12,200
12,233
12,997
12,720
12,882
12,872
12,454
12,1124
46,663
12,1125
12,386
12,1279
12,978
12,1088
13,1141
12,453
12,1069
12,1250
12,380
12,1114
12,990
12,421
12,835
12,414
12,768
12,425
12,1246
12,1204
12,828
12,427
12,409
12,293
12,1001
12,460
12,356
12,1022
12,1003
37,993
44,1039
12,489
12,1010
12,520
12,796
12,329
32,1035
12,936
12,1099
12,767
12,983
12,318
12,729
12,397
12,752
12,687
12,1166
17,596
12,665
14,1121
12,1143
12,1075
12,1004
12,948
12,511
12,683
12,255
12,436
12,373
12,889
12,1135
12,480
12,821
12,622
49,728
12,416
12,967
12,1007
12,553
12,385
12,985
12,992
12,661
12,308
12,924
12,1116
12,797
12,733
12,564
12,774
12,1101
12,1176
12,419
12,222
12,300
12,363
12,898
12,338
12,829
12,507
12,1094
32,1137
12,933
12,599
37,937
12,656
12,461
12,225
12,491
12,277
12,1082
12,1045
12,874
12,1117
12,839
12,583
12,598
12,263
12,458
12,452
12,852
12,832
26,465
12,1053
12,957
12,1089
12,1149
12,335
12,951
32,769
12,431
12,814
32,782
12,349
12,433
12,628
12,266
32,398
12,142
12,157
12,680
12,593
12,432
12,555
12,343
12,578
12,568
12,515
12,572
12,466
12,439
12,793
12,206
12,543
12,271
12,435
12,370
12,242
12,235
15,352
12,602
12,518
12,557
12,146
12,938
12,451
12,884
32,508
12,495
12,777
12,423
12,671
12,120
12,145
12,762
12,745
12,711
12,702
12,810
12,1120
18,1046
12,1274
32,585
21,442
12,625
12,710
12,181
12,367
12,1180
12,787
12,1267
12,707
12,426
12,854
12,1019
12,415
12,581
12,535
12,344
12,1236
12,446
18,664
12,668
27,960
12,818
12,311
12,784
12,1038
12,1017
12,917
12,1111
12,1103
12,1252
12,552
12,542
12,1065
12,834
12,1150
12,1106
12,736
12,1014
12,703
12,808
12,422
12,355
12,806
12,424
12,1158
12,1237
12,516
12,279
12,510
12,659
12,410
12,412
12,501
12,223
12,372
12,524
12,459
12,342
12,730
12,878
12,497
12,827
12,1012
12,561
12,1227
12,234
12,533
12,483
12,783
12,776
12,1090
12,1178
12,775
12,259
12,870
12,830
12,570
12,713
12,327
12,1061
12,996
12,1140
12,885
12,881
12,362
12,559
12,674
12,820
12,911
12,935
12,901
12,1212
12,970
12,280
32,1051
12,525
12,1211
12,1005
12,296
12,354
12,478
12,246
12,900
12,113
12,560
12,303
12,732
12,307
12,231
12,455
12,731
12,861
46,726
12,1020
12,788
12,1198
12,298
12,779
12,610
12,953
12,851
12,1011
12,479
12,1132
12,725
12,675
32,447
12,741
12,896
12,1086
12,150
12,237
12,401
12,531
12,512
12,694
12,268
12,361
12,244
12,494
12,382
12,325
12,608
12,1033
12,539
12,332
12,758
12,292
12,218
12,229
12,152
12,718
12,575
12,723
12,673
12,772
12,341
12,681
12,927
12,778
12,754
12,1067
12,1138
12,1059
12,647
12,413
12,567
12,232
12,822
12,920
12,791
12,1080
12,351
12,639
12,744
12,623
12,945
12,640
12,1025
12,875
12,334
12,617
12,348
12,712
12,317
12,556
12,1096
12,1110
12,1155
12,698
12,943
12,952
12,1002
12,387
12,883
12,1036
12,865
12,734
12,1164
12,748
12,1058
12,212
12,660
12,1224
12,475
12,456
12,346
12,701
12,780
12,390
12,267
12,595
12,505
12,641
12,605
12,600
12,597
12,286
12,646
12,500
12,620
12,965
12,193
12,289
12,388
12,562
12,643
12,807
12,771
12,739
12,669
12,763
12,571
12,693
35,918
12,530
12,304
12,381
12,498
12,278
12,137
12,868
12,727
12,677
12,369
12,590
12,947
12,197
12,159
12,642
12,537
12,847
12,686
12,894
12,592
12,714
12,513
12,514
12,295
12,174
24,1024
12,1026
12,968
12,719
12,283
12,265
12,339
18,761
12,309
12,749
12,738
12,153
12,411
42,313
12,892
12,566
12,134
12,781
12,301
12,258
12,226
12,241
12,652
12,857
12,123
12,1009
12,178
12,59
12,476
12,1040
12,391
12,93
12,190
12,330
12,1177
12,891
12,471
12,172
12,1182
12,792
12,221
12,692
12,1195
12,1034
12,291
12,770
12,678
12,1098
12,773
44,1015
11,909
12,554
36,547
12,1100
12,449
12,932
12,586
12,526
12,482
12,429
12,1165
12,207
12,315
12,418
12,979
12,580
12,558
12,653
12,905
12,601
12,490
12,210
12,545
12,276
12,1091
12,393
12,171
12,831
12,522
14,333
12,816
12,893
29,541
12,389
12,618
12,536
22,684
12,824
12,484
12,637
12,867
12,519
12,323
12,360
12,474
12,1248
12,228
12,310
12,182
12,529
12,849
12,813
12,588
12,926
12,499
12,305
12,843
12,1169
12,441
12,368
12,194
12,655
12,437
12,1084
12,290
12,753
12,340
12,912
12,141
12,256
12,1253
12,1305
12,1291
41,1306
12,274
12,400
12,204
12,273
12,468
12,638
12,445
12,904
12,786
12,384
12,803
12,314
12,689
12,737
12,760
12,408
12,364
12,534
12,187
12,902
12,747
12,1041
12,587
12,275
12,1063
12,634
12,746
12,464
12,1273
12,440
12,247
12,462
12,406
12,582
31,169
12,858
12,1097
12,245
12,1268
12,1223
12,1062
12,252
12,220
12,132
12,940
12,149
12,463
12,969
12,506
12,1217
12,261
12,96
12,156
12,328
12,155
12,60
12,30
12,5
12,51
12,80
12,180
12,98
12,166
12,44
19,28
12,85
12,48
12,392
12,170
12,136
12,606
12,1312
12,1309
12,1310
12,1316
12,1314
12,1315
12,1313
12,1319
49,1318
12,125
35,504
12,371
12,648
12,627
12,165
12,897
12,107
12,188
12,1078
12,375
12,264
12,284
32,214
12,1193
12,1206
12,1263
12,312
12,192
12,203
12,177
12,377
12,251
12,976
12,630
12,144
12,250
12,890
12,650
12,569
12,199
12,202
12,201
12,164
12,50
12,205
12,95
12,576
12,579
12,1207
12,124
12,614
12,175
12,139
12,374
12,52
12,23
12,13
12,65
12,756
12,61
37,84
12,109
12,162
12,54
12,14
12,7
12,1325
12,25
12,47
12,76
12,34
12,319
12,1170
12,186
12,128
12,148
12,493
12,112
12,32
12,403
12,195
12,33
12,127
12,1330
12,22
32,45
12,1321
12,3
12,29
12,119
12,176
12,299
12,147
12,63
12,548
12,183
12,217
12,198
12,111
12,37
12,55
12,75
12,73
12,41
12,38
12,1335
12,1320
12,189
5,66
12,1329
12,86
12,143
12,2
12,12
12,26
12,163
12,79
12,91
12,106
12,31
12,18
5,62
32,40
12,230
12,78
12,151
12,64
12,89
12,74
12,629
12,584
12,1327
14,1328
12,100
12,116
12,53
12,140
41,71
12,158
12,1107
12,239
12,56
12,88
12,724
12,302
12,94
12,337
12,11
12,1334
12,1324
12,99
12,114
12,10
12,9
12,21
12,1331
12,70
12,154
12,110
12,87
12,17
12,224
12,168
12,486
12,321
12,551
12,1145
12,179
12,248
12,257
12,81
12,1095
12,160
12,864
12,350
12,130
12,46
12,942
1,131
12,97
12,972
12,1048
12,216
12,105
12,939
12,272
12,209
12,487
12,270
12,103
12,138
12,36
12,49
12,1311
12,69
12,57
12,101
12,219
12,77
12,72
12,121
12,35
12,122
12,19
12,457
12,294
12,24
12,115
12,104
12,126
12,68
12,742
12,129
12,20
12,15
12,1333
12,90
12,1323
12,58
12,1326
12,1336
12,1
12,1093
12,521
9,16
9,108
44,43
9,42
9,173
9,133
9,4
9,240
42,135
9,118
9,82
32,92
32,1332
42,1222
48,1013
32,39
32,67
49,6
32,27
32,1317
32,903
32,1322
32,102
41,8
48,117
32,167
32,83
49,184
