1,1206
4,1208
4,1210
4,1064
4,1219
1,1236
4,703
4,1232
4,1207
3,1157
2,1199
1,1082
3,1112
4,1212
3,1095
2,889
4,1144
2,1227
3,876
3,1118
4,1005
3,954
3,1089
4,1042
4,561
4,1087
4,591
3,1223
2,1139
3,928
1,1222
1,908
3,784
2,1077
3,891
3,1056
3,912
1,1228
3,1215
3,655
2,946
3,970
3,996
3,532
3,581
1,485
4,722
1,751
2,829
3,1192
4,1194
3,514
3,831
3,1197
3,633
3,967
4,500
3,1030
2,952
1,386
3,1221
2,880
3,1032
3,1166
3,1001
3,697
2,1133
2,659
3,993
4,1163
3,1196
4,1053
3,520
3,978
3,1204
3,1147
2,798
3,981
4,1101
2,850
3,1060
2,1153
2,1079
3,1195
3,1022
3,1010
2,1205
3,1116
3,636
1,701
3,1052
3,927
3,602
3,522
3,1094
1,853
3,351
3,745
3,811
2,1067
2,583
3,772
3,1086
3,863
3,716
2,564
2,385
3,816
3,725
3,580
3,1231
3,1176
2,882
4,411
3,660
2,920
3,913
2,374
2,288
4,631
3,683
4,393
2,518
3,621
3,400
3,577
3,1046
3,667
3,1114
3,554
3,456
4,723
2,720
2,953
2,959
2,1122
3,937
3,1058
3,543
3,982
3,578
2,791
3,511
4,1049
2,740
2,1098
2,692
2,727
3,593
4,427
3,415
3,493
4,430
2,1115
2,841
3,1031
3,919
2,861
2,1217
1,1224
3,1161
1,773
3,823
3,565
3,626
2,1120
3,991
3,979
3,1076
3,1182
3,526
3,1008
3,894
3,830
3,969
3,947
3,999
3,1105
3,704
3,512
3,428
2,612
3,486
3,744
3,1132
3,466
3,842
3,980
3,1063
3,817
2,1029
3,775
3,568
3,681
3,730
2,781
3,851
3,1068
3,762
3,608
6,729
3,690
3,1141
3,944
2,767
3,611
2,930
3,1016
3,549
3,1121
3,609
3,790
3,865
3,825
3,1143
3,1047
3,845
3,984
3,1119
3,888
3,590
3,843
3,708
3,641
3,685
1,574
3,1211
3,1225
3,642
3,1198
3,1202
3,1226
4,698
3,972
2,1051
3,1156
2,1184
3,837
2,684
3,1177
3,713
3,1229
3,1164
2,1126
3,801
3,924
3,917
3,1216
3,1235
3,1218
3,1158
3,872
3,1209
3,1185
3,1136
3,916
3,1017
3,1234
3,1138
4,1036
3,1104
3,1220
2,709
3,1175
3,800
3,1088
3,921
2,584
2,465
3,1146
2,1169
3,918
3,962
3,1142
3,788
3,1055
3,1129
3,765
3,1128
3,802
2,629
3,777
2,1075
3,1018
3,669
3,896
3,824
3,938
3,529
3,388
3,792
3,854
3,535
4,1069
2,878
3,1180
3,810
3,1170
3,1171
3,285
3,915
3,1151
3,1092
3,652
2,1154
3,1168
3,334
3,1173
1,645
3,412
3,657
3,846
3,503
2,995
3,318
3,866
3,1109
3,983
1,910
3,1125
3,809
3,1145
3,625
3,505
2,732
3,1004
3,771
3,968
3,1024
3,855
3,956
3,743
3,1083
3,1045
3,1131
3,640
2,933
3,524
3,1165
3,1000
3,760
3,1174
3,617
3,1187
2,955
3,884
3,904
3,1048
3,752
3,844
3,536
3,632
3,1044
3,1200
2,587
3,1034
3,828
2,1123
1,717
3,813
3,869
3,974
3,1003
3,840
3,1090
3,1135
3,1084
3,769
1,1040
4,964
3,502
3,1021
3,1106
3,754
3,1006
5,1113
2,966
3,832
3,594
3,682
3,691
3,618
3,1137
3,1189
3,1002
3,712
3,1213
3,793
3,961
3,895
3,1230
3,1214
3,677
3,348
3,1178
3,936
2,934
3,932
3,1188
3,395
3,734
2,1152
3,1111
3,997
2,1043
3,758
1,906
3,676
3,903
3,646
3,1148
3,925
3,668
3,1071
3,949
3,1140
3,540
3,875
3,322
2,735
3,747
3,544
3,390
4,1097
3,1183
3,569
3,941
3,702
5,893
3,582
1,647
3,1059
3,1134
3,768
3,960
3,858
3,929
2,990
3,672
3,1130
3,1020
3,864
3,551
3,282
3,601
3,886
3,513
3,449
3,1110
3,623
3,988
3,779
3,736
2,572
3,1124
3,320
3,586
3,275
3,384
3,812
3,592
2,635
3,380
3,1167
3,1062
3,746
3,883
2,1033
2,506
3,958
3,852
3,976
3,494
3,562
3,497
3,898
3,527
3,870
5,731
3,530
2,787
3,987
4,794
3,897
3,573
3,1093
3,733
3,689
3,403
3,501
2,822
3,1054
3,902
3,821
3,627
3,662
3,780
3,671
3,710
3,445
3,839
3,539
3,566
3,1023
3,948
3,1149
3,877
3,686
3,890
3,867
3,911
3,885
3,776
3,973
2,1014
3,1091
3,1072
3,567
3,1028
3,1027
3,1080
3,498
1,695
3,600
3,940
3,488
3,496
3,558
3,556
3,408
3,432
3,439
3,437
3,674
3,795
3,1057
3,1150
3,579
3,576
3,738
3,441
3,422
3,198
3,93
3,95
3,286
3,489
3,257
3,157
3,236
3,311
3,477
3,806
3,696
3,610
3,994
2,724
3,458
3,860
3,596
3,1099
3,785
3,820
3,1009
3,504
3,1107
3,835
3,826
3,805
3,679
3,656
3,763
3,541
3,721
3,1061
3,418
3,650
3,753
3,649
3,766
3,874
3,750
3,922
3,957
3,783
3,926
3,807
3,1085
3,899
3,847
3,943
3,1100
3,986
3,670
3,764
3,654
3,510
3,665
3,818
3,387
3,862
3,588
3,658
3,827
3,310
3,375
3,680
3,394
3,223
3,1038
3,571
3,705
3,473
3,247
3,749
3,620
3,129
3,86
3,232
3,280
3,315
3,484
3,675
3,538
3,545
3,459
3,302
3,172
3,255
2,343
3,434
3,333
3,1015
3,585
3,971
3,546
3,859
3,624
3,507
3,266
3,209
3,349
1,219
3,517
3,443
3,435
3,292
3,104
3,354
3,552
1,542
3,164
3,214
3,188
3,151
3,297
3,347
3,737
3,550
3,416
3,848
3,360
1,371
3,598
3,352
2,267
3,338
3,128
3,433
3,487
3,834
3,296
3,871
3,977
3,799
3,856
3,1041
3,1073
3,475
3,139
3,833
3,401
3,1070
3,350
3,604
3,321
5,471
3,85
3,98
3,312
3,189
3,234
3,242
3,560
3,190
3,367
3,357
3,225
6,206
3,238
3,328
3,180
3,341
3,589
3,362
3,303
3,379
3,460
3,84
3,246
5,261
3,326
3,786
3,638
3,1103
3,256
3,942
2,814
3,399
3,548
3,218
3,173
3,193
3,141
3,143
3,279
3,277
3,78
3,63
3,313
3,363
3,105
3,472
3,220
3,688
3,605
3,323
3,421
3,1162
3,442
3,905
3,426
3,91
3,797
3,452
3,366
3,340
3,892
3,719
3,327
3,1190
3,998
3,228
3,224
3,210
3,254
3,339
3,474
3,715
3,270
3,121
3,213
3,186
3,289
3,202
3,290
3,252
3,378
3,112
3,308
3,156
3,273
3,836
1,1096
3,204
3,230
3,265
3,65
3,881
3,229
3,448
3,163
3,222
3,97
3,171
3,89
3,755
3,69
2,335
3,88
3,678
3,287
3,241
3,179
3,127
3,140
3,276
3,212
3,203
3,492
3,200
3,476
3,92
3,353
3,547
3,165
3,262
3,317
3,570
3,192
3,184
3,531
3,615
3,653
2,346
3,796
3,329
3,324
3,849
3,240
3,300
3,248
3,417
3,306
3,344
3,634
3,185
3,616
3,307
3,707
3,178
3,301
3,628
3,243
3,939
3,907
3,450
3,409
3,414
3,272
3,161
3,446
3,482
3,1159
3,706
3,253
3,264
3,490
3,951
3,603
3,423
3,398
3,413
3,1127
3,613
3,365
5,444
3,463
3,170
3,259
3,274
3,137
3,94
3,174
3,169
3,71
3,64
3,258
3,516
3,382
3,183
3,208
6,480
3,108
3,138
3,838
3,368
3,700
2,176
3,103
3,249
3,109
3,250
3,117
3,742
3,931
3,131
3,373
3,110
3,130
3,56
3,211
3,99
3,464
3,694
3,757
3,1155
3,1026
3,756
3,1025
3,622
3,1035
3,714
3,639
3,356
3,759
3,316
3,396
2,607
3,1181
3,739
3,559
3,533
3,1108
3,508
3,521
3,644
3,761
3,1065
3,619
3,331
3,661
2,606
3,168
3,455
3,614
3,741
3,555
3,406
3,782
3,525
3,519
3,726
3,963
6,231
3,693
3,673
3,804
3,1037
3,914
3,453
3,534
3,381
3,563
3,391
3,372
3,770
3,597
3,803
3,887
3,965
3,748
3,945
3,553
3,336
3,425
3,778
3,528
3,819
3,537
3,1201
3,1012
3,1013
3,950
3,451
3,599
3,278
3,495
3,637
3,728
3,361
3,467
3,901
3,330
3,197
3,975
3,1039
3,1203
3,461
3,868
3,1233
3,342
3,293
3,575
2,1019
3,291
3,181
3,195
3,111
3,216
3,251
2,648
3,436
3,457
3,364
3,470
3,392
3,808
3,478
3,900
3,389
3,1007
3,1172
3,1193
3,36
3,66
3,13
3,74
3,37
3,124
5,35
3,58
3,22
3,177
3,75
3,30
3,45
3,39
3,43
3,53
3,115
3,664
3,125
3,199
3,40
3,73
3,15
3,989
3,61
3,23
3,33
3,383
3,299
3,19
3,20
3,28
3,10
3,50
3,42
3,52
3,55
3,102
3,404
3,284
3,447
3,126
3,215
3,76
3,245
2,175
3,440
3,595
3,410
3,509
3,217
3,44
3,149
3,1066
3,304
3,499
3,332
3,298
3,194
3,227
3,419
3,1186
3,1078
3,167
3,54
3,152
3,187
3,221
3,81
2,1081
3,233
3,114
3,260
3,57
3,483
3,150
3,294
3,370
3,24
3,132
3,3
3,144
3,5
3,7
3,1237
3,9
3,4
3,70
3,2
3,79
3,153
3,14
3,72
3,25
3,8
3,21
3,26
5,51
3,17
3,1238
3,47
3,27
3,424
3,120
3,122
3,134
3,789
3,909
3,397
3,182
3,481
3,630
2,454
3,100
3,101
3,283
3,133
3,207
3,59
3,239
3,268
3,159
3,281
3,62
3,337
3,49
3,718
3,83
3,118
3,191
3,16
3,491
3,146
3,87
3,469
3,123
3,82
3,515
3,80
3,557
3,68
3,295
3,1191
3,879
3,666
3,325
3,992
3,420
3,462
3,1074
3,355
3,136
3,358
3,269
3,67
2,271
3,1117
3,1160
3,438
3,244
3,11
3,18
3,235
3,155
3,237
3,305
3,402
3,116
3,148
3,263
3,34
3,145
3,166
3,205
5,405
3,41
3,985
3,107
3,154
3,923
3,314
3,345
3,113
3,158
3,815
3,142
2,77
3,468
3,377
3,135
3,119
3,29
3,106
3,147
3,1050
3,196
3,1102
3,857
3,479
3,376
3,1179
3,1011
3,687
3,711
3,429
3,699
3,935
3,201
3,873
3,319
3,60
3,162
3,651
3,90
3,369
3,663
3,309
3,643
3,523
3,160
3,48
3,407
3,774
3,226
3,38
3,6
3,359
3,431
3,12
3,32
3,1
3,46
4,31
4,96
