14,89
16,112
17,33
5,49
18,80
2,113
27,41
2,120
4,65
27,81
31,168
1,67
15,76
6,29
21,189
2,104
30,122
8,75
21,23
21,87
30,121
21,96
21,82
1,28
21,140
21,92
21,117
21,272
21,50
30,102
21,148
30,107
21,68
21,162
21,85
30,56
30,98
8,97
2,60
21,146
21,161
21,22
19,235
24,84
21,20
21,95
21,201
30,42
21,79
21,101
30,70
24,69
30,105
30,58
21,78
21,200
21,55
21,115
21,40
21,88
21,209
21,57
21,114
30,34
21,156
21,77
21,47
21,27
21,91
21,93
21,190
5,63
15,45
18,240
21,138
21,66
21,171
21,26
21,46
21,61
21,31
21,90
30,35
21,15
21,59
15,25
21,232
21,271
21,62
21,19
21,71
21,268
21,244
16,247
21,175
21,264
21,133
21,109
1,43
30,127
21,248
21,249
30,254
21,198
21,221
20,218
21,181
30,158
19,233
20,74
30,5
21,106
21,110
21,126
21,267
1,257
21,3
16,94
16,170
21,119
21,183
21,216
29,178
30,202
30,179
20,172
19,2
4,212
30,224
30,118
30,180
24,13
19,73
30,86
11,261
29,30
30,225
21,160
30,154
21,103
11,228
5,37
30,217
29,124
7,153
21,111
30,182
21,83
29,108
5,166
30,32
30,197
30,184
30,164
12,125
21,53
30,36
19,208
25,152
30,236
21,177
21,203
27,219
30,130
11,129
30,187
29,196
21,48
24,173
16,193
21,100
16,17
30,137
11,252
19,147
29,139
30,195
16,151
16,64
16,207
19,188
30,222
16,215
30,234
29,205
7,143
30,211
30,21
21,51
21,54
7,157
5,131
30,255
24,256
30,223
30,134
30,144
19,231
29,199
21,176
21,220
16,270
30,149
24,185
30,210
3,136
30,260
30,167
21,259
29,123
30,262
16,194
7,52
24,214
30,241
16,132
30,204
19,237
30,44
29,169
19,229
30,159
30,10
16,163
30,7
1,239
28,243
30,269
24,266
10,227
29,186
21,145
19,238
30,213
21,191
30,245
24,18
7,38
27,258
21,250
24,230
10,242
26,251
22,246
7,141
10,135
22,165
19,174
19,253
10,265
10,155
30,273
11,1
19,150
30,142
30,192
17,72
9,4
29,9
29,128
15,263
29,206
3,14
19,24
12,226
28,12
23,99
21,116
26,39
29,16
21,8
21,6
13,11
