4,825
50,1225
93,1247
98,1178
4,1182
50,1177
55,1222
4,996
4,1236
54,1239
93,1061
93,546
53,1097
50,1246
4,1112
4,856
4,1055
50,1185
55,1244
50,1046
50,1167
55,446
4,971
55,1229
4,1232
52,1224
3,987
3,1206
94,1184
54,520
4,1253
6,1179
4,968
55,1252
4,1077
55,1238
4,932
93,1191
93,1176
2,1085
55,619
51,988
55,913
93,1139
4,1140
54,1205
93,568
56,1223
4,1022
93,1148
93,414
4,776
50,670
93,1218
54,1168
96,1133
55,1195
96,667
98,804
4,623
93,964
55,1128
86,1159
4,632
4,865
3,783
92,586
54,843
93,1157
4,976
70,979
4,1033
49,1111
54,949
5,947
70,871
54,755
54,1132
98,516
4,502
64,322
3,1102
30,1180
50,901
54,937
70,848
55,1221
54,391
93,889
54,1203
86,1153
64,1169
54,535
54,1090
54,739
4,874
97,867
6,982
6,744
98,759
54,1149
4,407
54,1110
54,1109
4,1240
96,955
4,462
4,1227
4,727
54,558
18,1065
93,1219
64,1213
7,1135
50,1151
55,1241
3,615
64,1141
4,607
54,1173
4,270
57,752
91,765
57,1114
26,1188
4,767
3,894
90,594
9,1198
4,842
54,296
55,832
7,970
14,823
64,641
4,1142
54,785
64,773
64,725
60,1129
50,421
21,1117
6,1175
64,1234
6,1200
64,1230
4,1040
64,1212
95,1174
1,521
54,926
70,669
93,868
54,251
64,1171
64,1158
10,1120
64,466
50,927
4,675
4,552
28,940
93,792
4,1093
4,1044
4,455
4,571
54,981
69,953
35,510
24,1197
6,1030
64,1025
64,1026
4,1087
57,935
4,345
4,1215
31,529
64,1056
62,898
64,777
4,365
64,1201
27,1242
4,1235
4,951
93,756
64,797
50,610
50,1143
62,341
55,748
70,651
4,816
64,980
59,808
78,719
64,423
7,908
64,1125
64,1154
64,896
64,966
78,303
32,880
63,628
6,318
70,1181
8,1095
6,1138
64,872
64,1013
64,1192
64,1237
93,499
54,914
64,1243
54,794
64,1051
64,1103
4,1052
93,531
70,828
64,1163
66,1152
46,604
18,1228
15,385
12,1122
64,509
64,1194
97,1189
64,1116
33,1131
41,663
7,668
64,775
40,681
64,1001
82,995
64,1210
62,830
54,1127
64,1170
11,905
64,1130
64,1211
45,1078
64,409
64,1084
42,977
47,271
80,638
93,873
64,393
64,1193
71,1119
20,1092
64,672
54,699
64,403
25,892
64,1164
64,1049
17,1012
36,1249
64,1006
64,938
64,761
64,969
64,847
64,350
66,354
39,430
62,406
64,899
37,637
54,1126
62,993
64,1183
64,974
93,386
64,674
4,1144
64,1081
7,989
64,973
64,355
61,572
64,608
62,442
64,213
64,189
64,1220
64,286
6,272
83,513
18,309
54,850
62,508
64,852
64,737
64,944
64,1094
64,434
70,844
64,401
64,357
64,684
64,923
64,612
64,1079
64,702
93,616
64,720
62,500
64,860
64,321
61,791
64,904
64,811
64,717
64,232
64,734
62,1024
64,707
64,424
64,1075
64,729
64,269
64,747
64,602
64,790
7,419
64,538
62,240
64,360
64,362
58,489
64,273
79,329
64,1072
64,460
64,382
64,465
64,812
64,353
64,344
64,786
64,802
62,593
64,855
64,829
64,566
71,963
64,473
64,264
64,1156
64,965
64,554
64,1108
77,1136
66,939
64,408
64,343
64,585
64,447
64,262
64,916
64,936
54,858
64,550
64,439
64,461
18,247
64,644
7,945
64,718
62,486
64,338
64,551
64,664
64,478
64,528
64,577
64,656
64,870
29,1104
19,960
64,284
81,849
64,443
64,1004
67,781
64,250
70,879
64,691
64,763
64,706
64,1039
64,925
64,517
64,714
64,787
64,771
64,1050
64,220
64,890
61,692
64,503
64,1002
66,768
64,622
64,613
64,1123
64,475
64,324
64,745
64,1106
64,437
62,749
64,950
64,1187
64,754
4,713
62,1038
64,545
58,626
64,911
62,328
48,295
64,780
64,640
62,1034
64,203
64,201
43,444
64,441
64,560
64,840
64,857
64,959
64,582
79,736
64,906
64,900
24,511
64,798
64,770
64,1209
64,793
64,313
64,690
64,245
64,339
23,361
34,1003
64,796
64,620
64,415
64,716
63,351
64,288
64,396
64,305
64,789
64,479
64,603
62,530
64,834
64,310
64,555
64,693
64,268
61,910
64,526
64,817
64,1009
64,678
69,864
64,590
93,595
62,564
64,753
64,494
64,553
64,377
64,534
62,533
64,156
64,519
4,962
64,459
64,405
64,598
61,882
64,346
64,1019
64,398
64,512
64,1216
64,676
64,1186
64,639
66,501
64,922
64,1214
64,467
64,1035
64,1199
64,665
64,609
54,575
64,1029
64,983
64,601
8,381
64,199
64,645
64,492
62,930
66,687
64,998
62,347
64,282
64,741
64,1059
64,348
64,801
64,333
64,371
64,686
64,751
64,482
64,778
79,304
64,758
64,624
64,1060
64,184
62,174
64,204
72,562
64,1076
64,1172
64,760
64,319
4,234
64,853
64,942
64,1071
64,231
64,541
64,683
64,374
64,248
64,450
73,671
64,1010
4,573
64,182
64,148
64,1070
64,420
64,611
64,642
64,866
62,1018
61,722
64,402
64,144
64,81
73,158
64,180
64,312
64,334
64,135
64,958
64,515
64,428
64,155
62,113
64,146
64,118
64,139
64,173
64,196
64,138
64,218
64,862
64,1053
64,818
64,655
64,703
65,788
64,440
64,631
62,918
63,588
64,657
64,967
64,694
64,557
99,648
64,1047
64,934
64,306
64,367
64,876
64,505
64,289
64,316
64,984
64,618
64,1005
62,1100
64,454
64,1099
64,723
62,539
64,779
64,715
64,652
77,221
64,277
64,1020
64,799
64,731
64,1226
64,412
64,543
64,281
64,477
62,764
64,1000
64,659
64,294
64,456
64,504
64,822
64,358
64,733
64,851
64,827
64,1115
62,433
64,567
64,302
64,1107
64,366
64,359
62,1037
64,861
64,757
64,1165
64,885
62,774
64,909
62,952
64,330
61,845
64,488
64,1101
64,480
64,730
64,1063
64,709
64,394
64,831
64,742
64,743
64,810
64,915
64,1086
64,1150
62,666
64,524
64,833
62,795
64,819
64,649
64,917
64,507
64,411
64,311
64,416
71,314
64,495
64,474
64,746
64,425
64,1091
64,1096
76,721
64,1098
20,807
16,581
64,1008
62,634
42,711
64,308
64,336
64,895
8,836
64,1088
64,673
64,565
64,1146
62,1067
64,1137
64,946
64,1105
64,1204
64,370
64,451
64,929
64,536
64,893
64,331
64,498
64,547
64,696
62,436
64,682
64,954
64,1054
73,978
64,888
64,704
64,265
64,469
64,679
64,735
64,379
64,726
64,540
22,712
64,375
64,387
64,225
64,293
64,238
64,1048
64,592
64,578
64,903
64,1202
64,661
81,1166
64,383
64,1021
64,496
64,576
64,1155
64,869
64,803
64,327
64,907
64,589
64,1023
64,1162
64,897
64,636
64,491
64,453
64,548
64,468
62,838
64,485
64,732
54,878
64,1124
64,487
64,471
64,1118
64,1042
64,766
64,591
64,580
64,629
62,584
64,991
62,650
64,762
64,826
64,1069
64,912
64,369
64,997
64,606
64,373
64,242
64,332
64,452
64,404
64,902
64,556
64,212
62,859
64,532
64,633
64,990
64,689
62,323
64,214
64,563
64,839
92,256
64,1036
64,1073
64,449
16,1082
4,1031
66,614
64,708
64,527
64,384
64,941
62,400
73,349
64,685
64,846
66,325
64,887
64,627
64,597
64,948
64,646
64,260
64,368
64,291
64,472
64,975
8,740
64,986
44,388
64,630
64,587
64,418
17,884
64,933
64,579
64,806
64,992
64,464
64,92
64,215
64,417
64,202
64,654
64,257
64,399
68,643
64,1217
64,985
64,1017
64,463
64,600
64,1134
64,207
64,972
62,596
64,292
64,635
64,280
64,660
64,337
64,863
64,1043
64,647
64,583
64,1007
64,542
62,700
64,1064
4,490
64,800
64,710
64,1014
62,677
64,569
62,919
64,999
64,470
62,522
64,724
64,617
64,1058
64,784
62,301
64,181
64,924
64,431
64,931
64,883
64,782
64,920
64,680
64,886
64,599
64,653
64,1190
64,422
64,805
64,621
64,1028
64,192
64,881
64,380
64,352
64,891
64,1041
64,525
64,769
64,243
64,875
64,957
62,484
62,658
74,1068
64,326
64,820
62,435
64,1032
64,317
64,276
54,427
64,943
64,290
62,570
64,476
64,320
64,497
64,662
64,410
64,523
64,815
64,824
64,364
64,506
64,274
62,413
64,226
64,395
64,854
64,481
64,169
64,224
64,397
64,209
64,307
64,152
64,71
64,76
38,1290
62,86
64,194
64,688
64,356
13,258
64,544
64,124
64,1062
64,122
64,176
64,429
64,340
64,1207
64,197
64,140
63,537
64,1045
64,1147
64,1089
64,1066
64,342
64,445
64,1080
64,198
64,205
64,363
64,625
64,1208
63,559
64,728
64,574
64,821
64,921
64,1113
64,695
64,254
64,103
4,85
64,219
64,90
64,101
64,168
62,95
64,772
64,78
64,46
64,120
64,137
64,300
64,94
62,372
64,928
64,93
64,151
6,261
64,77
64,55
62,514
81,279
8,131
63,154
64,244
64,217
64,104
64,30
64,10
64,74
64,110
64,88
64,68
8,132
62,57
64,87
64,36
64,116
62,193
64,43
64,1273
64,62
64,1276
64,22
64,1284
64,1277
64,24
62,1279
64,19
62,41
64,7
79,34
64,1298
64,1289
64,48
64,18
64,115
64,21
64,141
64,1283
64,6
64,1278
64,2
88,14
62,159
64,191
64,53
64,84
57,1272
64,190
62,20
64,1297
79,1282
64,1291
62,42
64,1145
64,26
64,13
64,1015
64,392
22,750
64,241
64,298
64,73
64,432
64,1260
79,1255
64,1254
64,1258
22,1259
64,1264
64,1257
64,1261
64,1256
64,1263
79,1262
64,701
64,252
64,438
64,837
64,249
64,227
64,253
64,206
64,179
64,235
64,170
64,458
64,267
64,239
64,275
64,956
64,278
64,236
64,89
64,51
64,61
64,44
64,216
75,283
64,483
64,255
64,47
64,50
64,39
64,153
64,3
7,38
64,69
64,12
64,315
64,11
64,1270
64,54
64,163
64,188
64,223
64,112
64,809
64,67
63,29
64,149
64,58
64,1275
64,106
64,56
64,233
64,97
64,1285
64,1271
64,1286
52,79
64,4
79,59
64,100
64,1299
64,1057
64,1161
64,1268
64,91
64,63
64,1245
64,128
64,123
64,605
64,83
6,389
88,147
64,814
64,178
64,25
64,177
64,70
64,160
64,493
64,164
64,426
64,167
64,33
64,31
64,1274
64,1281
64,166
64,35
64,1266
64,1294
64,60
64,105
64,15
64,107
64,102
64,80
64,1265
64,72
64,8
64,17
62,5
64,23
64,186
64,65
64,1292
64,45
16,1
64,16
64,1295
64,52
64,37
64,1280
64,1296
64,1293
64,1288
64,1267
64,165
59,9
73,1269
64,285
64,195
64,1287
64,187
64,108
64,136
64,49
64,121
63,64
64,161
64,222
64,175
64,1233
64,877
64,994
64,549
64,126
64,183
64,561
64,130
64,119
64,96
24,109
64,28
4,66
64,117
64,27
64,82
64,127
64,75
64,40
64,150
64,208
64,98
64,145
64,143
87,1160
64,211
64,297
24,99
64,1011
24,172
24,32
64,1300
64,378
84,1121
84,287
84,237
84,133
84,200
84,335
84,114
84,518
85,1027
84,705
84,1016
4,210
4,835
4,129
89,157
4,246
93,230
98,1074
50,738
55,1083
4,457
96,259
55,697
55,142
50,1231
55,1250
4,171
4,448
50,1248
50,1251
55,698
98,813
98,1196
4,266
4,841
56,228
70,299
50,111
4,376
4,134
4,961
4,229
4,390
50,125
56,263
98,185
6,162
