40,833
30,565
91,831
46,845
68,640
107,769
87,767
30,682
30,739
22,713
21,797
29,832
95,732
50,762
68,691
26,642
30,756
110,795
30,367
85,711
2,776
68,810
40,671
45,607
102,747
80,822
25,318
68,494
112,669
20,853
25,847
33,818
40,751
78,114
105,687
56,793
112,731
109,608
11,559
12,645
34,707
34,353
39,839
63,771
103,543
68,750
64,723
30,322
36,689
86,763
33,817
92,714
39,709
55,802
30,676
36,746
76,653
99,598
30,573
83,184
55,748
109,179
9,782
59,638
26,675
36,571
36,761
29,579
112,595
68,485
94,304
79,646
80,719
101,778
109,619
96,672
81,615
92,734
39,555
109,764
29,774
44,848
68,668
68,677
104,216
44,212
14,695
51,685
102,305
29,820
75,605
35,686
39,826
30,787
94,841
94,789
68,825
53,819
68,840
18,704
56,416
93,792
109,850
56,829
45,575
50,790
82,712
68,814
30,737
36,740
44,532
46,170
109,568
30,588
110,48
29,550
46,566
30,754
82,547
68,843
35,718
34,725
57,816
97,849
68,806
34,661
37,842
39,437
100,824
25,429
30,652
28,462
29,259
34,518
98,94
29,524
58,19
38,109
80,479
54,478
33,567
36,9
106,326
30,246
107,604
12,618
40,692
110,226
27,422
67,558
111,766
68,267
96,639
72,445
106,800
92,17
68,378
93,727
25,418
49,770
36,328
113,706
55,384
114,374
39,253
68,643
30,234
59,345
29,854
30,670
42,830
23,59
36,131
88,681
9,745
77,852
101,696
68,834
30,779
37,773
68,637
12,708
90,610
30,683
32,512
4,557
30,520
39,654
47,625
36,611
79,626
68,499
33,563
79,393
61,634
96,587
68,589
113,651
29,535
84,562
68,678
95,743
42,585
94,757
109,622
66,788
24,693
40,530
28,118
78,442
50,702
30,703
39,721
33,541
42,656
30,755
7,684
42,781
23,516
63,627
34,644
29,722
110,453
92,522
25,255
30,556
43,423
44,657
29,796
65,837
40,309
59,443
34,600
30,552
73,803
36,738
30,597
56,663
97,617
48,574
61,635
39,591
99,649
52,716
97,705
30,623
61,780
68,641
30,760
61,694
8,580
61,724
30,630
110,458
30,799
45,648
36,759
92,658
30,667
45,477
105,504
12,551
33,592
46,741
29,513
29,472
30,544
40,596
104,459
35,469
37,167
25,444
68,515
105,377
61,338
29,2
68,8
61,435
29,295
45,528
80,401
94,386
29,380
96,534
62,385
68,249
72,55
5,381
25,427
40,483
43,362
1,388
34,390
112,475
30,317
39,144
46,468
59,237
16,187
59,484
56,315
40,449
36,564
30,726
30,465
34,481
56,599
36,700
30,578
74,620
40,323
61,749
37,583
68,116
30,577
56,594
30,768
30,394
42,343
92,169
3,433
30,329
29,344
46,199
13,744
30,283
33,398
30,265
29,506
29,222
44,519
24,655
44,81
58,440
36,375
68,349
60,330
30,526
94,498
56,662
45,650
6,493
29,432
29,266
30,365
40,276
41,12
33,136
29,229
94,68
9,368
44,90
30,133
44,476
44,364
57,537
32,279
56,402
45,209
102,132
19,141
30,348
10,400
29,570
29,614
36,680
30,542
29,452
12,51
104,32
61,193
89,715
62,511
30,593
29,752
96,473
30,569
30,601
82,492
30,502
30,501
94,404
94,327
30,730
30,728
30,697
40,572
30,447
22,391
30,436
33,497
39,742
30,508
29,673
92,772
68,699
92,688
29,733
39,586
33,431
30,603
31,500
43,523
33,214
104,263
36,576
68,293
104,42
94,306
9,439
96,221
70,126
36,122
104,41
36,134
30,233
94,92
30,121
68,270
44,357
9,185
30,56
30,448
15,303
106,514
94,308
30,406
61,335
30,49
43,257
33,609
29,415
29,236
105,584
30,67
33,366
30,482
94,66
34,142
29,710
44,173
30,110
30,190
30,161
30,413
105,127
33,180
36,271
29,313
68,138
104,546
33,290
30,147
96,231
97,23
42,631
94,616
30,488
30,346
104,208
42,521
30,268
45,387
9,33
29,1
44,302
44,311
30,347
30,213
115,93
104,392
30,399
33,296
96,549
30,128
29,188
30,529
30,242
30,53
44,79
29,165
36,43
30,403
30,621
30,430
12,582
103,495
40,227
94,505
108,291
69,525
33,503
29,679
30,456
43,215
105,218
33,461
29,171
30,319
33,203
33,517
33,420
42,510
30,355
43,333
29,331
68,467
33,86
94,735
44,82
33,480
30,613
30,647
36,354
30,466
30,441
44,228
30,111
29,352
30,341
40,359
30,463
33,105
30,260
43,24
29,256
100,280
30,324
39,264
30,117
68,112
30,297
90,4
30,240
30,189
68,160
29,106
94,14
68,211
104,88
30,27
33,130
30,289
30,159
90,225
40,31
30,272
61,16
39,65
30,149
30,332
30,207
69,172
94,219
30,244
30,561
30,312
30,241
30,252
9,247
61,278
30,371
30,250
29,548
30,428
30,195
30,275
30,64
33,232
33,300
30,168
33,298
30,337
30,307
30,358
33,238
29,104
29,340
30,101
30,36
104,301
43,316
29,334
36,137
30,123
33,356
30,61
30,163
30,54
9,140
30,98
30,44
33,220
29,47
30,285
30,373
30,230
30,206
29,784
30,855
33,539
94,861
33,28
30,808
30,720
9,450
30,46
30,851
36,785
30,99
30,181
68,152
44,108
33,97
30,277
40,192
30,813
30,70
30,5
29,22
43,659
30,857
30,660
68,15
30,859
30,166
30,314
17,178
9,828
30,83
40,407
68,248
94,197
30,273
30,201
94,531
30,860
30,157
30,396
30,120
30,821
30,701
30,286
30,805
30,777
30,823
44,632
30,612
30,84
29,419
30,674
30,624
30,815
30,336
29,125
30,858
30,507
30,801
68,835
68,536
30,758
29,698
30,150
106,553
71,491
104,412
30,665
30,287
30,154
30,235
30,310
30,91
33,451
68,269
30,540
30,666
30,85
30,405
42,370
33,460
30,581
30,471
30,414
30,408
30,274
30,446
30,496
33,261
30,434
96,35
30,25
30,360
30,89
30,45
30,487
30,177
33,74
67,425
33,664
29,155
68,143
30,129
30,527
30,58
30,243
30,145
30,6
30,490
30,113
36,75
30,103
30,38
30,62
30,80
33,205
30,18
9,254
30,115
30,148
68,223
30,151
30,37
30,294
30,29
30,69
29,198
30,162
33,164
4,489
33,636
30,383
30,282
33,438
30,602
44,633
6,95
30,417
30,409
30,204
30,538
30,509
33,71
30,457
29,382
30,426
30,339
30,96
30,350
29,554
30,690
30,76
33,411
7,376
30,196
30,284
30,474
30,454
68,153
30,202
30,13
30,124
30,239
30,245
30,455
9,135
30,52
30,258
29,320
30,397
30,395
30,224
33,156
30,78
30,158
1,102
30,183
68,545
30,533
30,3
30,372
30,174
30,7
8,50
68,379
68,107
13,119
30,60
30,20
30,200
30,470
5,26
30,73
30,139
22,281
30,191
30,194
30,72
16,77
30,34
30,210
68,176
30,57
30,606
10,838
68,836
30,560
6,765
68,351
9,63
30,844
9,629
12,811
68,421
30,464
68,827
30,717
30,175
30,809
30,410
30,590
68,846
30,363
68,804
30,783
30,251
30,39
9,486
68,856
30,40
30,182
30,812
30,369
30,146
30,262
68,342
9,807
30,736
9,217
30,753
30,791
30,288
30,786
30,325
9,87
30,424
9,729
30,186
30,299
30,798
30,628
68,100
30,321
30,21
30,775
68,292
12,10
68,794
68,389
68,30
68,361
68,11
