2,825
41,1225
68,1247
73,1178
2,1182
41,1177
44,1222
2,996
2,1236
43,1239
68,1061
68,546
42,1097
41,1246
2,1112
2,856
2,1055
41,1185
44,1244
41,1046
41,1167
44,446
2,971
44,1229
2,1232
42,1224
2,987
2,1206
69,1184
43,520
2,1253
3,1179
2,968
44,1252
2,1077
44,1238
2,932
68,1191
68,1176
1,1085
44,619
41,988
44,913
68,1139
2,1140
43,1205
68,568
44,1223
2,1022
68,1148
68,414
2,776
41,670
68,1218
43,1168
71,1133
44,1195
71,667
73,804
2,623
68,964
44,1128
63,1159
2,632
2,865
2,783
67,586
43,843
68,1157
2,976
52,979
2,1033
40,1111
43,949
2,947
52,871
43,755
43,1132
73,516
2,502
48,322
2,1102
22,1180
41,901
43,937
52,848
44,1221
43,391
68,889
43,1203
63,1153
48,1169
43,535
43,1090
43,739
2,874
72,867
3,982
3,744
73,759
43,1149
2,407
43,1110
43,1109
2,1240
71,955
2,462
2,1227
2,727
43,558
11,1065
68,1219
48,1213
3,1135
41,1151
44,1241
2,615
48,1141
2,607
43,1173
2,270
45,752
66,765
45,1114
18,1188
2,767
2,894
65,594
4,1198
2,842
43,296
44,832
3,970
8,823
48,641
2,1142
43,785
48,773
48,725
46,1129
41,421
13,1117
3,1175
48,1234
3,1200
48,1230
2,1040
48,1212
70,1174
1,521
43,926
52,669
68,868
43,251
48,1171
48,1158
5,1120
48,466
41,927
2,675
2,552
20,940
68,792
2,1093
2,1044
2,455
2,571
43,981
51,953
27,510
16,1197
3,1030
48,1025
48,1026
2,1087
45,935
2,345
2,1215
23,529
48,1056
48,898
48,777
2,365
48,1201
19,1242
2,1235
2,951
68,756
48,797
41,610
41,1143
48,341
44,748
52,651
2,816
48,980
46,808
56,719
48,423
3,908
48,1125
48,1154
48,896
48,966
56,303
24,880
48,628
3,318
52,1181
4,1095
3,1138
48,872
48,1013
48,1192
48,1237
68,499
43,914
48,1243
43,794
48,1051
48,1103
2,1052
68,531
52,828
48,1163
49,1152
37,604
11,1228
9,385
7,1122
48,509
48,1194
72,1189
48,1116
25,1131
33,663
3,668
48,775
32,681
48,1001
59,995
48,1210
48,830
43,1127
48,1170
6,905
48,1130
48,1211
36,1078
48,409
48,1084
34,977
38,271
57,638
68,873
48,393
48,1193
53,1119
13,1092
48,672
43,699
48,403
17,892
48,1164
48,1049
10,1012
28,1249
48,1006
48,938
48,761
48,969
48,847
48,350
49,354
31,430
48,406
48,899
29,637
43,1126
48,993
48,1183
48,974
68,386
48,674
2,1144
48,1081
3,989
48,973
48,355
47,572
48,608
48,442
48,213
48,189
48,1220
48,286
3,272
60,513
11,309
43,850
48,508
48,852
48,737
48,944
48,1094
48,434
52,844
48,401
48,357
48,684
48,923
48,612
48,1079
48,702
68,616
48,720
48,500
48,860
48,321
47,791
48,904
48,811
48,717
48,232
48,734
48,1024
48,707
48,424
48,1075
48,729
48,269
48,747
48,602
48,790
3,419
48,538
48,240
48,360
48,362
45,489
48,273
56,329
48,1072
48,460
48,382
48,465
48,812
48,353
48,344
48,786
48,802
48,593
48,855
48,829
48,566
53,963
48,473
48,264
48,1156
48,965
48,554
48,1108
56,1136
49,939
48,408
48,343
48,585
48,447
48,262
48,916
48,936
43,858
48,550
48,439
48,461
11,247
48,644
3,945
48,718
48,486
48,338
48,551
48,664
48,478
48,528
48,577
48,656
48,870
21,1104
12,960
48,284
58,849
48,443
48,1004
49,781
48,250
52,879
48,691
48,763
48,706
48,1039
48,925
48,517
48,714
48,787
48,771
48,1050
48,220
48,890
47,692
48,503
48,1002
49,768
48,622
48,613
48,1123
48,475
48,324
48,745
48,1106
48,437
48,749
48,950
48,1187
48,754
2,713
48,1038
48,545
45,626
48,911
48,328
39,295
48,780
48,640
48,1034
48,203
48,201
34,444
48,441
48,560
48,840
48,857
48,959
48,582
56,736
48,906
48,900
16,511
48,798
48,770
48,1209
48,793
48,313
48,690
48,245
48,339
15,361
26,1003
48,796
48,620
48,415
48,716
48,351
48,288
48,396
48,305
48,789
48,479
48,603
48,530
48,834
48,310
48,555
48,693
48,268
47,910
48,526
48,817
48,1009
48,678
51,864
48,590
68,595
48,564
48,753
48,494
48,553
48,377
48,534
48,533
48,156
48,519
2,962
48,459
48,405
48,598
47,882
48,346
48,1019
48,398
48,512
48,1216
48,676
48,1186
48,639
49,501
48,922
48,1214
48,467
48,1035
48,1199
48,665
48,609
43,575
48,1029
48,983
48,601
4,381
48,199
48,645
48,492
48,930
49,687
48,998
48,347
48,282
48,741
48,1059
48,348
48,801
48,333
48,371
48,686
48,751
48,482
48,778
56,304
48,758
48,624
48,1060
48,184
48,174
48,204
53,562
48,1076
48,1172
48,760
48,319
2,234
48,853
48,942
48,1071
48,231
48,541
48,683
48,374
48,248
48,450
54,671
48,1010
2,573
48,182
48,148
48,1070
48,420
48,611
48,642
48,866
48,1018
47,722
48,402
48,144
48,81
54,158
48,180
48,312
48,334
48,135
48,958
48,515
48,428
48,155
48,113
48,146
48,118
48,139
48,173
48,196
48,138
48,218
48,862
48,1053
48,818
48,655
48,703
48,788
48,440
48,631
48,918
48,588
48,657
48,967
48,694
48,557
74,648
48,1047
48,934
48,306
48,367
48,876
48,505
48,289
48,316
48,984
48,618
48,1005
48,1100
48,454
48,1099
48,723
48,539
48,779
48,715
48,652
56,221
48,277
48,1020
48,799
48,731
48,1226
48,412
48,543
48,281
48,477
48,764
48,1000
48,659
48,294
48,456
48,504
48,822
48,358
48,733
48,851
48,827
48,1115
48,433
48,567
48,302
48,1107
48,366
48,359
48,1037
48,861
48,757
48,1165
48,885
48,774
48,909
48,952
48,330
47,845
48,488
48,1101
48,480
48,730
48,1063
48,709
48,394
48,831
48,742
48,743
48,810
48,915
48,1086
48,1150
48,666
48,524
48,833
48,795
48,819
48,649
48,917
48,507
48,411
48,311
48,416
53,314
48,495
48,474
48,746
48,425
48,1091
48,1096
55,721
48,1098
13,807
10,581
48,1008
48,634
34,711
48,308
48,336
48,895
4,836
48,1088
48,673
48,565
48,1146
48,1067
48,1137
48,946
48,1105
48,1204
48,370
48,451
48,929
48,536
48,893
48,331
48,498
48,547
48,696
48,436
48,682
48,954
48,1054
54,978
48,888
48,704
48,265
48,469
48,679
48,735
48,379
48,726
48,540
14,712
48,375
48,387
48,225
48,293
48,238
48,1048
48,592
48,578
48,903
48,1202
48,661
58,1166
48,383
48,1021
48,496
48,576
48,1155
48,869
48,803
48,327
48,907
48,589
48,1023
48,1162
48,897
48,636
48,491
48,453
48,548
48,468
48,838
48,485
48,732
43,878
48,1124
48,487
48,471
48,1118
48,1042
48,766
48,591
48,580
48,629
48,584
48,991
48,650
48,762
48,826
48,1069
48,912
48,369
48,997
48,606
48,373
48,242
48,332
48,452
48,404
48,902
48,556
48,212
48,859
48,532
48,633
48,990
48,689
48,323
48,214
48,563
48,839
67,256
48,1036
48,1073
48,449
10,1082
2,1031
49,614
48,708
48,527
48,384
48,941
48,400
54,349
48,685
48,846
49,325
48,887
48,627
48,597
48,948
48,646
48,260
48,368
48,291
48,472
48,975
4,740
48,986
35,388
48,630
48,587
48,418
10,884
48,933
48,579
48,806
48,992
48,464
48,92
48,215
48,417
48,202
48,654
48,257
48,399
50,643
48,1217
48,985
48,1017
48,463
48,600
48,1134
48,207
48,972
48,596
48,292
48,635
48,280
48,660
48,337
48,863
48,1043
48,647
48,583
48,1007
48,542
48,700
48,1064
2,490
48,800
48,710
48,1014
48,677
48,569
48,919
48,999
48,470
48,522
48,724
48,617
48,1058
48,784
48,301
48,181
48,924
48,431
48,931
48,883
48,782
48,920
48,680
48,886
48,599
48,653
48,1190
48,422
48,805
48,621
48,1028
48,192
48,881
48,380
48,352
48,891
48,1041
48,525
48,769
48,243
48,875
48,957
48,484
48,658
54,1068
48,326
48,820
48,435
48,1032
48,317
48,276
43,427
48,943
48,290
48,570
48,476
48,320
48,497
48,662
48,410
48,523
48,815
48,824
48,364
48,506
48,274
48,413
48,226
48,395
48,854
48,481
48,169
48,224
48,397
48,209
48,307
48,152
48,71
48,76
30,1290
48,86
48,194
48,688
48,356
8,258
48,544
48,124
48,1062
48,122
48,176
48,429
48,340
48,1207
48,197
48,140
48,537
48,1045
48,1147
48,1089
48,1066
48,342
48,445
48,1080
48,198
48,205
48,363
48,625
48,1208
48,559
48,728
48,574
48,821
48,921
48,1113
48,695
48,254
48,103
2,85
48,219
48,90
48,101
48,168
48,95
48,772
48,78
48,46
48,120
48,137
48,300
48,94
48,372
48,928
48,93
48,151
3,261
48,77
48,55
48,514
58,279
4,131
48,154
48,244
48,217
48,104
48,30
48,10
48,74
48,110
48,88
48,68
4,132
48,57
48,87
48,36
48,116
48,193
48,43
48,1273
48,62
48,1276
48,22
48,1284
48,1277
48,24
48,1279
48,19
48,41
48,7
56,34
48,1298
48,1289
48,48
48,18
48,115
48,21
48,141
48,1283
48,6
48,1278
48,2
64,14
48,159
48,191
48,53
48,84
45,1272
48,190
48,20
48,1297
56,1282
48,1291
48,42
48,1145
48,26
48,13
48,1015
48,392
14,750
48,241
48,298
48,73
48,432
48,1260
56,1255
48,1254
48,1258
14,1259
48,1264
48,1257
48,1261
48,1256
48,1263
56,1262
48,701
48,252
48,438
48,837
48,249
48,227
48,253
48,206
48,179
48,235
48,170
48,458
48,267
48,239
48,275
48,956
48,278
48,236
48,89
48,51
48,61
48,44
48,216
54,283
48,483
48,255
48,47
48,50
48,39
48,153
48,3
3,38
48,69
48,12
48,315
48,11
48,1270
48,54
48,163
48,188
48,223
48,112
48,809
48,67
48,29
48,149
48,58
48,1275
48,106
48,56
48,233
48,97
48,1285
48,1271
48,1286
42,79
48,4
56,59
48,100
48,1299
48,1057
48,1161
48,1268
48,91
48,63
48,1245
48,128
48,123
48,605
48,83
3,389
64,147
48,814
48,178
48,25
48,177
48,70
48,160
48,493
48,164
48,426
48,167
48,33
48,31
48,1274
48,1281
48,166
48,35
48,1266
48,1294
48,60
48,105
48,15
48,107
48,102
48,80
48,1265
48,72
48,8
48,17
48,5
48,23
48,186
48,65
48,1292
48,45
10,1
48,16
48,1295
48,52
48,37
48,1280
48,1296
48,1293
48,1288
48,1267
48,165
46,9
54,1269
48,285
48,195
48,1287
48,187
48,108
48,136
48,49
48,121
48,64
48,161
48,222
48,175
48,1233
48,877
48,994
48,549
48,126
48,183
48,561
48,130
48,119
48,96
16,109
48,28
2,66
48,117
48,27
48,82
48,127
48,75
48,40
48,150
48,208
48,98
48,145
48,143
63,1160
48,211
48,297
16,99
48,1011
16,172
16,32
48,1300
48,378
61,1121
61,287
61,237
61,133
61,200
61,335
61,114
61,518
62,1027
61,705
61,1016
2,210
2,835
2,129
64,157
2,246
68,230
73,1074
41,738
44,1083
2,457
71,259
44,697
44,142
41,1231
44,1250
2,171
2,448
41,1248
41,1251
44,698
73,813
73,1196
2,266
2,841
44,228
52,299
41,111
2,376
2,134
2,961
2,229
2,390
41,125
44,263
73,185
3,162
