24,374
33,735
33,664
14,665
16,710
14,704
9,660
33,326
7,699
24,672
7,650
11,602
13,356
40,540
18,667
14,599
24,617
18,638
20,716
30,695
25,655
25,693
9,555
25,627
25,697
7,696
19,621
12,588
24,604
25,589
7,132
2,570
14,259
17,289
20,401
7,571
9,56
20,622
31,568
25,493
24,728
22,647
15,709
19,734
7,670
7,629
24,714
18,715
34,700
20,686
25,720
15,712
27,579
29,536
24,631
7,541
33,293
7,637
14,733
7,731
9,633
31,657
33,603
14,616
7,576
40,479
22,572
20,598
40,452
11,587
27,724
21,623
25,727
7,708
25,711
40,674
31,651
40,600
30,713
20,565
33,702
14,701
33,634
33,684
19,654
24,669
31,630
20,680
20,543
24,510
20,492
25,594
25,561
27,721
19,546
7,641
30,258
27,535
40,460
12,688
25,642
16,692
7,433
25,517
4,521
25,440
24,485
33,482
7,624
22,325
8,564
24,529
21,620
16,530
25,575
24,26
30,671
20,658
7,321
7,656
24,628
35,524
25,538
6,478
25,126
7,380
9,198
9,218
7,367
30,430
30,416
7,409
34,539
31,498
23,652
24,368
24,515
12,648
20,501
12,406
4,109
15,509
19,673
18,668
7,593
9,698
3,690
9,542
15,608
26,488
38,646
22,581
7,606
33,679
40,722
22,247
9,96
28,360
29,534
7,338
12,580
24,643
36,619
24,551
22,459
8,601
21,613
24,442
18,516
6,456
36,46
22,591
16,188
31,508
25,649
28,103
24,424
7,322
33,553
32,566
3,635
4,585
9,502
7,717
24,597
18,489
11,659
7,514
11,560
31,499
3,567
14,497
20,388
20,494
20,145
9,398
5,473
7,435
24,413
9,486
25,454
33,531
9,662
34,389
10,339
24,528
17,470
22,120
20,309
31,429
24,436
40,420
34,396
31,350
3,507
24,372
18,294
7,184
9,242
40,385
25,300
1,487
20,618
9,523
7,316
9,370
9,466
26,450
25,65
7,395
22,519
40,513
24,36
4,58
34,45
24,563
9,160
7,677
9,644
22,544
9,490
7,547
33,341
24,353
7,462
33,60
7,74
25,245
25,153
31,586
9,506
25,449
22,314
30,477
27,238
20,329
24,511
7,392
7,549
31,432
14,362
25,504
24,292
33,505
3,394
1,277
33,354
7,554
38,230
4,471
4,422
24,483
40,268
9,343
28,11
15,330
7,9
22,423
9,129
1,481
20,178
37,290
24,225
35,439
38,119
24,31
10,166
20,111
7,170
7,324
24,550
7,315
7,124
7,375
3,303
34,61
9,146
20,384
33,319
7,200
39,219
40,279
9,311
20,467
41,469
25,444
20,453
24,127
7,334
22,455
9,274
34,227
4,239
7,474
6,237
7,37
24,297
10,148
9,226
24,157
7,224
7,128
24,520
6,661
7,345
7,7
24,23
20,203
7,251
7,241
24,196
24,183
25,234
9,426
22,313
24,271
24,141
7,270
7,182
25,105
7,191
10,265
7,295
24,215
9,181
22,147
31,197
5,348
40,573
7,552
33,605
33,415
7,537
7,443
31,512
7,386
20,557
40,412
10,390
7,522
24,187
7,363
11,189
22,558
22,12
20,70
7,451
7,427
25,441
7,491
22,468
7,205
25,342
7,556
9,318
22,287
24,359
25,28
20,138
7,403
22,140
24,100
24,161
9,13
7,6
11,4
15,33
7,16
7,192
11,59
38,64
7,261
33,82
7,52
7,276
7,149
26,142
7,43
40,387
24,102
7,114
33,173
12,5
25,266
25,222
7,280
19,32
25,465
7,582
40,437
33,425
11,336
7,233
33,211
11,361
7,286
40,495
24,636
29,382
7,400
25,607
7,480
7,484
7,323
24,337
4,185
11,331
38,272
7,344
7,383
22,162
7,17
7,136
40,244
7,418
7,615
24,463
40,283
7,545
7,496
10,86
7,291
11,236
9,41
22,320
22,90
34,168
24,257
7,377
7,1
11,112
7,29
9,263
7,116
9,177
7,47
24,475
25,121
7,327
7,216
33,55
7,448
24,308
25,332
24,137
7,206
9,10
10,592
9,457
7,199
7,317
25,107
7,164
9,369
24,249
25,404
7,106
7,248
7,306
24,378
7,373
7,737
7,685
24,405
7,125
7,458
7,421
7,626
7,22
7,262
10,408
7,93
7,340
7,123
24,476
24,518
7,333
7,75
7,92
25,175
7,683
7,229
33,25
7,104
7,40
7,24
7,718
7,51
7,101
7,464
7,569
11,666
7,610
7,574
7,639
7,675
7,625
25,632
7,221
9,73
7,730
11,726
7,676
7,115
40,682
40,691
40,472
7,736
7,596
7,583
7,577
38,500
40,611
7,612
7,252
7,201
11,30
7,21
7,19
7,89
7,91
7,209
7,366
7,88
24,281
7,223
7,195
40,307
7,118
6,68
7,35
11,328
7,38
7,379
7,50
10,194
11,256
11,80
40,288
7,139
7,298
40,193
7,304
7,357
7,85
7,44
7,143
7,27
25,95
7,407
7,278
7,445
11,584
25,364
7,365
7,253
25,67
40,446
7,152
7,208
7,110
24,335
25,431
22,376
7,310
7,42
7,346
7,172
7,165
40,381
7,156
24,240
7,231
7,371
40,135
25,72
7,113
7,167
7,217
7,18
7,15
7,186
7,169
7,144
11,48
7,34
24,207
7,2
40,84
25,267
25,246
25,393
7,243
39,299
24,414
7,8
7,83
7,3
7,351
7,63
7,179
7,352
7,57
7,81
25,108
25,202
7,503
7,411
7,402
7,154
7,264
25,461
7,204
7,133
7,312
24,447
7,49
7,296
25,213
40,235
7,122
7,284
7,355
7,174
38,190
7,347
7,39
7,260
7,214
7,62
7,210
7,134
40,87
7,77
7,250
7,79
7,130
7,20
7,117
7,97
9,254
7,131
40,180
7,159
7,419
25,54
7,94
7,98
7,53
7,255
7,71
7,158
7,176
7,275
25,397
25,228
7,150
40,723
7,548
7,76
40,527
25,706
25,438
7,562
25,732
7,66
40,78
7,725
40,578
7,703
25,410
7,434
7,707
40,694
7,349
7,705
7,533
7,719
7,417
7,689
7,220
7,399
40,729
7,559
40,155
40,678
40,302
7,687
7,358
7,609
7,526
7,273
7,681
7,653
7,525
7,212
7,640
25,595
40,69
7,590
7,99
7,14
40,663
7,232
40,305
25,614
7,301
7,151
40,391
25,285
7,532
40,428
7,645
7,269
7,163
25,171
25,282
