63,753
62,746
65,76
34,762
44,775
64,512
53,668
75,486
44,706
61,696
87,758
85,699
11,780
42,260
11,711
50,691
20,499
42,796
72,45
75,130
11,206
33,89
29,669
101,632
85,735
54,703
79,724
81,790
34,756
83,782
19,754
37,169
4,777
11,716
77,759
93,761
32,123
5,755
44,774
33,663
59,661
64,788
74,583
48,511
81,739
28,694
19,577
36,690
99,606
10,752
35,767
57,747
105,685
33,383
85,766
26,63
43,713
6,468
44,127
73,679
65,741
19,750
81,672
25,619
81,727
105,742
31,693
24,722
75,717
103,714
66,528
22,504
87,608
28,660
30,510
81,605
81,698
21,728
58,634
64,635
85,526
1,574
64,502
11,417
74,372
95,537
99,473
64,432
81,544
24,282
56,589
56,337
24,557
73,224
73,710
20,721
33,626
76,385
78,529
87,405
72,395
68,426
89,617
44,595
81,671
13,552
70,515
85,666
10,667
105,551
10,615
73,603
53,683
49,522
11,569
29,680
105,505
24,627
34,516
24,723
68,686
88,466
81,719
8,725
87,689
65,637
81,564
67,568
53,286
81,306
43,464
43,453
99,436
84,313
43,28
61,329
57,77
60,218
87,268
87,494
87,440
87,514
90,449
66,769
55,378
56,65
55,783
87,598
11,700
53,625
87,720
86,654
70,662
65,452
77,597
28,256
59,438
69,105
18,240
106,673
28,590
90,612
63,638
72,533
8,622
105,565
72,563
90,664
81,506
7,670
56,692
57,675
86,348
83,541
72,381
88,459
23,584
67,618
42,548
11,546
100,650
4,384
73,408
59,358
55,312
24,779
11,27
98,642
72,718
57,441
74,740
84,592
91,300
90,518
76,227
84,211
75,628
84,213
2,99
17,443
75,639
5,677
4,35
105,155
90,392
81,195
90,98
90,174
17,30
41,462
78,237
87,393
78,422
75,226
72,542
26,298
11,376
81,294
86,305
44,580
96,198
47,331
47,336
81,134
75,192
83,315
78,196
96,682
70,540
85,591
45,148
63,391
44,271
92,547
97,567
11,653
83,704
73,418
71,280
81,630
92,415
54,463
6,687
48,594
87,357
75,360
100,434
89,550
24,629
23,536
11,490
57,368
46,140
61,520
31,125
81,302
56,458
105,11
64,100
81,517
34,141
11,343
44,480
47,308
53,325
65,461
23,245
81,623
99,531
21,364
87,497
67,521
19,534
74,684
42,460
5,601
51,620
18,543
85,715
87,139
89,420
81,212
40,142
44,610
41,651
81,586
8,151
64,425
34,423
11,508
102,73
75,401
69,347
83,539
75,498
64,399
73,561
83,538
92,640
78,621
90,487
87,475
57,649
57,562
83,575
81,571
89,611
87,316
60,648
23,633
105,712
80,442
81,613
56,407
84,350
88,409
75,554
24,410
15,489
7,122
12,176
7,448
85,607
64,501
87,695
27,614
105,532
86,446
81,560
92,301
84,194
85,205
37,207
28,162
90,582
84,335
81,168
10,143
64,208
6,369
92,103
73,588
87,573
89,397
105,281
100,555
87,248
81,307
40,344
88,108
10,25
9,332
24,279
9,362
10,230
73,55
87,12
80,363
86,530
87,323
23,81
85,373
85,513
87,545
70,328
63,527
52,173
87,375
89,152
92,394
22,219
81,359
85,604
50,479
86,341
83,587
70,299
81,330
17,241
70,234
81,370
58,471
81,600
80,503
81,412
3,636
8,467
8,658
8,674
8,193
87,470
76,36
83,8
86,201
81,20
70,246
89,214
47,69
87,435
8,292
87,437
33,295
5,225
23,197
81,317
8,238
88,356
80,112
88,94
88,297
71,60
91,95
105,183
55,342
87,43
8,85
81,191
87,274
35,215
87,189
107,164
83,175
87,101
105,19
87,167
81,411
11,239
8,760
105,652
23,86
6,396
81,365
10,380
87,107
75,229
81,153
75,377
81,158
67,456
81,293
78,483
88,137
78,172
6,252
11,52
88,190
97,304
88,303
81,257
8,314
45,146
81,171
81,92
11,91
39,382
69,79
6,414
87,185
82,145
87,147
87,265
83,113
87,150
81,7
8,129
81,242
91,26
81,138
105,309
91,477
92,157
105,184
81,41
3,10
88,136
5,254
60,2
18,126
86,154
87,61
39,266
8,3
69,144
105,71
8,128
81,272
88,439
14,178
88,121
87,102
8,643
8,339
11,324
81,83
64,80
7,88
87,296
87,288
81,259
105,6
88,42
81,495
91,232
81,163
81,1
81,366
5,4
87,261
16,29
81,119
81,519
81,289
86,419
81,51
81,48
81,402
87,22
78,54
34,40
87,97
87,333
81,32
24,578
11,602
8,131
81,135
86,57
81,132
81,18
85,14
87,179
88,275
81,349
87,283
11,455
87,481
81,285
88,210
87,59
87,104
81,9
83,263
87,39
81,284
86,220
80,5
87,233
80,264
8,223
87,222
81,398
81,576
8,451
88,231
89,253
50,374
81,16
8,556
6,277
88,367
88,244
88,44
81,114
81,353
81,318
11,90
87,120
81,186
81,523
8,249
88,118
105,68
89,93
81,64
88,404
45,267
81,250
37,310
8,361
84,430
8,177
90,72
81,371
80,78
11,270
87,273
92,31
89,47
81,62
81,17
87,96
78,161
105,74
87,334
81,46
8,156
81,116
81,23
8,75
92,56
87,216
38,326
81,255
86,67
81,37
81,478
88,278
81,159
6,209
87,379
88,200
81,509
88,319
88,235
81,447
105,221
81,228
80,188
81,702
87,49
88,269
81,133
87,87
8,428
81,688
81,581
81,596
78,389
87,655
87,553
105,599
81,549
88,641
81,570
81,124
91,646
81,579
81,388
77,676
88,624
8,678
79,705
64,287
105,482
104,387
8,525
105,491
88,492
88,485
80,558
87,400
94,406
87,416
81,390
8,465
11,665
11,450
91,165
11,322
81,496
81,320
81,170
81,354
81,352
8,431
81,58
81,243
81,340
81,559
81,444
81,609
81,457
81,403
91,507
81,276
8,476
77,38
8,202
81,351
81,355
105,433
87,111
81,109
87,338
81,50
81,182
87,203
8,33
81,386
81,474
81,795
81,701
81,781
81,262
88,792
81,794
11,793
81,770
81,290
81,115
11,524
98,34
81,13
87,21
8,15
81,708
105,797
11,737
11,736
81,180
81,786
88,773
81,745
81,771
87,734
81,709
81,731
79,772
81,251
81,743
81,236
81,748
81,749
81,798
81,787
105,445
81,187
81,217
105,732
105,493
11,566
11,657
105,656
11,454
81,427
11,585
11,535
105,659
81,697
78,149
81,84
81,789
11,321
12,744
11,488
81,106
81,199
11,82
11,751
81,429
105,616
81,785
81,593
81,778
81,469
81,765
105,484
81,738
81,204
94,311
81,733
81,726
105,327
105,729
105,345
81,258
81,730
105,707
81,631
11,768
11,500
11,644
11,791
81,110
81,681
105,166
81,764
105,424
79,757
81,413
11,647
81,784
81,472
105,763
105,776
11,572
11,66
81,53
11,117
81,645
105,70
11,247
11,346
11,181
11,24
81,291
11,421
11,160
