75,374
96,735
95,664
38,665
43,710
38,704
25,660
95,326
20,699
72,672
17,650
30,602
37,356
118,540
48,667
38,599
74,617
48,638
58,716
86,695
78,655
77,693
25,555
77,627
77,697
16,696
51,621
35,588
75,604
78,589
15,132
3,570
38,259
47,289
60,401
18,571
22,56
59,622
89,568
77,493
75,728
65,647
40,709
50,734
18,670
16,629
76,714
49,715
99,700
54,686
77,720
41,712
81,579
85,536
73,631
16,541
93,293
18,637
38,733
18,731
23,633
90,657
95,603
38,616
18,576
115,479
66,572
60,598
114,452
30,587
81,724
61,623
78,727
18,708
77,711
115,674
88,651
115,600
86,713
55,565
93,702
39,701
95,634
96,684
50,654
75,669
88,630
58,680
58,543
75,510
58,492
77,594
77,561
81,721
51,546
16,641
87,258
81,535
118,460
36,688
77,642
45,692
16,433
77,517
8,521
77,440
68,485
94,482
16,624
66,325
21,564
75,529
61,620
45,530
78,575
75,26
86,671
60,658
14,321
16,656
73,628
104,524
77,538
13,478
77,126
16,380
23,198
24,218
20,367
86,430
87,416
16,409
101,539
91,498
67,652
74,368
73,515
35,648
53,501
35,406
9,109
40,509
50,673
49,668
16,593
23,698
5,690
24,542
41,608
80,488
108,646
66,581
18,606
98,679
115,722
64,247
24,96
82,360
84,534
18,338
36,580
74,643
106,619
71,551
64,459
21,601
62,613
75,442
48,516
13,456
105,46
64,591
44,188
89,508
77,649
82,103
75,424
19,322
95,553
92,566
4,635
8,585
25,502
16,717
74,597
48,489
31,659
16,514
32,560
89,499
6,567
38,497
53,388
54,494
57,145
25,398
12,473
16,435
70,413
23,486
78,454
98,531
25,662
101,389
26,339
72,528
46,470
66,120
58,309
91,429
74,436
117,420
99,396
89,350
4,507
73,372
48,294
16,184
23,242
115,385
77,300
1,487
57,618
24,523
14,316
24,370
23,466
79,450
77,65
18,395
63,519
119,513
74,36
10,58
100,45
75,563
23,160
18,677
23,644
63,544
25,490
16,547
96,341
74,353
18,462
96,60
16,74
77,245
77,153
88,586
25,506
78,449
66,314
87,477
81,238
55,329
75,511
16,392
16,549
89,432
38,362
77,504
75,292
97,505
6,394
1,277
96,354
17,554
110,230
9,471
9,422
74,483
117,268
23,343
82,11
41,330
18,9
66,423
23,129
2,481
57,178
107,290
75,225
103,439
108,119
74,31
28,166
53,111
16,170
14,324
75,550
18,315
16,124
16,375
7,303
99,61
22,146
53,384
96,319
16,200
112,219
115,279
23,311
56,467
120,469
77,444
57,453
73,127
16,334
65,455
23,274
101,227
10,239
18,474
13,237
18,37
69,297
28,148
23,226
75,157
16,224
16,128
74,520
13,661
16,345
16,7
73,23
59,203
18,251
17,241
74,196
73,183
77,234
23,426
66,313
74,271
74,141
16,270
16,182
77,105
18,191
26,265
17,295
74,215
24,181
64,147
89,197
11,348
115,573
16,552
95,605
95,415
18,537
18,443
89,512
16,386
56,557
115,412
29,390
16,522
74,187
18,363
32,189
66,558
66,12
58,70
16,451
16,427
77,441
18,491
63,468
16,205
77,342
16,556
23,318
65,287
75,359
77,28
54,138
16,403
64,140
74,100
74,161
23,13
16,6
31,4
42,33
16,16
16,192
31,59
108,64
18,261
96,82
18,52
18,276
16,149
79,142
16,43
115,387
74,102
16,114
98,173
35,5
77,266
77,222
16,280
52,32
77,465
16,582
115,437
98,425
31,336
16,233
96,211
31,361
16,286
115,495
75,636
83,382
16,400
77,607
18,480
20,484
16,323
74,337
10,185
34,331
109,272
16,344
16,383
66,162
18,17
16,136
115,244
16,418
16,615
74,463
115,283
14,545
16,496
27,86
16,291
31,236
23,41
66,320
66,90
102,168
73,257
18,377
18,1
33,112
16,29
23,263
16,116
23,177
16,47
70,475
77,121
16,327
16,216
97,55
18,448
75,308
77,332
74,137
18,206
23,10
27,592
23,457
16,199
18,317
78,107
16,164
23,369
73,249
77,404
18,106
16,248
16,306
74,378
19,373
16,737
18,685
74,405
16,125
16,458
18,421
16,626
16,22
18,262
27,408
16,93
16,340
16,123
74,476
75,518
16,333
16,75
16,92
78,175
16,683
16,229
98,25
18,104
18,40
18,24
16,718
16,51
16,101
16,464
18,569
31,666
18,610
16,574
16,639
16,675
16,625
77,632
18,221
24,73
16,730
31,726
18,676
16,115
117,682
116,691
115,472
16,736
16,596
16,583
16,577
108,500
115,611
16,612
16,252
16,201
31,30
16,21
16,19
16,89
16,91
16,209
16,366
18,88
75,281
16,223
18,195
115,307
18,118
13,68
16,35
31,328
16,38
18,379
16,50
28,194
31,256
32,80
115,288
16,139
16,298
115,193
18,304
16,357
16,85
16,44
16,143
16,27
77,95
16,407
16,278
16,445
31,584
77,364
16,365
16,253
78,67
115,446
16,152
16,208
16,110
74,335
78,431
66,376
16,310
18,42
16,346
16,172
16,165
118,381
16,156
70,240
16,231
16,371
114,135
78,72
16,113
16,167
16,217
16,18
16,15
16,186
16,169
16,144
31,48
16,34
74,207
16,2
116,84
77,267
78,246
78,393
16,243
113,299
75,414
16,8
16,83
18,3
16,351
16,63
16,179
16,352
16,57
16,81
77,108
77,202
16,503
16,411
16,402
16,154
16,264
77,461
16,204
16,133
16,312
74,447
16,49
16,296
77,213
117,235
16,122
16,284
16,355
18,174
111,190
16,347
16,39
16,260
16,214
16,62
16,210
16,134
117,87
16,77
16,250
16,79
16,130
16,20
16,117
16,97
24,254
16,131
119,180
16,159
16,419
77,54
16,94
16,98
16,53
16,255
16,71
16,158
16,176
16,275
77,397
78,228
18,150
115,723
16,548
16,76
117,527
78,706
77,438
16,562
77,732
16,66
115,78
16,725
115,578
16,703
78,410
16,434
16,707
115,694
16,349
16,705
16,533
16,719
16,417
16,689
16,220
16,399
115,729
16,559
115,155
115,678
115,302
16,687
16,358
16,609
16,526
16,273
16,681
16,653
16,525
16,212
16,640
77,595
115,69
16,590
16,99
16,14
115,663
16,232
115,305
78,614
16,301
16,151
115,391
78,285
16,532
115,428
16,645
16,269
16,163
78,171
77,282
