93,753
92,746
98,76
57,762
70,775
95,512
79,668
113,486
68,706
91,696
138,758
131,699
22,780
66,260
22,711
76,691
35,499
66,796
108,45
113,130
22,206
56,89
50,669
161,632
131,735
81,703
119,724
125,790
57,756
128,782
34,754
60,169
5,777
22,716
115,759
151,761
54,123
6,755
68,774
55,663
88,661
95,788
111,583
74,511
122,739
48,694
33,577
59,690
158,606
20,752
58,767
85,747
166,685
56,383
131,766
46,63
67,713
8,468
68,127
109,679
98,741
33,750
122,672
44,619
124,727
166,742
52,693
41,722
113,717
163,714
99,528
38,504
136,608
48,660
51,510
122,605
125,698
36,728
86,634
96,635
133,526
1,574
96,502
21,417
111,372
154,537
159,473
96,432
122,544
42,282
83,589
83,337
41,557
109,224
109,710
35,721
55,626
114,385
117,529
138,405
107,395
101,426
144,617
68,595
124,671
25,552
105,515
131,666
19,667
165,551
18,615
109,603
79,683
75,522
22,569
50,680
166,505
41,627
57,516
42,723
102,686
141,466
122,719
13,725
139,689
98,637
122,564
100,568
80,286
122,306
67,464
67,453
158,436
130,313
67,28
91,329
85,77
89,218
138,268
139,494
138,440
138,514
146,449
99,769
82,378
84,65
82,783
139,598
21,700
79,625
136,720
134,654
104,662
98,452
116,597
49,256
88,438
103,105
32,240
167,673
48,590
145,612
94,638
107,533
15,622
165,565
108,563
146,664
122,506
10,670
83,692
85,675
134,348
128,541
107,381
141,459
40,584
100,618
66,548
22,546
160,650
4,384
109,408
88,358
82,312
43,779
23,27
157,642
107,718
85,441
111,740
130,592
147,300
145,518
114,227
130,211
112,628
130,213
2,99
30,443
113,639
6,677
4,35
165,155
145,392
122,195
145,98
146,174
29,30
65,462
118,237
138,393
117,422
113,226
107,542
45,298
23,376
125,294
134,305
69,580
155,198
73,331
73,336
123,134
112,192
129,315
118,196
155,682
104,540
131,591
71,148
94,391
70,271
150,547
156,567
22,653
128,704
109,418
106,280
124,630
150,415
81,463
8,687
74,594
138,357
113,360
160,434
144,550
43,629
39,536
22,490
85,368
72,140
91,520
53,125
124,302
84,458
165,11
95,100
122,517
57,141
22,343
68,480
73,308
79,325
98,461
39,245
125,623
158,531
36,364
139,497
100,521
34,534
111,684
66,460
7,601
77,620
31,543
131,715
139,139
144,420
123,212
64,142
68,610
65,651
125,586
13,151
97,425
57,423
22,508
162,73
113,401
103,347
127,539
112,498
96,399
109,561
127,538
150,640
118,621
145,487
139,475
85,649
85,562
127,575
125,571
143,611
138,316
89,648
39,633
165,712
120,442
125,613
84,407
130,350
140,409
112,554
42,410
27,489
10,122
24,176
11,448
133,607
96,501
138,695
47,614
165,532
134,446
125,560
150,301
130,194
131,205
60,207
48,162
145,582
130,335
123,168
19,143
96,208
8,369
150,103
110,588
138,573
143,397
165,281
160,555
136,248
124,307
64,344
141,108
17,25
16,332
42,279
16,362
17,230
109,55
139,12
120,363
134,530
139,323
39,81
131,373
131,513
138,545
105,328
93,527
78,173
139,375
144,152
149,394
37,219
122,359
133,604
76,479
134,341
127,587
104,299
124,330
29,241
105,234
124,370
87,471
122,600
120,503
123,412
3,636
13,467
13,658
13,674
15,193
139,470
114,36
128,8
134,201
123,20
105,246
144,214
73,69
137,435
12,292
136,437
56,295
7,225
39,197
123,317
14,238
141,356
120,112
141,94
141,297
106,60
147,95
165,183
82,342
139,43
14,85
122,191
139,274
58,215
138,189
168,164
128,175
136,101
165,19
136,167
123,411
23,239
13,760
165,652
39,86
8,396
123,365
17,380
139,107
113,229
125,153
112,377
124,158
100,456
125,293
118,483
140,137
117,172
9,252
23,52
142,190
156,304
141,303
125,257
15,314
71,146
124,171
125,92
23,91
63,382
103,79
9,414
138,185
126,145
138,147
138,265
128,113
139,150
125,7
15,129
125,242
147,26
122,138
165,309
148,477
149,157
166,184
123,41
3,10
140,136
7,254
90,2
31,126
135,154
138,61
63,266
13,3
103,144
165,71
13,128
122,272
140,439
26,178
141,121
139,102
13,643
13,339
23,324
125,83
95,80
11,88
138,296
137,288
122,259
165,6
142,42
122,495
147,232
122,163
125,1
124,366
7,4
136,261
28,29
122,119
122,519
122,289
134,419
125,51
125,48
125,402
138,22
118,54
57,40
139,97
138,333
125,32
43,578
22,602
13,131
122,135
134,57
122,132
123,18
132,14
138,179
142,275
124,349
138,283
23,455
139,481
122,285
140,210
136,59
139,104
124,9
129,263
138,39
123,284
134,220
121,5
139,233
121,264
13,223
139,222
125,398
125,576
13,451
141,231
144,253
76,374
123,16
12,556
8,277
142,367
140,244
140,44
124,114
125,353
124,318
23,90
139,120
125,186
125,523
13,249
140,118
166,68
144,93
122,64
140,404
71,267
122,250
61,310
13,361
130,430
13,177
145,72
122,371
121,78
23,270
136,273
150,31
144,47
123,62
124,17
139,96
118,161
165,74
139,334
125,46
13,156
124,116
124,23
13,75
149,56
138,216
62,326
125,255
135,67
122,37
122,478
142,278
122,159
9,209
136,379
140,200
124,509
140,319
142,235
125,447
165,221
125,228
121,188
122,702
138,49
140,269
124,133
138,87
13,428
124,688
123,581
125,596
118,389
139,655
139,553
165,599
122,549
140,641
122,570
122,124
147,646
125,579
124,388
115,676
140,624
13,678
119,705
96,287
165,482
164,387
13,525
166,491
140,492
140,485
121,558
136,400
152,406
139,416
124,390
13,465
23,665
23,450
147,165
21,322
122,496
122,320
124,170
122,354
124,352
15,431
125,58
125,243
122,340
122,559
124,444
125,609
122,457
124,403
147,507
124,276
13,476
115,38
13,202
122,351
125,355
165,433
139,111
125,109
138,338
122,50
125,182
139,203
13,33
125,386
122,474
122,795
124,701
122,781
122,262
142,792
122,794
21,793
122,770
122,290
124,115
22,524
157,34
122,13
139,21
13,15
122,708
165,797
22,737
22,736
123,180
122,786
140,773
122,745
122,771
138,734
122,709
122,731
119,772
125,251
124,743
123,236
122,748
125,749
122,798
125,787
165,445
122,187
122,217
165,732
165,493
22,566
23,657
165,656
22,454
122,427
22,585
22,535
165,659
122,697
118,149
122,84
122,789
22,321
24,744
22,488
122,106
122,199
23,82
23,751
122,429
165,616
122,785
122,593
122,778
122,469
122,765
165,484
122,738
122,204
153,311
122,733
122,726
166,327
165,729
165,345
122,258
122,730
165,707
124,631
22,768
22,500
22,644
22,791
122,110
122,681
166,166
122,764
165,424
119,757
122,413
22,647
122,784
124,472
166,763
165,776
22,572
23,66
122,53
21,117
122,645
165,70
22,247
22,346
22,181
22,24
122,291
22,421
23,160
