4,1206
66,1208
68,1210
66,1064
68,1219
8,1236
68,703
70,1232
66,1207
56,1157
25,1199
4,1082
57,1112
65,1212
57,1095
27,889
70,1144
25,1227
56,876
56,1118
70,1005
57,954
57,1089
68,1042
65,561
70,1087
69,591
56,1223
13,1139
57,928
6,1222
4,908
57,784
21,1077
57,891
57,1056
57,912
10,1228
57,1215
57,655
16,946
56,970
57,996
40,532
57,581
5,485
69,722
2,751
27,829
56,1192
70,1194
58,514
57,831
36,1197
58,633
52,967
68,500
57,1030
28,952
1,386
57,1221
27,880
52,1032
52,1166
52,1001
57,697
24,1133
32,659
52,993
66,1163
52,1196
65,1053
57,520
57,978
57,1204
60,1147
15,798
52,981
66,1101
31,850
36,1060
31,1153
27,1079
52,1195
52,1022
52,1010
31,1205
52,1116
52,636
1,701
52,1052
52,927
52,602
52,522
52,1094
7,853
52,351
52,745
52,811
30,1067
28,583
58,772
52,1086
52,863
52,716
14,564
16,385
52,816
52,725
52,580
44,1231
52,1176
16,882
68,411
57,660
22,920
52,913
27,374
13,288
69,631
52,683
71,393
31,518
57,621
57,400
58,577
52,1046
52,667
52,1114
52,554
52,456
68,723
28,720
30,953
18,959
35,1122
52,937
52,1058
52,543
52,982
52,578
15,791
52,511
68,1049
21,740
31,1098
12,692
22,727
40,593
68,427
52,415
36,493
67,430
16,1115
25,841
52,1031
52,919
16,861
28,1217
1,1224
52,1161
1,773
52,823
52,565
52,626
21,1120
38,991
53,979
52,1076
52,1182
52,526
52,1008
52,894
52,830
60,969
52,947
57,999
52,1105
52,704
52,512
44,428
30,612
52,486
52,744
52,1132
52,466
36,842
52,980
52,1063
52,817
27,1029
52,775
52,568
39,681
44,730
19,781
45,851
52,1068
57,762
52,608
83,729
52,690
52,1141
52,944
20,767
52,611
28,930
52,1016
52,549
52,1121
52,609
52,790
52,865
52,825
59,1143
44,1047
40,845
52,984
52,1119
52,888
36,590
52,843
52,708
52,641
52,685
9,574
37,1211
52,1225
52,642
52,1198
49,1202
52,1226
68,698
52,972
25,1051
52,1156
26,1184
52,837
28,684
52,1177
52,713
52,1229
52,1164
25,1126
60,801
52,924
52,917
52,1216
52,1235
52,1218
43,1158
52,872
52,1209
52,1185
52,1136
52,916
52,1017
52,1234
52,1138
68,1036
52,1104
52,1220
23,709
52,1175
52,800
52,1088
52,921
28,584
24,465
52,1146
24,1169
52,918
52,962
52,1142
52,788
52,1055
52,1129
45,765
52,1128
52,802
29,629
52,777
28,1075
58,1018
52,669
52,896
52,824
52,938
52,529
52,388
44,792
52,854
44,535
68,1069
33,878
52,1180
52,810
39,1170
57,1171
52,285
52,915
52,1151
52,1092
39,652
22,1154
52,1168
52,334
52,1173
1,645
52,412
52,657
52,846
52,503
16,995
52,318
53,866
52,1109
52,983
1,910
52,1125
52,809
52,1145
52,625
52,505
33,732
52,1004
52,771
52,968
52,1024
45,855
53,956
39,743
52,1083
52,1045
52,1131
46,640
27,933
52,524
52,1165
52,1000
52,760
44,1174
52,617
52,1187
16,955
52,884
52,904
52,1048
52,752
52,844
52,536
52,632
52,1044
52,1200
35,587
53,1034
52,828
24,1123
8,717
52,813
45,869
52,974
52,1003
55,840
52,1090
52,1135
52,1084
52,769
1,1040
68,964
52,502
47,1021
52,1106
52,754
52,1006
79,1113
15,966
52,832
52,594
52,682
47,691
52,618
57,1137
52,1189
52,1002
52,712
52,1213
52,793
41,961
52,895
47,1230
55,1214
52,677
52,348
52,1178
53,936
30,934
52,932
52,1188
52,395
52,734
22,1152
52,1111
58,997
20,1043
49,758
3,906
52,676
52,903
63,646
52,1148
52,925
52,668
52,1071
52,949
52,1140
52,540
52,875
37,322
33,735
52,747
52,544
52,390
69,1097
46,1183
52,569
52,941
52,702
80,893
52,582
8,647
52,1059
52,1134
52,768
52,960
43,858
52,929
24,990
52,672
61,1130
52,1020
52,864
52,551
52,282
52,601
52,886
58,513
52,449
52,1110
52,623
45,988
52,779
47,736
30,572
49,1124
52,320
55,586
52,275
52,384
52,812
44,592
33,635
52,380
51,1167
52,1062
52,746
45,883
15,1033
31,506
55,958
52,852
52,976
52,494
52,562
52,497
52,898
52,527
41,870
78,731
52,530
30,787
52,987
68,794
52,897
52,573
52,1093
52,733
52,689
52,403
52,501
31,822
52,1054
52,902
52,821
45,627
52,662
52,780
52,671
39,710
52,445
52,839
52,539
52,566
52,1023
52,948
52,1149
52,877
53,686
40,890
52,867
52,911
52,885
52,776
52,973
31,1014
52,1091
52,1072
52,567
49,1028
52,1027
53,1080
52,498
1,695
52,600
49,940
52,488
52,496
46,558
52,556
52,408
52,432
52,439
53,437
47,674
52,795
52,1057
54,1150
52,579
52,576
52,738
52,441
52,422
52,198
52,93
52,95
52,286
52,489
52,257
52,157
52,236
52,311
52,477
46,806
52,696
49,610
52,994
31,724
52,458
53,860
52,596
52,1099
52,785
47,820
52,1009
52,504
52,1107
52,835
52,826
52,805
52,679
52,656
52,763
52,541
52,721
44,1061
52,418
52,650
52,753
52,649
52,766
52,874
52,750
52,922
52,957
52,783
52,926
52,807
52,1085
52,899
52,847
52,943
52,1100
52,986
52,670
62,764
52,654
48,510
52,665
45,818
52,387
52,862
52,588
52,658
52,827
52,310
53,375
53,680
52,394
52,223
52,1038
52,571
52,705
52,473
49,247
52,749
52,620
52,129
52,86
53,232
52,280
52,315
53,484
52,675
52,538
52,545
52,459
52,302
52,172
52,255
30,343
52,434
52,333
52,1015
52,585
52,971
52,546
45,859
52,624
53,507
52,266
52,209
52,349
1,219
53,517
52,443
52,435
52,292
43,104
52,354
52,552
1,542
52,164
52,214
52,188
52,151
52,297
52,347
52,737
52,550
52,416
53,848
52,360
1,371
57,598
52,352
33,267
52,338
52,128
52,433
52,487
52,834
52,296
47,871
52,977
52,799
52,856
52,1041
52,1073
52,475
52,139
52,833
52,401
52,1070
52,350
52,604
52,321
74,471
52,85
52,98
52,312
52,189
52,234
50,242
51,560
52,190
52,367
52,357
52,225
82,206
52,238
52,328
52,180
52,341
52,589
52,362
52,303
52,379
52,460
52,84
52,246
75,261
52,326
52,786
53,638
52,1103
52,256
52,942
27,814
52,399
52,548
52,218
52,173
52,193
52,141
52,143
49,279
52,277
45,78
52,63
52,313
52,363
52,105
52,472
52,220
52,688
52,605
52,323
52,421
53,1162
52,442
49,905
52,426
52,91
52,797
52,452
52,366
52,340
46,892
52,719
52,327
52,1190
52,998
52,228
52,224
52,210
53,254
51,339
52,474
53,715
52,270
53,121
52,213
52,186
52,289
52,202
52,290
52,252
52,378
52,112
47,308
52,156
52,273
52,836
9,1096
52,204
52,230
52,265
46,65
52,881
52,229
52,448
49,163
52,222
52,97
52,171
52,89
52,755
52,69
30,335
52,88
52,678
52,287
52,241
52,179
52,127
52,140
52,276
52,212
52,203
52,492
52,200
52,476
48,92
47,353
52,547
52,165
52,262
41,317
52,570
52,192
52,184
52,531
52,615
52,653
17,346
52,796
52,329
52,324
46,849
52,240
52,300
52,248
52,417
52,306
52,344
52,634
52,185
52,616
52,307
52,707
52,178
52,301
52,628
52,243
52,939
52,907
52,450
52,409
52,414
52,272
52,161
52,446
52,482
52,1159
52,706
52,253
52,264
52,490
52,951
52,603
52,423
52,398
52,413
52,1127
52,613
52,365
76,444
52,463
52,170
52,259
52,274
52,137
52,94
52,174
52,169
52,71
52,64
44,258
52,516
52,382
52,183
52,208
84,480
52,108
52,138
52,838
52,368
52,700
33,176
52,103
52,249
52,109
52,250
52,117
52,742
52,931
46,131
52,373
52,110
52,130
52,56
52,211
52,99
52,464
52,694
52,757
52,1155
52,1026
52,756
41,1025
45,622
52,1035
52,714
52,639
52,356
52,759
52,316
52,396
30,607
52,1181
52,739
52,559
52,533
47,1108
52,508
52,521
52,644
52,761
52,1065
52,619
52,331
52,661
16,606
52,168
52,455
52,614
52,741
52,555
52,406
52,782
52,525
52,519
52,726
52,963
81,231
52,693
52,673
52,804
52,1037
52,914
52,453
52,534
52,381
52,563
46,391
52,372
52,770
52,597
52,803
45,887
52,965
52,748
52,945
52,553
52,336
52,425
52,778
52,528
52,819
52,537
52,1201
52,1012
49,1013
52,950
46,451
52,599
52,278
52,495
52,637
52,728
52,361
52,467
52,901
52,330
44,197
52,975
52,1039
52,1203
52,461
52,868
52,1233
52,342
52,293
52,575
16,1019
52,291
52,181
52,195
57,111
52,216
52,251
33,648
52,436
52,457
52,364
52,470
52,392
52,808
52,478
52,900
52,389
52,1007
52,1172
52,1193
52,36
52,66
41,13
52,74
52,37
52,124
72,35
45,58
45,22
52,177
52,75
52,30
52,45
52,39
44,43
52,53
52,115
52,664
52,125
52,199
53,40
53,73
52,15
52,989
52,61
52,23
52,33
52,383
52,299
52,19
53,20
52,28
47,10
52,50
44,42
52,52
52,55
52,102
52,404
52,284
52,447
52,126
52,215
52,76
52,245
11,175
52,440
52,595
52,410
52,509
52,217
52,44
52,149
52,1066
52,304
52,499
52,332
52,298
52,194
52,227
53,419
40,1186
52,1078
52,167
52,54
52,152
52,187
52,221
52,81
34,1081
52,233
52,114
52,260
37,57
52,483
52,150
64,294
52,370
52,24
52,132
52,3
52,144
52,5
52,7
52,1237
52,9
52,4
52,70
52,2
52,79
52,153
52,14
52,72
52,25
52,8
52,21
52,26
77,51
52,17
52,1238
52,47
52,27
52,424
53,120
52,122
52,134
52,789
52,909
52,397
52,182
52,481
52,630
24,454
52,100
52,101
52,283
52,133
52,207
52,59
52,239
52,268
52,159
52,281
52,62
52,337
52,49
52,718
52,83
52,118
52,191
52,16
52,491
52,146
52,87
52,469
52,123
52,82
52,515
52,80
52,557
52,68
52,295
52,1191
52,879
52,666
52,325
52,992
52,420
52,462
52,1074
53,355
52,136
52,358
52,269
52,67
24,271
52,1117
52,1160
52,438
52,244
52,11
52,18
52,235
52,155
52,237
52,305
52,402
41,116
52,148
52,263
52,34
52,145
52,166
52,205
73,405
52,41
53,985
52,107
52,154
52,923
52,314
37,345
52,113
52,158
52,815
52,142
33,77
52,468
42,377
52,135
52,119
52,29
52,106
52,147
52,1050
52,196
45,1102
52,857
44,479
52,376
52,1179
52,1011
52,687
52,711
52,429
52,699
52,935
52,201
52,873
52,319
52,60
52,162
52,651
52,90
52,369
52,663
52,309
52,643
52,523
52,160
52,48
52,407
52,774
52,226
52,38
52,6
52,359
52,431
44,12
52,32
52,1
52,46
68,31
70,96
