92,833
59,565
168,831
104,845
136,640
201,769
164,767
59,682
52,739
29,713
28,797
43,832
179,732
109,762
136,691
40,642
52,756
206,795
52,367
162,711
2,776
136,810
91,671
102,607
192,747
155,822
36,318
136,494
210,669
27,853
35,847
71,818
92,751
150,114
198,687
117,793
210,731
203,608
16,559
19,645
73,707
75,353
89,839
131,771
193,543
136,750
132,723
52,322
80,689
163,763
71,817
169,714
88,709
115,802
58,676
80,746
147,653
188,598
56,573
160,184
114,748
204,179
10,782
124,638
39,675
78,571
81,761
46,579
211,595
136,485
175,304
152,646
154,719
191,778
203,619
180,672
156,615
171,734
88,555
204,764
44,774
101,848
136,668
136,677
195,216
101,212
21,695
110,685
192,305
46,820
146,605
76,686
87,826
52,787
178,841
177,789
136,825
112,819
136,840
25,704
117,416
172,792
203,850
119,829
103,575
109,790
157,712
136,814
52,737
79,740
100,532
105,170
203,568
52,588
207,48
47,550
105,566
59,754
159,547
136,843
76,718
74,725
121,816
186,849
137,806
74,661
82,842
87,437
190,824
36,429
56,652
42,462
46,259
73,518
187,94
43,524
122,19
84,109
153,479
113,478
71,567
78,9
200,326
62,246
201,604
17,618
91,692
208,226
41,422
135,558
209,766
136,267
182,639
142,445
199,800
171,17
136,378
172,727
37,418
108,770
77,328
212,706
114,384
213,374
88,253
136,643
59,234
124,345
47,854
52,670
95,830
32,59
78,131
165,681
13,745
148,852
191,696
136,834
52,779
82,773
136,637
19,708
167,610
52,683
65,512
4,557
62,520
87,654
106,625
79,611
151,626
136,499
71,563
151,393
127,634
180,587
136,589
212,651
49,535
161,562
136,678
179,743
95,585
178,757
205,622
134,788
33,693
90,530
42,118
149,442
109,702
52,703
87,721
68,541
97,656
52,755
8,684
96,781
31,516
131,627
75,644
44,722
208,453
171,522
38,255
52,556
98,423
100,657
43,796
133,837
91,309
124,443
73,600
53,552
144,803
81,738
62,597
118,663
185,617
107,574
126,635
85,591
188,649
111,716
184,705
52,623
126,780
136,641
58,760
126,694
9,580
126,724
53,630
206,458
59,799
102,648
80,759
169,658
52,667
103,477
197,504
17,551
69,592
105,741
50,513
43,472
52,544
92,596
195,459
76,469
82,167
35,444
136,515
197,377
128,338
43,2
136,8
126,435
45,295
102,528
153,401
178,386
51,380
181,534
130,385
136,249
143,55
5,381
36,427
91,483
98,362
1,388
75,390
210,475
59,317
87,144
104,468
124,237
23,187
124,484
116,315
93,449
80,564
52,726
52,465
75,481
118,599
80,700
59,578
145,620
93,323
126,749
83,583
136,116
63,577
116,594
62,768
52,394
95,343
169,169
3,433
52,329
47,344
105,199
20,744
52,283
72,398
53,265
47,506
44,222
101,519
34,655
101,81
123,440
80,375
137,349
125,330
59,526
177,498
119,662
103,650
6,493
47,432
48,266
54,365
90,276
94,12
71,136
44,229
174,68
10,368
100,90
52,133
100,476
101,364
120,537
66,279
118,402
103,209
192,132
26,141
57,348
15,400
45,570
43,614
81,680
52,542
46,452
18,51
196,32
126,193
166,715
129,511
53,593
44,752
180,473
59,569
52,601
158,492
58,502
57,501
175,404
178,327
53,730
58,728
59,697
92,572
61,447
30,391
60,436
67,497
87,742
59,508
47,673
170,772
136,699
170,688
51,733
87,586
71,431
59,603
64,500
98,523
70,214
196,263
80,576
136,293
194,42
178,306
14,439
180,221
140,126
77,122
194,41
81,134
52,233
178,92
52,121
136,270
101,357
13,185
52,56
59,448
22,303
199,514
176,308
57,406
126,335
52,49
98,257
67,609
43,415
47,236
197,584
59,67
67,366
52,482
178,66
75,142
44,710
100,173
59,110
59,190
59,161
52,413
197,127
67,180
80,271
47,313
136,138
195,546
71,290
59,147
181,231
183,23
97,631
175,616
59,488
59,346
194,208
96,521
52,268
103,387
13,33
47,1
100,302
101,311
62,347
59,213
214,93
194,392
59,399
70,296
181,549
62,128
45,188
59,529
52,242
52,53
101,79
47,165
78,43
57,403
63,621
52,430
19,582
193,495
90,227
178,505
202,291
138,525
70,503
44,679
52,456
98,215
197,218
67,461
44,171
59,319
67,203
70,517
70,420
97,510
59,355
98,333
50,331
137,467
67,86
175,735
101,82
70,480
59,613
59,647
80,354
59,466
59,441
101,228
52,111
44,352
59,341
92,359
59,463
67,105
52,260
99,24
44,256
189,280
59,324
86,264
59,117
136,112
52,297
167,4
58,240
59,189
137,160
45,106
178,14
136,211
195,88
59,27
71,130
52,289
59,159
167,225
91,31
52,272
126,16
87,65
52,149
59,332
59,207
139,172
173,219
52,244
59,561
59,312
52,241
52,252
11,247
126,278
59,371
59,250
47,548
52,428
52,195
52,275
52,64
70,232
71,300
52,168
67,298
52,337
59,307
52,358
69,238
47,104
47,340
52,101
59,36
194,301
98,316
47,334
81,137
59,123
67,356
59,61
52,163
59,54
14,140
59,98
59,44
70,220
47,47
52,285
59,373
59,230
52,206
47,784
59,855
70,539
178,861
67,28
52,808
52,720
11,450
52,46
52,851
81,785
59,99
59,181
136,152
100,108
71,97
52,277
90,192
59,813
52,70
52,5
47,22
98,659
59,857
59,660
136,15
59,859
59,166
59,314
24,178
12,828
59,83
90,407
136,248
178,197
59,273
59,201
178,531
59,860
52,157
52,396
52,120
59,821
52,701
53,286
59,805
52,777
52,823
100,632
59,612
59,84
44,419
59,674
52,624
52,815
59,336
44,125
59,858
59,507
59,801
136,835
136,536
52,758
44,698
59,150
199,553
141,491
195,412
59,665
52,287
52,154
55,235
52,310
52,91
67,451
136,269
52,540
52,666
52,85
59,405
97,370
71,460
59,581
52,471
59,414
59,408
52,274
52,446
52,496
67,261
52,434
180,35
52,25
52,360
59,89
59,45
52,487
59,177
67,74
135,425
67,664
47,155
136,143
59,129
59,527
52,58
59,243
53,145
52,6
59,490
52,113
78,75
52,103
52,38
52,62
52,80
70,205
59,18
13,254
52,115
52,148
136,223
59,151
59,37
52,294
59,29
52,69
47,198
52,162
67,164
4,489
67,636
52,383
52,282
67,438
52,602
101,633
7,95
52,417
59,409
52,204
52,538
59,509
67,71
59,457
49,382
59,426
52,339
52,96
52,350
47,554
52,690
52,76
70,411
8,376
52,196
59,284
52,474
59,454
137,153
59,202
59,13
52,124
52,239
52,245
52,455
10,135
52,52
52,258
47,320
52,397
52,395
52,224
67,156
59,78
52,158
1,102
52,183
136,545
52,533
59,3
59,372
59,174
52,7
9,50
136,379
136,107
20,119
52,60
59,20
52,200
52,470
5,26
52,73
52,139
29,281
52,191
59,194
52,72
23,77
59,34
52,210
137,176
52,57
59,606
15,838
136,836
52,560
6,765
136,351
14,63
52,844
13,629
18,811
136,421
52,464
136,827
52,717
52,175
52,809
52,410
52,590
136,846
52,363
136,804
52,783
52,251
52,39
13,486
136,856
52,40
55,182
52,812
52,369
52,146
59,262
137,342
11,807
59,736
11,217
52,753
52,791
52,288
52,786
52,325
12,87
52,424
14,729
52,186
52,299
52,798
52,628
136,100
59,321
52,21
55,775
136,292
19,10
136,794
137,389
136,30
136,361
136,11
