42,135
27,167
3,130
13,219
12,278
68,276
42,223
97,192
34,162
26,325
100,201
95,287
78,343
47,265
34,299
18,319
6,235
19,382
28,341
20,141
12,123
19,182
13,381
6,304
17,395
39,418
12,378
28,448
24,222
6,298
13,349
42,449
95,396
31,87
73,406
79,76
95,455
18,405
12,364
13,397
20,311
47,458
19,463
49,473
95,467
39,13
49,36
19,215
95,153
12,344
95,432
68,438
21,371
68,322
6,279
34,216
95,194
38,307
49,294
97,121
97,208
16,470
73,421
37,474
34,54
95,6
39,52
49,303
12,138
53,224
95,380
95,433
39,63
37,110
95,331
90,379
53,315
37,35
97,353
12,246
53,321
95,360
49,317
53,392
49,146
95,372
90,269
19,180
97,460
47,387
21,206
53,189
12,273
34,383
49,231
49,357
97,242
29,476
53,258
30,237
95,184
95,106
97,103
49,115
30,114
97,156
53,295
49,89
95,462
73,339
95,61
11,176
95,79
97,97
97,197
19,165
20,318
35,227
38,290
35,270
63,388
12,301
87,400
95,284
30,232
47,267
95,347
16,257
53,183
87,332
11,209
11,255
20,291
38,217
87,327
49,384
49,158
68,456
38,239
47,316
87,359
54,305
6,8
54,342
47,60
69,401
95,336
47,323
54,187
47,233
47,252
38,157
79,101
47,124
47,296
97,171
95,72
97,49
12,179
101,127
48,109
87,57
9,113
54,37
97,166
95,147
87,86
95,45
38,111
47,82
95,186
95,102
11,33
54,168
47,71
97,51
30,320
39,66
95,75
71,172
38,408
87,12
97,454
97,361
53,466
95,338
95,414
18,160
56,459
13,354
12,461
87,434
54,11
63,425
34,377
47,398
97,435
16,285
11,328
47,90
87,196
47,281
47,253
30,211
47,203
57,272
49,329
63,247
97,429
47,345
47,245
29,236
49,370
49,373
79,148
63,261
97,251
30,250
87,404
37,170
47,243
84,326
87,140
66,205
13,260
20,221
97,126
49,154
53,155
34,14
58,293
97,375
95,202
29,42
87,297
47,367
97,175
38,362
97,145
12,210
30,150
60,151
47,200
29,161
47,83
72,96
47,207
38,213
29,137
47,214
47,330
95,104
47,108
38,59
97,313
11,85
97,47
97,95
54,136
47,228
47,68
54,44
13,300
30,366
87,363
39,457
97,465
11,444
71,346
97,259
36,283
47,144
55,142
30,174
43,314
87,193
35,149
87,164
63,262
42,356
47,185
30,81
54,92
97,107
47,229
35,129
87,70
11,84
11,352
97,77
97,99
29,351
47,306
63,58
97,139
95,248
47,119
84,152
87,238
49,181
97,374
38,254
68,302
88,134
97,310
52,169
63,451
29,427
23,73
38,67
80,26
13,46
49,178
54,391
73,266
97,440
69,424
97,422
87,348
95,416
72,7
74,478
95,32
29,280
87,1
47,376
97,275
47,439
47,389
49,446
73,407
97,472
15,218
11,204
11,241
96,264
29,274
93,105
97,100
22,177
87,282
97,125
87,368
75,442
47,34
46,369
97,420
41,355
91,244
22,98
52,234
53,249
72,337
101,324
29,308
54,402
61,212
11,292
97,413
72,65
94,56
47,195
51,230
83,9
11,415
50,94
47,394
30,15
32,277
47,286
74,118
70,120
47,436
38,417
47,64
43,78
102,74
85,220
73,426
66,477
89,271
87,410
59,365
97,334
7,335
27,412
57,288
97,112
44,132
16,464
39,256
69,431
1,358
34,173
86,268
92,131
80,447
47,468
14,199
97,289
96,471
29,445
23,163
47,430
82,27
90,21
44,80
95,423
25,93
11,191
13,50
11,69
33,240
93,122
34,39
42,159
35,5
86,31
8,40
32,23
64,263
40,4
12,225
40,411
103,312
37,469
38,190
20,399
47,333
10,437
11,62
75,128
67,198
98,390
47,25
35,30
15,24
76,17
43,55
40,143
2,450
30,385
4,419
45,41
9,20
44,428
11,133
85,117
91,226
6,453
38,91
5,53
20,43
95,48
82,22
97,18
51,88
81,116
101,16
57,38
99,188
97,309
77,403
11,29
45,340
94,350
77,441
11,393
13,3
64,452
9,443
44,19
77,28
65,386
25,2
62,409
36,475
42,10
