29,712
29,728
29,737
44,724
29,701
29,600
60,618
29,508
27,646
29,654
29,656
31,505
28,719
29,739
29,643
27,669
28,664
28,504
62,686
29,616
29,729
29,677
61,596
29,633
61,734
58,718
29,715
29,723
29,702
61,545
29,685
29,671
29,722
44,571
29,406
28,720
28,512
25,756
29,735
63,727
29,370
27,546
29,364
29,427
29,621
61,564
29,351
28,521
42,632
24,732
62,687
24,659
14,526
29,604
29,731
39,705
13,615
29,601
41,506
29,672
26,714
29,611
28,644
61,708
61,479
29,648
29,559
29,588
29,547
61,710
24,667
29,581
32,469
29,553
33,647
61,636
29,638
29,562
29,688
25,585
61,520
29,262
27,630
29,560
21,613
25,419
28,699
25,476
29,590
29,456
24,529
29,570
29,623
41,662
36,272
24,401
29,524
58,403
12,609
61,321
29,346
29,649
29,645
20,386
18,368
29,661
24,652
40,706
29,461
99,284
25,625
61,550
15,586
61,670
29,634
24,610
31,703
4,543
44,683
57,352
37,721
61,568
61,363
29,208
29,535
95,541
29,379
59,497
15,418
48,528
29,444
56,640
29,695
29,607
29,655
27,591
86,680
24,573
23,673
55,696
52,593
107,400
16,709
29,658
3,657
29,540
29,446
23,393
91,319
77,453
24,660
61,438
29,462
80,507
50,744
46,675
29,287
8,264
29,192
5,484
29,679
77,347
38,460
16,605
19,390
67,382
45,405
29,236
35,454
11,578
10,247
61,488
56,378
47,522
83,407
78,425
77,502
24,330
61,373
83,276
77,483
83,285
29,274
77,435
81,491
34,249
22,415
82,515
77,441
29,514
90,374
77,486
85,327
98,381
83,377
77,487
77,429
83,574
89,542
83,463
80,525
83,450
82,455
24,493
24,220
76,238
83,320
77,243
77,413
25,387
77,316
77,354
83,443
60,492
54,397
29,189
10,412
61,150
102,404
77,248
83,537
24,241
77,385
83,299
78,211
43,408
77,232
78,306
69,430
83,464
76,577
77,494
17,567
29,258
77,384
77,255
83,627
77,235
77,270
76,181
77,177
83,532
77,594
74,608
7,421
29,296
77,383
77,694
77,414
5,503
83,411
78,556
78,442
83,513
77,361
83,642
92,209
77,329
77,348
83,325
83,475
77,227
83,449
77,283
83,436
77,307
83,239
76,162
83,266
77,434
88,212
77,297
83,196
77,184
80,301
77,223
79,345
78,259
83,500
83,197
51,490
83,579
77,554
77,392
77,641
82,576
77,480
78,228
83,290
78,288
83,253
97,372
83,440
84,350
83,225
77,375
77,252
72,278
77,176
83,598
77,575
83,395
53,626
83,472
83,416
77,231
77,206
83,595
83,240
87,628
83,561
83,268
83,582
24,277
83,275
77,154
83,201
83,603
77,185
77,750
77,747
83,755
83,745
83,758
77,653
83,760
77,757
83,753
77,742
77,748
83,752
83,746
83,749
83,751
62,743
86,761
29,523
83,552
24,527
83,467
68,332
83,549
83,451
83,530
77,353
77,366
77,221
77,359
83,256
78,322
77,555
77,254
83,280
77,202
83,485
24,291
83,237
105,355
83,300
83,424
77,340
83,519
77,580
77,459
83,389
83,614
83,282
77,544
97,265
77,433
1,380
78,289
77,589
77,305
78,439
83,651
77,311
77,309
77,637
83,639
77,445
77,224
77,668
77,344
77,597
77,587
77,251
83,207
83,315
77,230
83,631
78,195
77,312
83,295
76,698
24,516
77,388
83,313
83,612
77,399
77,509
83,563
77,367
77,583
77,557
77,409
77,716
77,398
83,394
83,622
77,432
77,437
77,465
77,635
77,458
76,410
93,293
77,468
77,539
29,267
77,334
104,349
83,343
83,362
77,428
97,606
77,338
83,302
77,260
77,242
94,357
83,308
83,342
77,518
77,717
77,331
83,182
77,175
83,279
78,261
77,365
77,689
77,510
77,551
83,423
77,304
59,326
82,318
77,726
77,697
83,269
83,681
77,707
77,317
77,617
77,693
9,692
83,629
83,725
77,730
77,676
77,496
77,323
77,666
83,736
83,691
83,733
83,569
77,682
83,665
83,489
76,538
59,548
24,402
77,599
77,481
100,263
103,452
77,572
78,482
83,584
83,558
77,498
77,213
83,501
77,200
77,391
77,376
83,624
77,704
77,324
77,678
77,273
77,360
6,180
83,470
77,690
83,198
98,333
77,740
83,466
77,471
77,328
77,294
77,188
77,286
77,448
77,203
83,193
83,244
24,592
77,684
77,565
77,663
77,536
83,298
29,137
83,336
83,341
77,166
77,229
77,310
83,271
77,199
77,763
77,764
83,754
77,149
77,191
83,257
29,194
77,499
96,110
24,292
77,426
70,369
77,477
83,602
83,219
77,422
77,478
77,358
77,142
83,711
77,533
77,126
77,431
83,417
83,64
77,112
83,172
83,65
77,114
78,25
83,218
77,81
83,741
83,122
77,23
77,46
76,152
77,566
83,30
77,70
73,123
61,179
77,76
77,100
83,7
77,214
77,128
83,473
77,447
77,335
76,650
78,19
77,51
77,770
78,40
83,98
77,26
76,173
83,132
83,120
77,700
77,738
83,303
77,215
83,155
77,713
77,281
74,141
77,140
77,5
76,79
77,15
83,115
78,337
83,420
77,54
77,127
101,102
80,31
77,69
77,517
83,67
77,216
77,8
77,33
77,74
77,29
83,55
77,14
83,89
77,32
77,84
83,28
77,72
43,1
18,47
77,3
83,41
77,97
83,90
77,6
76,39
77,133
76,82
83,762
77,11
83,27
77,21
77,125
77,765
83,44
77,769
83,43
77,768
83,135
77,183
78,190
77,68
77,161
77,159
77,124
77,92
77,234
77,168
77,246
62,147
83,531
77,134
75,66
77,153
77,106
77,60
77,77
77,20
77,22
77,2
77,10
77,93
71,45
77,109
83,101
83,78
77,131
83,58
77,157
77,144
77,24
77,103
77,35
2,146
77,62
83,48
77,18
83,767
77,13
77,87
83,36
83,17
77,37
73,63
77,83
77,9
77,16
77,42
83,136
83,766
83,339
83,205
83,71
77,396
77,178
77,52
83,222
83,356
77,116
53,107
77,474
77,96
77,511
83,534
77,314
77,204
83,138
77,91
77,151
77,50
106,139
77,148
49,88
77,38
77,111
83,80
83,86
77,210
77,61
77,12
77,117
77,73
77,186
77,75
83,620
83,105
77,165
77,85
77,104
83,187
77,163
77,121
83,95
77,169
77,108
83,56
77,143
53,164
77,113
83,129
61,233
75,226
75,759
77,619
75,94
75,59
75,49
75,119
75,34
75,4
75,160
75,250
75,495
66,158
75,245
77,457
75,171
75,217
43,170
75,57
75,99
29,53
65,674
64,371
29,145
30,118
28,167
29,174
29,156
63,130
