7,89
8,112
9,33
2,49
10,80
1,113
11,41
1,120
2,65
11,81
13,168
1,67
8,76
2,29
10,189
1,104
12,122
3,75
10,23
10,87
12,121
10,96
10,82
1,28
10,140
10,92
10,117
10,272
10,50
12,102
10,148
12,107
10,68
10,162
10,85
12,56
12,98
3,97
1,60
10,146
10,161
10,22
10,235
11,84
10,20
10,95
10,201
12,42
10,79
10,101
12,70
11,69
12,105
12,58
10,78
10,200
10,55
10,115
10,40
10,88
10,209
10,57
10,114
12,34
10,156
10,77
10,47
10,27
10,91
10,93
10,190
2,63
8,45
10,240
10,138
10,66
10,171
10,26
10,46
10,61
10,31
10,90
12,35
10,15
10,59
8,25
10,232
10,271
10,62
10,19
10,71
10,268
10,244
8,247
10,175
10,264
10,133
10,109
1,43
12,127
10,248
10,249
12,254
10,198
10,221
10,218
10,181
12,158
10,233
10,74
12,5
10,106
10,110
10,126
10,267
1,257
10,3
8,94
8,170
10,119
10,183
10,216
12,178
12,202
12,179
10,172
10,2
2,212
12,224
12,118
12,180
11,13
10,73
12,86
5,261
12,30
12,225
10,160
12,154
10,103
5,228
2,37
12,217
12,124
3,153
10,111
12,182
10,83
12,108
2,166
12,32
12,197
12,184
12,164
5,125
10,53
12,36
10,208
11,152
12,236
10,177
10,203
11,219
12,130
5,129
12,187
12,196
10,48
11,173
8,193
10,100
8,17
12,137
5,252
10,147
12,139
12,195
8,151
8,64
8,207
10,188
12,222
8,215
12,234
12,205
3,143
12,211
12,21
10,51
10,54
3,157
2,131
12,255
11,256
12,223
12,134
12,144
10,231
12,199
10,176
10,220
8,270
12,149
11,185
12,210
2,136
12,260
12,167
10,259
12,123
12,262
8,194
3,52
11,214
12,241
8,132
12,204
10,237
12,44
12,169
10,229
12,159
12,10
8,163
12,7
1,239
11,243
12,269
11,266
4,227
12,186
10,145
10,238
12,213
10,191
12,245
11,18
3,38
11,258
10,250
11,230
4,242
11,251
10,246
3,141
4,135
10,165
10,174
10,253
4,265
4,155
12,273
5,1
10,150
12,142
12,192
9,72
3,4
12,9
12,128
8,263
12,206
2,14
10,24
5,226
11,12
10,99
10,116
11,39
12,16
10,8
10,6
6,11
