26,667
24,680
9,672
3,649
24,652
26,651
21,634
11,671
17,669
24,660
12,510
21,656
6,631
23,647
24,598
24,594
9,682
14,107
24,515
12,405
18,138
12,474
17,481
4,519
23,507
10,552
23,639
11,646
16,495
11,617
19,553
1,658
24,616
11,527
24,584
26,543
6,535
23,654
22,583
11,558
11,636
14,664
11,608
19,655
12,666
17,653
7,629
11,676
11,599
19,560
1,601
11,358
12,644
12,446
12,678
11,71
23,633
24,588
10,145
11,395
10,234
8,550
26,426
11,485
27,430
10,429
11,374
24,302
26,129
26,308
11,327
11,416
11,82
15,257
11,8
10,52
6,489
25,152
11,143
11,421
19,587
11,612
7,579
12,623
24,565
11,90
19,486
3,600
10,452
11,378
9,534
24,549
6,352
24,195
4,432
26,353
11,454
24,417
9,473
11,546
11,363
10,330
1,216
12,228
11,427
10,491
11,536
24,453
4,410
11,400
20,541
24,334
11,350
19,555
8,595
5,663
11,637
1,650
11,643
11,563
10,657
11,508
14,681
11,662
11,372
22,626
11,404
4,590
11,513
19,465
24,478
11,447
24,246
24,611
10,613
24,554
3,580
11,566
24,529
26,568
11,476
24,597
11,591
10,551
11,521
10,574
14,573
22,562
10,585
8,511
11,537
11,412
24,632
24,592
6,576
6,578
10,610
11,642
11,615
11,487
11,533
11,530
4,497
2,455
8,544
11,556
11,630
11,531
26,456
22,479
7,268
21,517
20,282
12,422
24,444
11,509
17,351
11,218
11,329
24,326
11,420
22,451
8,518
11,461
24,394
24,528
21,437
11,324
11,548
24,213
24,202
8,645
24,624
9,496
11,460
10,226
23,545
11,204
24,356
11,377
26,127
11,270
12,159
11,217
11,73
11,249
11,291
10,449
11,337
10,72
11,40
17,442
11,459
11,64
12,364
11,419
11,101
11,439
6,609
11,577
10,561
10,606
3,684
11,532
12,618
11,538
11,614
11,581
11,525
4,559
11,539
11,540
23,214
11,677
7,635
6,564
11,607
11,596
11,431
11,492
11,665
26,409
24,297
11,406
12,141
11,462
11,340
11,488
11,522
24,418
6,467
24,475
11,307
24,493
12,381
11,296
11,231
11,120
11,285
10,277
10,391
4,56
11,211
12,524
11,122
11,362
24,271
11,498
24,298
11,503
11,247
11,463
12,86
24,441
11,567
11,28
11,283
11,317
11,266
11,506
11,117
11,184
11,433
10,361
11,483
11,336
11,342
11,322
11,345
1,79
11,280
12,241
15,436
11,178
5,259
11,237
11,162
11,132
11,424
24,256
7,411
11,80
22,371
11,97
26,229
26,166
11,390
11,413
26,325
24,526
1,179
7,286
12,457
10,67
12,466
11,490
11,393
10,575
12,369
11,379
26,471
11,176
24,289
11,398
11,253
11,232
11,512
11,621
11,49
11,288
11,240
12,207
24,276
11,320
11,124
11,542
11,458
12,335
24,239
11,469
6,220
11,354
12,105
3,294
11,279
18,375
26,275
12,470
26,435
11,382
11,384
11,401
11,516
11,161
12,263
11,206
11,386
11,316
5,209
24,125
11,258
11,75
11,331
11,370
11,244
7,160
24,198
12,48
11,205
11,248
11,357
11,494
11,200
11,281
11,272
26,168
11,365
11,373
11,151
24,328
11,265
11,119
10,227
11,43
26,60
11,30
3,188
24,110
11,34
11,438
11,287
19,167
11,238
11,434
11,181
23,158
21,41
11,189
20,100
11,299
11,304
12,113
26,389
11,224
11,278
11,501
20,675
10,679
11,619
11,245
11,500
11,480
11,520
26,686
24,640
11,628
11,589
11,502
11,45
11,402
11,104
11,20
12,319
11,53
24,255
11,332
11,355
24,225
11,22
11,292
11,313
11,685
11,368
11,423
11,54
11,84
11,348
11,215
11,586
24,264
11,55
11,338
24,203
11,315
7,482
11,11
11,273
26,174
11,343
26,499
11,66
11,408
11,383
11,468
11,208
11,472
11,146
11,106
11,102
11,314
11,89
11,61
11,221
26,318
11,261
11,210
11,121
10,222
11,144
11,76
11,157
10,149
11,26
11,196
11,59
11,135
7,284
11,260
11,91
12,17
11,194
12,3
11,99
26,235
11,171
11,301
11,445
11,477
11,366
11,47
11,83
11,312
11,115
11,62
11,192
11,183
11,165
11,150
13,37
12,93
12,219
12,13
11,251
24,341
26,236
11,77
11,156
11,155
11,295
11,116
11,359
11,230
11,109
24,163
11,262
11,95
11,128
11,24
11,4
12,223
11,344
11,387
26,137
11,88
11,290
11,118
11,103
11,311
11,51
11,32
11,164
11,68
11,415
11,133
11,175
11,33
11,191
11,254
11,112
11,193
11,243
11,428
11,199
11,269
11,131
11,323
26,440
11,443
11,310
11,58
11,2
11,142
11,514
11,333
11,5
11,339
26,274
11,10
11,360
11,180
11,139
11,16
11,186
11,94
11,108
11,380
11,367
11,153
26,154
26,92
26,190
26,300
11,136
11,35
11,98
11,504
11,267
11,425
11,19
11,185
11,388
26,134
11,250
11,85
11,252
12,15
11,25
11,27
12,14
11,233
11,197
11,38
26,57
11,396
11,126
11,182
11,170
11,39
11,148
11,303
11,78
26,87
26,114
26,130
26,50
11,31
11,44
11,81
11,392
11,638
11,407
11,173
11,399
11,111
11,7
11,172
11,12
11,187
12,397
26,212
11,9
26,23
11,177
11,46
26,346
11,21
26,42
12,147
11,123
11,18
11,293
11,74
11,29
11,140
11,604
11,376
11,622
20,347
11,670
12,523
26,464
11,661
11,321
11,602
11,582
11,96
11,36
26,683
11,69
11,625
11,570
11,448
11,659
11,648
11,414
11,63
11,620
11,385
26,603
11,572
26,593
11,309
11,505
11,484
11,668
11,674
11,547
26,169
11,571
26,242
11,557
11,70
26,641
26,403
12,627
11,349
11,1
11,569
12,201
11,6
11,305
11,673
26,450
11,605
12,306
12,65
