26,374
35,735
35,664
15,665
17,710
15,704
10,660
35,326
8,699
26,672
8,650
12,602
14,356
42,540
19,667
15,599
26,617
19,638
22,716
32,695
27,655
27,693
10,555
27,627
27,697
8,696
20,621
13,588
26,604
27,589
8,132
2,570
15,259
18,289
22,401
8,571
10,56
22,622
33,568
27,493
26,728
24,647
16,709
20,734
8,670
8,629
26,714
19,715
36,700
21,686
27,720
16,712
29,579
31,536
26,631
8,541
35,293
8,637
15,733
8,731
10,633
33,657
35,603
15,616
8,576
42,479
24,572
22,598
42,452
12,587
29,724
23,623
27,727
8,708
27,711
42,674
33,651
42,600
32,713
21,565
35,702
15,701
35,634
35,684
20,654
26,669
33,630
22,680
22,543
26,510
22,492
27,594
27,561
29,721
20,546
8,641
32,258
29,535
42,460
13,688
27,642
17,692
8,433
27,517
5,521
27,440
26,485
35,482
8,624
24,325
9,564
26,529
23,620
17,530
27,575
26,26
32,671
22,658
8,321
8,656
26,628
37,524
27,538
7,478
27,126
8,380
10,198
10,218
8,367
32,430
32,416
8,409
36,539
33,498
25,652
26,368
26,515
13,648
21,501
13,406
5,109
16,509
20,673
19,668
8,593
10,698
3,690
10,542
16,608
28,488
40,646
24,581
8,606
35,679
42,722
24,247
10,96
30,360
31,534
8,338
13,580
26,643
38,619
26,551
24,459
9,601
23,613
26,442
19,516
7,456
38,46
24,591
17,188
33,508
27,649
30,103
26,424
8,322
35,553
34,566
3,635
5,585
10,502
8,717
26,597
19,489
12,659
8,514
12,560
33,499
4,567
15,497
21,388
21,494
22,145
10,398
6,473
8,435
26,413
10,486
27,454
35,531
10,662
36,389
11,339
26,528
18,470
24,120
22,309
33,429
26,436
42,420
36,396
33,350
3,507
26,372
19,294
8,184
10,242
42,385
27,300
1,487
22,618
10,523
8,316
10,370
10,466
28,450
27,65
8,395
24,519
42,513
26,36
5,58
36,45
26,563
10,160
8,677
10,644
24,544
10,490
8,547
35,341
26,353
8,462
35,60
8,74
27,245
27,153
33,586
10,506
27,449
24,314
32,477
29,238
21,329
26,511
8,392
8,549
33,432
15,362
27,504
26,292
35,505
4,394
1,277
35,354
8,554
40,230
5,471
5,422
26,483
42,268
10,343
30,11
16,330
8,9
24,423
10,129
1,481
22,178
39,290
26,225
37,439
40,119
26,31
11,166
21,111
8,170
8,324
26,550
8,315
8,124
8,375
4,303
36,61
10,146
21,384
35,319
8,200
41,219
42,279
10,311
21,467
43,469
27,444
22,453
26,127
8,334
24,455
10,274
36,227
5,239
8,474
7,237
8,37
26,297
11,148
10,226
26,157
8,224
8,128
26,520
7,661
8,345
8,7
26,23
22,203
8,251
8,241
26,196
26,183
27,234
10,426
24,313
26,271
26,141
8,270
8,182
27,105
8,191
11,265
8,295
26,215
10,181
24,147
33,197
6,348
42,573
8,552
35,605
35,415
8,537
8,443
33,512
8,386
21,557
42,412
11,390
8,522
26,187
8,363
12,189
24,558
24,12
22,70
8,451
8,427
27,441
8,491
24,468
8,205
27,342
8,556
10,318
24,287
26,359
27,28
21,138
8,403
24,140
26,100
26,161
10,13
8,6
12,4
16,33
8,16
8,192
12,59
40,64
8,261
35,82
8,52
8,276
8,149
28,142
8,43
42,387
26,102
8,114
35,173
13,5
27,266
27,222
8,280
20,32
27,465
8,582
42,437
35,425
12,336
8,233
35,211
12,361
8,286
42,495
26,636
31,382
8,400
27,607
8,480
8,484
8,323
26,337
5,185
12,331
40,272
8,344
8,383
24,162
8,17
8,136
42,244
8,418
8,615
26,463
42,283
8,545
8,496
11,86
8,291
12,236
10,41
24,320
24,90
36,168
26,257
8,377
8,1
12,112
8,29
10,263
8,116
10,177
8,47
26,475
27,121
8,327
8,216
35,55
8,448
26,308
27,332
26,137
8,206
10,10
11,592
10,457
8,199
8,317
27,107
8,164
10,369
26,249
27,404
8,106
8,248
8,306
26,378
8,373
8,737
8,685
26,405
8,125
8,458
8,421
8,626
8,22
8,262
11,408
8,93
8,340
8,123
26,476
26,518
8,333
8,75
8,92
27,175
8,683
8,229
35,25
8,104
8,40
8,24
8,718
8,51
8,101
8,464
8,569
12,666
8,610
8,574
8,639
8,675
8,625
27,632
8,221
10,73
8,730
12,726
8,676
8,115
42,682
42,691
42,472
8,736
8,596
8,583
8,577
40,500
42,611
8,612
8,252
8,201
12,30
8,21
8,19
8,89
8,91
8,209
8,366
8,88
26,281
8,223
8,195
42,307
8,118
7,68
8,35
12,328
8,38
8,379
8,50
11,194
12,256
12,80
42,288
8,139
8,298
42,193
8,304
8,357
8,85
8,44
8,143
8,27
27,95
8,407
8,278
8,445
12,584
27,364
8,365
8,253
27,67
42,446
8,152
8,208
8,110
26,335
27,431
24,376
8,310
8,42
8,346
8,172
8,165
42,381
8,156
26,240
8,231
8,371
42,135
27,72
8,113
8,167
8,217
8,18
8,15
8,186
8,169
8,144
12,48
8,34
26,207
8,2
42,84
27,267
27,246
27,393
8,243
41,299
26,414
8,8
8,83
8,3
8,351
8,63
8,179
8,352
8,57
8,81
27,108
27,202
8,503
8,411
8,402
8,154
8,264
27,461
8,204
8,133
8,312
26,447
8,49
8,296
27,213
42,235
8,122
8,284
8,355
8,174
40,190
8,347
8,39
8,260
8,214
8,62
8,210
8,134
42,87
8,77
8,250
8,79
8,130
8,20
8,117
8,97
10,254
8,131
42,180
8,159
8,419
27,54
8,94
8,98
8,53
8,255
8,71
8,158
8,176
8,275
27,397
27,228
8,150
42,723
8,548
8,76
42,527
27,706
27,438
8,562
27,732
8,66
42,78
8,725
42,578
8,703
27,410
8,434
8,707
42,694
8,349
8,705
8,533
8,719
8,417
8,689
8,220
8,399
42,729
8,559
42,155
42,678
42,302
8,687
8,358
8,609
8,526
8,273
8,681
8,653
8,525
8,212
8,640
27,595
42,69
8,590
8,99
8,14
42,663
8,232
42,305
27,614
8,301
8,151
42,391
27,285
8,532
42,428
8,645
8,269
8,163
27,171
27,282
