39,833
30,565
88,831
45,845
67,640
104,769
84,767
30,682
30,739
22,713
21,797
29,832
92,732
49,762
67,691
26,642
30,756
106,795
30,367
83,711
2,776
67,810
39,671
44,607
99,747
78,822
25,318
67,494
108,669
20,853
25,847
33,818
39,751
77,114
102,687
55,793
108,731
105,608
11,559
12,645
34,707
34,353
38,839
62,771
100,543
67,750
63,723
30,322
35,689
84,763
33,817
89,714
38,709
54,802
30,676
35,746
75,653
96,598
30,573
81,184
54,748
105,179
9,782
58,638
26,675
35,571
35,761
29,579
108,595
67,485
91,304
78,646
78,719
98,778
105,619
93,672
79,615
89,734
38,555
105,764
29,774
43,848
67,668
67,677
101,216
43,212
14,695
50,685
99,305
29,820
74,605
34,686
38,826
30,787
91,841
91,789
67,825
52,819
67,840
18,704
55,416
90,792
105,850
55,829
44,575
49,790
80,712
67,814
30,737
35,740
43,532
45,170
105,568
30,588
106,48
29,550
45,566
30,754
80,547
67,843
34,718
34,725
56,816
94,849
67,806
34,661
36,842
38,437
97,824
25,429
30,652
28,462
29,259
34,518
95,94
29,524
57,19
37,109
78,479
53,478
33,567
35,9
103,326
30,246
104,604
12,618
39,692
106,226
27,422
66,558
107,766
67,267
93,639
71,445
103,800
89,17
67,378
90,727
25,418
48,770
35,328
109,706
54,384
110,374
38,253
67,643
30,234
58,345
29,854
30,670
41,830
23,59
35,131
85,681
9,745
76,852
98,696
67,834
30,779
36,773
67,637
12,708
87,610
30,683
32,512
4,557
30,520
38,654
46,625
35,611
78,626
67,499
33,563
78,393
60,634
93,587
67,589
109,651
29,535
82,562
67,678
92,743
41,585
91,757
105,622
65,788
24,693
39,530
28,118
77,442
49,702
30,703
38,721
33,541
41,656
30,755
7,684
41,781
23,516
62,627
34,644
29,722
106,453
89,522
25,255
30,556
42,423
43,657
29,796
64,837
39,309
58,443
34,600
30,552
72,803
35,738
30,597
55,663
94,617
47,574
60,635
38,591
96,649
51,716
94,705
30,623
60,780
67,641
30,760
60,694
8,580
60,724
30,630
106,458
30,799
44,648
35,759
89,658
30,667
44,477
102,504
12,551
33,592
45,741
29,513
29,472
30,544
39,596
101,459
34,469
36,167
25,444
67,515
102,377
60,338
29,2
67,8
60,435
29,295
44,528
78,401
91,386
29,380
93,534
61,385
67,249
71,55
5,381
25,427
39,483
42,362
1,388
34,390
108,475
30,317
38,144
45,468
58,237
16,187
58,484
55,315
39,449
35,564
30,726
30,465
34,481
55,599
35,700
30,578
73,620
39,323
60,749
36,583
67,116
30,577
55,594
30,768
30,394
41,343
89,169
3,433
30,329
29,344
45,199
13,744
30,283
33,398
30,265
29,506
29,222
43,519
24,655
43,81
57,440
35,375
67,349
59,330
30,526
91,498
55,662
44,650
6,493
29,432
29,266
30,365
39,276
40,12
33,136
29,229
91,68
9,368
43,90
30,133
43,476
43,364
56,537
32,279
55,402
44,209
99,132
19,141
30,348
10,400
29,570
29,614
35,680
30,542
29,452
12,51
101,32
60,193
86,715
61,511
30,593
29,752
93,473
30,569
30,601
80,492
30,502
30,501
91,404
91,327
30,730
30,728
30,697
39,572
30,447
22,391
30,436
33,497
38,742
30,508
29,673
89,772
67,699
89,688
29,733
38,586
33,431
30,603
31,500
42,523
33,214
101,263
35,576
67,293
101,42
91,306
9,439
93,221
69,126
35,122
101,41
35,134
30,233
91,92
30,121
67,270
43,357
9,185
30,56
30,448
15,303
103,514
91,308
30,406
60,335
30,49
42,257
33,609
29,415
29,236
102,584
30,67
33,366
30,482
91,66
34,142
29,710
43,173
30,110
30,190
30,161
30,413
102,127
33,180
35,271
29,313
67,138
101,546
33,290
30,147
93,231
94,23
41,631
91,616
30,488
30,346
101,208
41,521
30,268
44,387
9,33
29,1
43,302
43,311
30,347
30,213
111,93
101,392
30,399
33,296
93,549
30,128
29,188
30,529
30,242
30,53
43,79
29,165
35,43
30,403
30,621
30,430
12,582
100,495
39,227
91,505
104,291
68,525
33,503
29,679
30,456
42,215
102,218
33,461
29,171
30,319
33,203
33,517
33,420
41,510
30,355
42,333
29,331
67,467
33,86
91,735
43,82
33,480
30,613
30,647
35,354
30,466
30,441
43,228
30,111
29,352
30,341
39,359
30,463
33,105
30,260
42,24
29,256
97,280
30,324
38,264
30,117
67,112
30,297
87,4
30,240
30,189
67,160
29,106
91,14
67,211
101,88
30,27
33,130
30,289
30,159
87,225
39,31
30,272
60,16
38,65
30,149
30,332
30,207
68,172
91,219
30,244
30,561
30,312
30,241
30,252
9,247
60,278
30,371
30,250
29,548
30,428
30,195
30,275
30,64
33,232
33,300
30,168
33,298
30,337
30,307
30,358
33,238
29,104
29,340
30,101
30,36
101,301
42,316
29,334
35,137
30,123
33,356
30,61
30,163
30,54
9,140
30,98
30,44
33,220
29,47
30,285
30,373
30,230
30,206
29,784
30,855
33,539
91,861
33,28
30,808
30,720
9,450
30,46
30,851
35,785
30,99
30,181
67,152
43,108
33,97
30,277
39,192
30,813
30,70
30,5
29,22
42,659
30,857
30,660
67,15
30,859
30,166
30,314
17,178
9,828
30,83
39,407
67,248
91,197
30,273
30,201
91,531
30,860
30,157
30,396
30,120
30,821
30,701
30,286
30,805
30,777
30,823
43,632
30,612
30,84
29,419
30,674
30,624
30,815
30,336
29,125
30,858
30,507
30,801
67,835
67,536
30,758
29,698
30,150
103,553
70,491
101,412
30,665
30,287
30,154
30,235
30,310
30,91
33,451
67,269
30,540
30,666
30,85
30,405
41,370
33,460
30,581
30,471
30,414
30,408
30,274
30,446
30,496
33,261
30,434
93,35
30,25
30,360
30,89
30,45
30,487
30,177
33,74
66,425
33,664
29,155
67,143
30,129
30,527
30,58
30,243
30,145
30,6
30,490
30,113
35,75
30,103
30,38
30,62
30,80
33,205
30,18
9,254
30,115
30,148
67,223
30,151
30,37
30,294
30,29
30,69
29,198
30,162
33,164
4,489
33,636
30,383
30,282
33,438
30,602
43,633
6,95
30,417
30,409
30,204
30,538
30,509
33,71
30,457
29,382
30,426
30,339
30,96
30,350
29,554
30,690
30,76
33,411
7,376
30,196
30,284
30,474
30,454
67,153
30,202
30,13
30,124
30,239
30,245
30,455
9,135
30,52
30,258
29,320
30,397
30,395
30,224
33,156
30,78
30,158
1,102
30,183
67,545
30,533
30,3
30,372
30,174
30,7
8,50
67,379
67,107
13,119
30,60
30,20
30,200
30,470
5,26
30,73
30,139
22,281
30,191
30,194
30,72
16,77
30,34
30,210
67,176
30,57
30,606
10,838
67,836
30,560
6,765
67,351
9,63
30,844
9,629
12,811
67,421
30,464
67,827
30,717
30,175
30,809
30,410
30,590
67,846
30,363
67,804
30,783
30,251
30,39
9,486
67,856
30,40
30,182
30,812
30,369
30,146
30,262
67,342
9,807
30,736
9,217
30,753
30,791
30,288
30,786
30,325
9,87
30,424
9,729
30,186
30,299
30,798
30,628
67,100
30,321
30,21
30,775
67,292
12,10
67,794
67,389
67,30
67,361
67,11
