23,753
22,746
24,76
14,762
17,775
24,512
21,668
27,486
17,706
22,696
28,758
28,699
5,780
16,260
5,711
20,691
10,499
16,796
26,45
27,130
5,206
14,89
12,669
32,632
28,735
21,703
28,724
28,790
14,756
28,782
10,754
15,169
3,777
5,716
28,759
28,761
13,123
4,755
17,774
14,663
22,661
24,788
27,583
19,511
28,739
12,694
10,577
14,690
31,606
4,752
14,767
21,747
35,685
14,383
28,766
12,63
16,713
4,468
17,127
27,679
24,741
10,750
28,672
11,619
28,727
35,742
13,693
11,722
27,717
34,714
24,528
11,504
28,608
12,660
12,510
28,605
28,698
11,728
21,634
24,635
28,526
1,574
24,502
5,417
27,372
29,537
31,473
24,432
28,544
11,282
21,589
21,337
11,557
27,224
27,710
10,721
14,626
28,385
28,529
28,405
26,395
24,426
28,617
17,595
28,671
7,552
25,515
28,666
4,667
35,551
4,615
27,603
21,683
19,522
5,569
12,680
35,505
11,627
14,516
11,723
24,686
28,466
28,719
4,725
28,689
24,637
28,564
24,568
21,286
28,306
16,464
16,453
31,436
28,313
16,28
22,329
21,77
22,218
28,268
28,494
28,440
28,514
28,449
24,769
21,378
21,65
21,783
28,598
5,700
21,625
28,720
28,654
25,662
24,452
28,597
12,256
22,438
25,105
9,240
36,673
12,590
28,612
23,638
26,533
4,622
35,565
26,563
28,664
28,506
4,670
21,692
21,675
28,348
28,541
26,381
28,459
11,584
24,618
16,548
5,546
32,650
3,384
27,408
22,358
21,312
11,779
5,27
30,642
26,718
21,441
27,740
28,592
28,300
28,518
28,227
28,211
27,628
28,213
2,99
9,443
27,639
4,677
3,35
35,155
28,392
28,195
28,98
28,174
9,30
16,462
28,237
28,393
28,422
27,226
26,542
12,298
5,376
28,294
28,305
17,580
30,198
18,331
18,336
28,134
27,192
28,315
28,196
30,682
25,540
28,591
18,148
23,391
17,271
28,547
30,567
5,653
28,704
27,418
26,280
28,630
28,415
21,463
4,687
19,594
28,357
27,360
32,434
28,550
11,629
11,536
5,490
21,368
18,140
22,520
13,125
28,302
21,458
35,11
24,100
28,517
14,141
5,343
17,480
18,308
21,325
24,461
11,245
28,623
31,531
11,364
28,497
24,521
10,534
27,684
16,460
4,601
20,620
9,543
28,715
28,139
28,420
28,212
16,142
17,610
16,651
28,586
4,151
24,425
14,423
5,508
33,73
27,401
25,347
28,539
27,498
24,399
27,561
28,538
28,640
28,621
28,487
28,475
21,649
21,562
28,575
28,571
28,611
28,316
22,648
11,633
35,712
28,442
28,613
21,407
28,350
28,409
27,554
11,410
8,489
4,122
6,176
4,448
28,607
24,501
28,695
12,614
35,532
28,446
28,560
28,301
28,194
28,205
15,207
12,162
28,582
28,335
28,168
4,143
24,208
4,369
28,103
27,588
28,573
28,397
35,281
32,555
28,248
28,307
16,344
28,108
4,25
4,332
11,279
4,362
4,230
27,55
28,12
28,363
28,530
28,323
11,81
28,373
28,513
28,545
25,328
23,527
20,173
28,375
28,152
28,394
11,219
28,359
28,604
20,479
28,341
28,587
25,299
28,330
9,241
25,234
28,370
21,471
28,600
28,503
28,412
3,636
4,467
4,658
4,674
4,193
28,470
28,36
28,8
28,201
28,20
25,246
28,214
18,69
28,435
4,292
28,437
14,295
4,225
11,197
28,317
4,238
28,356
28,112
28,94
28,297
26,60
28,95
35,183
21,342
28,43
4,85
28,191
28,274
14,215
28,189
37,164
28,175
28,101
35,19
28,167
28,411
5,239
4,760
35,652
11,86
4,396
28,365
4,380
28,107
27,229
28,153
27,377
28,158
24,456
28,293
28,483
28,137
28,172
4,252
5,52
28,190
30,304
28,303
28,257
4,314
18,146
28,171
28,92
5,91
16,382
25,79
4,414
28,185
28,145
28,147
28,265
28,113
28,150
28,7
4,129
28,242
28,26
28,138
35,309
28,477
28,157
35,184
28,41
3,10
28,136
4,254
22,2
9,126
28,154
28,61
16,266
4,3
25,144
35,71
4,128
28,272
28,439
7,178
28,121
28,102
4,643
4,339
5,324
28,83
24,80
4,88
28,296
28,288
28,259
35,6
28,42
28,495
28,232
28,163
28,1
28,366
4,4
28,261
8,29
28,119
28,519
28,289
28,419
28,51
28,48
28,402
28,22
28,54
14,40
28,97
28,333
28,32
11,578
5,602
4,131
28,135
28,57
28,132
28,18
28,14
28,179
28,275
28,349
28,283
5,455
28,481
28,285
28,210
28,59
28,104
28,9
28,263
28,39
28,284
28,220
28,5
28,233
28,264
4,223
28,222
28,398
28,576
4,451
28,231
28,253
20,374
28,16
4,556
4,277
28,367
28,244
28,44
28,114
28,353
28,318
5,90
28,120
28,186
28,523
4,249
28,118
35,68
28,93
28,64
28,404
18,267
28,250
15,310
4,361
28,430
4,177
28,72
28,371
28,78
5,270
28,273
28,31
28,47
28,62
28,17
28,96
28,161
35,74
28,334
28,46
4,156
28,116
28,23
4,75
28,56
28,216
15,326
28,255
28,67
28,37
28,478
28,278
28,159
4,209
28,379
28,200
28,509
28,319
28,235
28,447
35,221
28,228
28,188
28,702
28,49
28,269
28,133
28,87
4,428
28,688
28,581
28,596
28,389
28,655
28,553
35,599
28,549
28,641
28,570
28,124
28,646
28,579
28,388
28,676
28,624
4,678
28,705
24,287
35,482
34,387
4,525
35,491
28,492
28,485
28,558
28,400
29,406
28,416
28,390
4,465
5,665
5,450
28,165
5,322
28,496
28,320
28,170
28,354
28,352
4,431
28,58
28,243
28,340
28,559
28,444
28,609
28,457
28,403
28,507
28,276
4,476
28,38
4,202
28,351
28,355
35,433
28,111
28,109
28,338
28,50
28,182
28,203
4,33
28,386
28,474
28,795
28,701
28,781
28,262
28,792
28,794
5,793
28,770
28,290
28,115
5,524
30,34
28,13
28,21
4,15
28,708
35,797
5,737
5,736
28,180
28,786
28,773
28,745
28,771
28,734
28,709
28,731
28,772
28,251
28,743
28,236
28,748
28,749
28,798
28,787
35,445
28,187
28,217
35,732
35,493
5,566
5,657
35,656
5,454
28,427
5,585
5,535
35,659
28,697
28,149
28,84
28,789
5,321
6,744
5,488
28,106
28,199
5,82
5,751
28,429
35,616
28,785
28,593
28,778
28,469
28,765
35,484
28,738
28,204
29,311
28,733
28,726
35,327
35,729
35,345
28,258
28,730
35,707
28,631
5,768
5,500
5,644
5,791
28,110
28,681
35,166
28,764
35,424
28,757
28,413
5,647
28,784
28,472
35,763
35,776
5,572
5,66
28,53
5,117
28,645
35,70
5,247
5,346
5,181
5,24
28,291
5,421
5,160
