3,833
3,565
6,831
3,845
4,640
6,769
6,767
3,682
3,739
2,713
2,797
3,832
6,732
3,762
4,691
3,642
3,756
6,795
3,367
6,711
1,776
4,810
3,671
3,607
6,747
5,822
3,318
4,494
6,669
2,853
3,847
3,818
3,751
5,114
6,687
3,793
6,731
6,608
1,559
1,645
3,707
3,353
3,839
3,771
6,543
4,750
3,723
3,322
3,689
6,763
3,817
6,714
3,709
3,802
3,676
3,746
5,653
6,598
3,573
6,184
3,748
6,179
1,782
3,638
3,675
3,571
3,761
3,579
6,595
4,485
6,304
5,646
5,719
6,778
6,619
6,672
5,615
6,734
3,555
6,764
3,774
3,848
4,668
4,677
6,216
3,212
1,695
3,685
6,305
3,820
4,605
3,686
3,826
3,787
6,841
6,789
4,825
3,819
4,840
1,704
3,416
6,792
6,850
3,829
3,575
3,790
6,712
4,814
3,737
3,740
3,532
3,170
6,568
3,588
6,48
3,550
3,566
3,754
6,547
4,843
3,718
3,725
3,816
6,849
4,806
3,661
3,842
3,437
6,824
3,429
3,652
3,462
3,259
3,518
6,94
3,524
3,19
3,109
5,479
3,478
3,567
3,9
6,326
3,246
6,604
1,618
3,692
6,226
3,422
4,558
6,766
4,267
6,639
4,445
6,800
6,17
4,378
6,727
3,418
3,770
3,328
6,706
3,384
6,374
3,253
4,643
3,234
3,345
3,854
3,670
3,830
3,59
3,131
6,681
1,745
5,852
6,696
4,834
3,779
3,773
4,637
1,708
6,610
3,683
3,512
1,557
3,520
3,654
3,625
3,611
5,626
4,499
3,563
5,393
3,634
6,587
4,589
6,651
3,535
6,562
4,678
6,743
3,585
6,757
6,622
3,788
3,693
3,530
3,118
5,442
3,702
3,703
3,721
3,541
3,656
3,755
1,684
3,781
3,516
3,627
3,644
3,722
6,453
6,522
3,255
3,556
3,423
3,657
3,796
3,837
3,309
3,443
3,600
3,552
4,803
3,738
3,597
3,663
6,617
3,574
3,635
3,591
6,649
3,716
6,705
3,623
3,780
4,641
3,760
3,694
1,580
3,724
3,630
6,458
3,799
3,648
3,759
6,658
3,667
3,477
6,504
1,551
3,592
3,741
3,513
3,472
3,544
3,596
6,459
3,469
3,167
3,444
4,515
6,377
3,338
3,2
4,8
3,435
3,295
3,528
5,401
6,386
3,380
6,534
3,385
4,249
4,55
1,381
3,427
3,483
3,362
1,388
3,390
6,475
3,317
3,144
3,468
3,237
1,187
3,484
3,315
3,449
3,564
3,726
3,465
3,481
3,599
3,700
3,578
4,620
3,323
3,749
3,583
4,116
3,577
3,594
3,768
3,394
3,343
6,169
1,433
3,329
3,344
3,199
1,744
3,283
3,398
3,265
3,506
3,222
3,519
3,655
3,81
3,440
3,375
4,349
3,330
3,526
6,498
3,662
3,650
1,493
3,432
3,266
3,365
3,276
3,12
3,136
3,229
6,68
1,368
3,90
3,133
3,476
3,364
3,537
3,279
3,402
3,209
6,132
2,141
3,348
1,400
3,570
3,614
3,680
3,542
3,452
1,51
6,32
3,193
6,715
3,511
3,593
3,752
6,473
3,569
3,601
6,492
3,502
3,501
6,404
6,327
3,730
3,728
3,697
3,572
3,447
2,391
3,436
3,497
3,742
3,508
3,673
6,772
4,699
6,688
3,733
3,586
3,431
3,603
3,500
3,523
3,214
6,263
3,576
4,293
6,42
6,306
1,439
6,221
4,126
3,122
6,41
3,134
3,233
6,92
3,121
4,270
3,357
1,185
3,56
3,448
1,303
6,514
6,308
3,406
3,335
3,49
3,257
3,609
3,415
3,236
6,584
3,67
3,366
3,482
6,66
3,142
3,710
3,173
3,110
3,190
3,161
3,413
6,127
3,180
3,271
3,313
4,138
6,546
3,290
3,147
6,231
6,23
3,631
6,616
3,488
3,346
6,208
3,521
3,268
3,387
1,33
3,1
3,302
3,311
3,347
3,213
7,93
6,392
3,399
3,296
6,549
3,128
3,188
3,529
3,242
3,53
3,79
3,165
3,43
3,403
3,621
3,430
1,582
6,495
3,227
6,505
6,291
4,525
3,503
3,679
3,456
3,215
6,218
3,461
3,171
3,319
3,203
3,517
3,420
3,510
3,355
3,333
3,331
4,467
3,86
6,735
3,82
3,480
3,613
3,647
3,354
3,466
3,441
3,228
3,111
3,352
3,341
3,359
3,463
3,105
3,260
3,24
3,256
6,280
3,324
3,264
3,117
4,112
3,297
6,4
3,240
3,189
4,160
3,106
6,14
4,211
6,88
3,27
3,130
3,289
3,159
6,225
3,31
3,272
3,16
3,65
3,149
3,332
3,207
4,172
6,219
3,244
3,561
3,312
3,241
3,252
1,247
3,278
3,371
3,250
3,548
3,428
3,195
3,275
3,64
3,232
3,300
3,168
3,298
3,337
3,307
3,358
3,238
3,104
3,340
3,101
3,36
6,301
3,316
3,334
3,137
3,123
3,356
3,61
3,163
3,54
1,140
3,98
3,44
3,220
3,47
3,285
3,373
3,230
3,206
3,784
3,855
3,539
6,861
3,28
3,808
3,720
1,450
3,46
3,851
3,785
3,99
3,181
4,152
3,108
3,97
3,277
3,192
3,813
3,70
3,5
3,22
3,659
3,857
3,660
4,15
3,859
3,166
3,314
1,178
1,828
3,83
3,407
4,248
6,197
3,273
3,201
6,531
3,860
3,157
3,396
3,120
3,821
3,701
3,286
3,805
3,777
3,823
3,632
3,612
3,84
3,419
3,674
3,624
3,815
3,336
3,125
3,858
3,507
3,801
4,835
4,536
3,758
3,698
3,150
6,553
4,491
6,412
3,665
3,287
3,154
3,235
3,310
3,91
3,451
4,269
3,540
3,666
3,85
3,405
3,370
3,460
3,581
3,471
3,414
3,408
3,274
3,446
3,496
3,261
3,434
6,35
3,25
3,360
3,89
3,45
3,487
3,177
3,74
4,425
3,664
3,155
4,143
3,129
3,527
3,58
3,243
3,145
3,6
3,490
3,113
3,75
3,103
3,38
3,62
3,80
3,205
3,18
1,254
3,115
3,148
4,223
3,151
3,37
3,294
3,29
3,69
3,198
3,162
3,164
1,489
3,636
3,383
3,282
3,438
3,602
3,633
1,95
3,417
3,409
3,204
3,538
3,509
3,71
3,457
3,382
3,426
3,339
3,96
3,350
3,554
3,690
3,76
3,411
1,376
3,196
3,284
3,474
3,454
4,153
3,202
3,13
3,124
3,239
3,245
3,455
1,135
3,52
3,258
3,320
3,397
3,395
3,224
3,156
3,78
3,158
1,102
3,183
4,545
3,533
3,3
3,372
3,174
3,7
1,50
4,379
4,107
1,119
3,60
3,20
3,200
3,470
1,26
3,73
3,139
2,281
3,191
3,194
3,72
1,77
3,34
3,210
4,176
3,57
3,606
1,838
4,836
3,560
1,765
4,351
1,63
3,844
1,629
1,811
4,421
3,464
4,827
3,717
3,175
3,809
3,410
3,590
4,846
3,363
4,804
3,783
3,251
3,39
1,486
4,856
3,40
3,182
3,812
3,369
3,146
3,262
4,342
1,807
3,736
1,217
3,753
3,791
3,288
3,786
3,325
1,87
3,424
1,729
3,186
3,299
3,798
3,628
4,100
3,321
3,21
3,775
4,292
1,10
4,794
4,389
4,30
4,361
4,11
