19,374
26,735
26,664
12,665
13,710
12,704
8,660
26,326
7,699
19,672
7,650
9,602
11,356
31,540
14,667
12,599
19,617
14,638
16,716
24,695
20,655
20,693
8,555
20,627
20,697
7,696
15,621
10,588
19,604
20,589
7,132
2,570
12,259
14,289
16,401
7,571
8,56
16,622
24,568
20,493
19,728
18,647
12,709
15,734
7,670
7,629
19,714
14,715
26,700
16,686
20,720
12,712
22,579
23,536
19,631
7,541
26,293
7,637
12,733
7,731
8,633
24,657
26,603
12,616
7,576
31,479
18,572
16,598
31,452
9,587
22,724
17,623
20,727
7,708
20,711
31,674
24,651
31,600
24,713
16,565
26,702
12,701
26,634
26,684
15,654
19,669
24,630
16,680
16,543
19,510
16,492
20,594
20,561
22,721
15,546
7,641
24,258
22,535
31,460
10,688
20,642
13,692
7,433
20,517
4,521
20,440
19,485
26,482
7,624
18,325
7,564
19,529
17,620
13,530
20,575
19,26
24,671
16,658
7,321
7,656
19,628
27,524
20,538
6,478
20,126
7,380
8,198
8,218
7,367
24,430
24,416
7,409
26,539
24,498
18,652
19,368
19,515
10,648
16,501
10,406
4,109
12,509
15,673
14,668
7,593
8,698
3,690
8,542
12,608
21,488
29,646
18,581
7,606
26,679
31,722
18,247
8,96
22,360
23,534
7,338
10,580
19,643
28,619
19,551
18,459
7,601
17,613
19,442
14,516
6,456
28,46
18,591
13,188
24,508
20,649
22,103
19,424
7,322
26,553
25,566
3,635
4,585
8,502
7,717
19,597
14,489
9,659
7,514
9,560
24,499
3,567
12,497
16,388
16,494
16,145
8,398
5,473
7,435
19,413
8,486
20,454
26,531
8,662
26,389
9,339
19,528
14,470
18,120
16,309
24,429
19,436
31,420
26,396
24,350
3,507
19,372
14,294
7,184
8,242
31,385
20,300
1,487
16,618
8,523
7,316
8,370
8,466
21,450
20,65
7,395
18,519
31,513
19,36
4,58
26,45
19,563
8,160
7,677
8,644
18,544
8,490
7,547
26,341
19,353
7,462
26,60
7,74
20,245
20,153
24,586
8,506
20,449
18,314
24,477
22,238
16,329
19,511
7,392
7,549
24,432
12,362
20,504
19,292
26,505
3,394
1,277
26,354
7,554
29,230
4,471
4,422
19,483
31,268
8,343
22,11
12,330
7,9
18,423
8,129
1,481
16,178
28,290
19,225
27,439
29,119
19,31
9,166
16,111
7,170
7,324
19,550
7,315
7,124
7,375
3,303
26,61
8,146
16,384
26,319
7,200
30,219
31,279
8,311
16,467
32,469
20,444
16,453
19,127
7,334
18,455
8,274
26,227
4,239
7,474
6,237
7,37
19,297
9,148
8,226
19,157
7,224
7,128
19,520
6,661
7,345
7,7
19,23
16,203
7,251
7,241
19,196
19,183
20,234
8,426
18,313
19,271
19,141
7,270
7,182
20,105
7,191
9,265
7,295
19,215
8,181
18,147
24,197
5,348
31,573
7,552
26,605
26,415
7,537
7,443
24,512
7,386
16,557
31,412
9,390
7,522
19,187
7,363
9,189
18,558
18,12
16,70
7,451
7,427
20,441
7,491
18,468
7,205
20,342
7,556
8,318
18,287
19,359
20,28
16,138
7,403
18,140
19,100
19,161
8,13
7,6
9,4
12,33
7,16
7,192
9,59
29,64
7,261
26,82
7,52
7,276
7,149
21,142
7,43
31,387
19,102
7,114
26,173
10,5
20,266
20,222
7,280
15,32
20,465
7,582
31,437
26,425
9,336
7,233
26,211
9,361
7,286
31,495
19,636
23,382
7,400
20,607
7,480
7,484
7,323
19,337
4,185
9,331
29,272
7,344
7,383
18,162
7,17
7,136
31,244
7,418
7,615
19,463
31,283
7,545
7,496
9,86
7,291
9,236
8,41
18,320
18,90
26,168
19,257
7,377
7,1
9,112
7,29
8,263
7,116
8,177
7,47
19,475
20,121
7,327
7,216
26,55
7,448
19,308
20,332
19,137
7,206
8,10
9,592
8,457
7,199
7,317
20,107
7,164
8,369
19,249
20,404
7,106
7,248
7,306
19,378
7,373
7,737
7,685
19,405
7,125
7,458
7,421
7,626
7,22
7,262
9,408
7,93
7,340
7,123
19,476
19,518
7,333
7,75
7,92
20,175
7,683
7,229
26,25
7,104
7,40
7,24
7,718
7,51
7,101
7,464
7,569
9,666
7,610
7,574
7,639
7,675
7,625
20,632
7,221
8,73
7,730
9,726
7,676
7,115
31,682
31,691
31,472
7,736
7,596
7,583
7,577
29,500
31,611
7,612
7,252
7,201
9,30
7,21
7,19
7,89
7,91
7,209
7,366
7,88
19,281
7,223
7,195
31,307
7,118
6,68
7,35
9,328
7,38
7,379
7,50
9,194
9,256
9,80
31,288
7,139
7,298
31,193
7,304
7,357
7,85
7,44
7,143
7,27
20,95
7,407
7,278
7,445
9,584
20,364
7,365
7,253
20,67
31,446
7,152
7,208
7,110
19,335
20,431
18,376
7,310
7,42
7,346
7,172
7,165
31,381
7,156
19,240
7,231
7,371
31,135
20,72
7,113
7,167
7,217
7,18
7,15
7,186
7,169
7,144
9,48
7,34
19,207
7,2
31,84
20,267
20,246
20,393
7,243
30,299
19,414
7,8
7,83
7,3
7,351
7,63
7,179
7,352
7,57
7,81
20,108
20,202
7,503
7,411
7,402
7,154
7,264
20,461
7,204
7,133
7,312
19,447
7,49
7,296
20,213
31,235
7,122
7,284
7,355
7,174
29,190
7,347
7,39
7,260
7,214
7,62
7,210
7,134
31,87
7,77
7,250
7,79
7,130
7,20
7,117
7,97
8,254
7,131
31,180
7,159
7,419
20,54
7,94
7,98
7,53
7,255
7,71
7,158
7,176
7,275
20,397
20,228
7,150
31,723
7,548
7,76
31,527
20,706
20,438
7,562
20,732
7,66
31,78
7,725
31,578
7,703
20,410
7,434
7,707
31,694
7,349
7,705
7,533
7,719
7,417
7,689
7,220
7,399
31,729
7,559
31,155
31,678
31,302
7,687
7,358
7,609
7,526
7,273
7,681
7,653
7,525
7,212
7,640
20,595
31,69
7,590
7,99
7,14
31,663
7,232
31,305
20,614
7,301
7,151
31,391
20,285
7,532
31,428
7,645
7,269
7,163
20,171
20,282
