90,374
114,735
112,664
45,665
51,710
45,704
30,660
112,326
23,699
86,672
19,650
35,602
44,356
139,540
56,667
45,599
88,617
56,638
67,716
102,695
93,655
92,693
30,555
92,627
92,697
18,696
59,621
41,588
90,604
93,589
17,132
4,570
45,259
55,289
70,401
20,571
25,56
68,622
105,568
92,493
90,728
78,647
48,709
58,734
20,670
18,629
91,714
57,715
119,700
63,686
92,720
49,712
96,579
101,536
87,631
18,541
110,293
20,637
46,733
20,731
27,633
107,657
112,603
46,616
20,576
136,479
79,572
69,598
134,452
35,587
97,724
72,623
93,727
20,708
92,711
136,674
104,651
136,600
102,713
64,565
110,702
47,701
112,634
114,684
58,654
90,669
104,630
67,680
67,543
90,510
67,492
92,594
92,561
96,721
59,546
18,641
103,258
96,535
139,460
43,688
92,642
53,692
18,433
92,517
9,521
92,440
82,485
111,482
18,624
79,325
24,564
90,529
71,620
53,530
93,575
90,26
102,671
69,658
16,321
18,656
87,628
124,524
92,538
15,478
92,126
18,380
26,198
28,218
23,367
102,430
103,416
18,409
121,539
108,498
81,652
88,368
87,515
41,648
61,501
41,406
10,109
48,509
58,673
57,668
18,593
27,698
6,690
28,542
49,608
95,488
128,646
79,581
20,606
118,679
136,722
77,247
28,96
98,360
100,534
20,338
42,580
88,643
126,619
85,551
76,459
24,601
73,613
90,442
56,516
14,456
125,46
76,591
52,188
106,508
92,649
98,103
90,424
22,322
112,553
109,566
5,635
9,585
29,502
18,717
88,597
56,489
36,659
18,514
38,560
106,499
7,567
45,497
62,388
63,494
66,145
29,398
13,473
18,435
84,413
27,486
93,454
117,531
30,662
121,389
31,339
86,528
54,470
79,120
67,309
108,429
89,436
138,420
119,396
105,350
5,507
87,372
56,294
18,184
27,242
136,385
92,300
1,487
66,618
28,523
16,316
28,370
26,466
94,450
92,65
21,395
74,519
140,513
89,36
11,58
120,45
90,563
26,160
20,677
26,644
74,544
30,490
18,547
113,341
88,353
20,462
114,60
18,74
92,245
92,153
104,586
30,506
93,449
79,314
103,477
97,238
64,329
90,511
18,392
18,549
105,432
46,362
92,504
90,292
116,505
7,394
2,277
114,354
19,554
130,230
10,471
10,422
88,483
138,268
26,343
98,11
49,330
20,9
79,423
27,129
3,481
66,178
127,290
90,225
123,439
128,119
89,31
33,166
61,111
18,170
16,324
90,550
20,315
18,124
18,375
8,303
119,61
25,146
61,384
113,319
18,200
132,219
136,279
27,311
65,467
141,469
92,444
66,453
87,127
18,334
78,455
27,274
121,227
11,239
20,474
14,237
20,37
83,297
33,148
27,226
90,157
18,224
18,128
89,520
14,661
18,345
18,7
87,23
68,203
20,251
19,241
88,196
87,183
92,234
26,426
80,313
89,271
89,141
18,270
18,182
92,105
20,191
31,265
19,295
88,215
28,181
76,147
106,197
12,348
136,573
18,552
112,605
112,415
20,537
20,443
106,512
18,386
65,557
135,412
34,390
18,522
89,187
20,363
38,189
79,558
79,12
67,70
18,451
18,427
92,441
20,491
75,468
18,205
92,342
18,556
27,318
78,287
90,359
92,28
63,138
18,403
76,140
89,100
88,161
27,13
18,6
36,4
50,33
18,16
18,192
36,59
128,64
20,261
114,82
20,52
20,276
18,149
94,142
18,43
136,387
89,102
18,114
117,173
41,5
92,266
92,222
18,280
60,32
92,465
18,582
136,437
117,425
36,336
18,233
113,211
37,361
18,286
136,495
90,636
99,382
18,400
92,607
21,480
23,484
18,323
89,337
11,185
40,331
129,272
18,344
18,383
80,162
20,17
18,136
136,244
18,418
18,615
89,463
136,283
16,545
18,496
32,86
18,291
37,236
27,41
79,320
79,90
122,168
87,257
20,377
20,1
39,112
18,29
27,263
18,116
26,177
18,47
84,475
92,121
18,327
18,216
115,55
20,448
90,308
92,332
89,137
20,206
27,10
32,592
27,457
18,199
21,317
93,107
18,164
26,369
87,249
92,404
20,106
18,248
18,306
89,378
22,373
18,737
21,685
89,405
18,125
18,458
20,421
18,626
18,22
20,262
32,408
18,93
18,340
18,123
89,476
90,518
18,333
18,75
18,92
93,175
18,683
18,229
117,25
20,104
20,40
20,24
18,718
18,51
18,101
18,464
20,569
37,666
20,610
18,574
18,639
18,675
18,625
92,632
20,221
28,73
18,730
36,726
20,676
18,115
138,682
137,691
136,472
18,736
18,596
18,583
18,577
128,500
136,611
18,612
18,252
18,201
37,30
18,21
18,19
18,89
18,91
18,209
18,366
20,88
90,281
18,223
20,195
136,307
20,118
14,68
18,35
37,328
18,38
21,379
18,50
33,194
36,256
38,80
136,288
18,139
18,298
136,193
20,304
18,357
18,85
18,44
18,143
18,27
92,95
18,407
18,278
18,445
37,584
92,364
18,365
18,253
93,67
136,446
18,152
18,208
18,110
89,335
93,431
79,376
18,310
20,42
18,346
18,172
18,165
139,381
18,156
84,240
18,231
18,371
134,135
93,72
18,113
18,167
18,217
18,18
18,15
18,186
18,169
18,144
37,48
18,34
89,207
18,2
137,84
92,267
93,246
93,393
18,243
133,299
90,414
18,8
18,83
20,3
18,351
18,63
18,179
18,352
18,57
18,81
92,108
92,202
18,503
18,411
18,402
18,154
18,264
92,461
18,204
18,133
18,312
89,447
18,49
18,296
92,213
138,235
18,122
18,284
18,355
20,174
131,190
18,347
18,39
18,260
18,214
18,62
18,210
18,134
138,87
18,77
18,250
18,79
18,130
18,20
18,117
18,97
28,254
18,131
140,180
18,159
18,419
92,54
18,94
18,98
18,53
18,255
18,71
18,158
18,176
18,275
92,397
93,228
20,150
136,723
18,548
18,76
138,527
93,706
92,438
18,562
92,732
18,66
135,78
18,725
136,578
18,703
93,410
18,434
18,707
136,694
18,349
18,705
18,533
18,719
18,417
18,689
18,220
18,399
136,729
18,559
136,155
136,678
136,302
18,687
18,358
18,609
18,526
18,273
18,681
18,653
18,525
18,212
18,640
92,595
136,69
18,590
18,99
18,14
136,663
18,232
136,305
93,614
18,301
18,151
136,391
93,285
18,532
136,428
18,645
18,269
18,163
93,171
92,282
