39,1288
25,1285
25,1229
34,1254
9,1294
34,1290
25,1302
34,1153
25,1242
25,1262
25,1292
25,1102
25,282
25,1185
39,1240
38,998
27,1197
25,1238
37,1300
39,1168
25,1174
25,1187
25,1303
37,1299
25,1210
25,1272
34,1280
9,645
25,1247
9,1271
25,1054
25,1037
25,238
25,613
36,670
36,1156
25,823
25,1189
34,1255
25,757
25,1276
34,1230
40,1307
9,1172
25,946
28,621
25,434
9,913
36,1219
25,685
9,860
25,1209
25,365
25,682
25,1148
25,956
36,1281
39,995
9,509
9,1109
25,636
25,1047
25,540
25,563
25,958
25,438
34,1184
37,405
36,651
25,1231
25,825
36,1139
25,528
25,1146
25,1186
25,1118
36,1092
25,845
25,925
9,1235
28,1130
34,1308
32,1261
25,1068
9,1074
25,700
27,1016
25,619
25,1266
39,921
25,982
34,1232
9,399
25,1076
25,417
9,1282
21,1151
9,1226
25,1287
25,853
36,1142
34,1049
36,379
37,288
31,1056
25,859
13,826
38,794
25,809
26,1190
25,1245
25,915
9,1160
25,1183
37,1202
25,666
35,591
34,1066
25,1220
9,353
36,467
37,616
9,635
25,862
11,833
37,800
25,485
25,1297
37,1257
28,1286
21,1234
9,1104
34,1162
9,1128
34,1216
9,691
9,751
36,448
25,964
25,708
9,866
9,1127
25,1144
17,1256
9,492
9,950
25,1199
25,1289
9,1295
9,1233
25,1277
9,1030
9,469
26,916
9,1205
9,941
9,1243
25,1225
9,345
28,1133
9,999
25,1081
25,1175
25,1293
13,1129
9,626
32,428
30,1201
9,1196
9,1070
9,1181
9,1284
34,1112
9,1131
25,502
25,1006
6,721
9,1000
30,1071
9,819
9,716
9,1055
25,962
33,1249
9,1052
25,1171
9,817
13,1214
25,1163
9,1032
9,326
1,1244
9,1122
9,799
25,523
9,877
9,697
25,1221
25,991
9,840
25,1173
25,1008
2,987
9,850
25,609
9,1278
9,1304
9,1157
36,949
9,801
9,1027
9,1119
9,1192
3,1105
9,1134
23,954
25,740
9,1028
36,977
9,679
9,899
9,208
9,297
30,906
9,805
9,765
9,934
9,1298
9,1296
25,1283
9,1301
9,1218
9,1228
9,544
9,161
9,1269
9,404
9,1018
25,886
34,611
9,443
9,959
9,1085
9,253
9,667
9,473
9,450
30,695
9,402
19,287
7,378
9,994
9,856
9,764
9,1087
9,1200
30,974
9,1147
9,930
9,631
9,1136
9,503
9,989
3,1023
9,815
9,1079
9,565
9,696
9,1152
36,975
9,1115
36,615
9,213
9,923
9,1050
9,395
9,1126
9,846
9,649
9,795
9,888
9,488
9,658
3,955
9,1239
9,1159
9,430
9,790
9,785
9,908
9,1241
9,383
9,1179
37,1188
9,1265
9,1258
9,984
9,1259
25,966
9,1203
9,706
25,1215
9,358
9,420
9,269
9,1043
9,919
9,1260
9,842
9,1044
9,654
1,407
9,1161
9,1072
9,331
9,185
9,477
9,394
25,910
9,603
30,396
9,624
9,577
9,735
9,699
9,980
9,914
9,607
9,971
9,324
9,836
9,944
9,802
9,755
9,928
9,715
25,1264
9,907
9,876
9,376
9,347
9,789
9,644
9,262
9,855
9,1154
9,705
9,1208
9,496
28,804
9,546
9,837
9,472
9,986
9,922
9,191
9,527
9,869
9,1073
9,236
9,254
9,759
9,973
9,320
9,357
9,549
9,798
9,863
9,676
9,532
13,316
9,444
9,895
25,838
15,688
9,243
5,662
9,366
9,988
9,215
9,1213
9,196
9,743
9,811
9,929
9,1123
9,1251
9,1270
9,604
9,981
9,722
9,963
9,1064
9,589
9,612
9,260
9,879
9,766
9,709
9,848
9,871
9,359
25,704
9,1167
9,1275
9,285
9,873
9,717
9,841
9,887
9,844
9,750
9,573
9,1077
9,538
9,812
9,931
9,594
9,1042
9,961
9,1057
9,336
9,632
9,249
9,574
9,1108
9,672
9,690
9,281
9,517
9,1021
9,1113
9,1191
9,1031
9,227
9,657
9,470
9,880
9,550
9,1083
9,1060
9,1194
9,1029
9,481
9,633
9,306
9,322
9,211
9,200
9,233
9,997
9,720
9,882
9,872
9,454
9,1124
37,663
9,1125
9,386
9,1279
9,978
9,1088
9,1141
9,453
9,1069
9,1250
9,380
9,1114
9,990
9,421
9,835
9,414
9,768
9,425
9,1246
9,1204
9,828
9,427
9,409
9,293
9,1001
9,460
9,356
9,1022
9,1003
30,993
36,1039
9,489
9,1010
9,520
9,796
9,329
25,1035
9,936
9,1099
9,767
9,983
9,318
9,729
9,397
9,752
9,687
9,1166
12,596
9,665
9,1121
9,1143
9,1075
9,1004
9,948
9,511
9,683
9,255
9,436
9,373
9,889
9,1135
9,480
9,821
9,622
39,728
9,416
9,967
9,1007
9,553
9,385
9,985
9,992
9,661
9,308
9,924
9,1116
9,797
9,733
9,564
9,774
9,1101
9,1176
9,419
9,222
9,300
9,363
9,898
9,338
9,829
9,507
9,1094
25,1137
9,933
9,599
30,937
9,656
9,461
9,225
9,491
9,277
9,1082
9,1045
9,874
9,1117
9,839
9,583
9,598
9,263
9,458
9,452
9,852
9,832
20,465
9,1053
9,957
9,1089
9,1149
9,335
9,951
25,769
9,431
9,814
25,782
9,349
9,433
9,628
9,266
25,398
9,142
9,157
9,680
9,593
9,432
9,555
9,343
9,578
9,568
9,515
9,572
9,466
9,439
9,793
9,206
9,543
9,271
9,435
9,370
9,242
9,235
10,352
9,602
9,518
9,557
9,146
9,938
9,451
9,884
25,508
9,495
9,777
9,423
9,671
9,120
9,145
9,762
9,745
9,711
9,702
9,810
9,1120
13,1046
9,1274
25,585
16,442
9,625
9,710
9,181
9,367
9,1180
9,787
9,1267
9,707
9,426
9,854
9,1019
9,415
9,581
9,535
9,344
9,1236
9,446
13,664
9,668
20,960
9,818
9,311
9,784
9,1038
9,1017
9,917
9,1111
9,1103
9,1252
9,552
9,542
9,1065
9,834
9,1150
9,1106
9,736
9,1014
9,703
9,808
9,422
9,355
9,806
9,424
9,1158
9,1237
9,516
9,279
9,510
9,659
9,410
9,412
9,501
9,223
9,372
9,524
9,459
9,342
9,730
9,878
9,497
9,827
9,1012
9,561
9,1227
9,234
9,533
9,483
9,783
9,776
9,1090
9,1178
9,775
9,259
9,870
9,830
9,570
9,713
9,327
9,1061
9,996
9,1140
9,885
9,881
9,362
9,559
9,674
9,820
9,911
9,935
9,901
9,1212
9,970
9,280
25,1051
9,525
9,1211
9,1005
9,296
9,354
9,478
9,246
9,900
9,113
9,560
9,303
9,732
9,307
9,231
9,455
9,731
9,861
37,726
9,1020
9,788
9,1198
9,298
9,779
9,610
9,953
9,851
9,1011
9,479
9,1132
9,725
9,675
25,447
9,741
9,896
9,1086
9,150
9,237
9,401
9,531
9,512
9,694
9,268
9,361
9,244
9,494
9,382
9,325
9,608
9,1033
9,539
9,332
9,758
9,292
9,218
9,229
9,152
9,718
9,575
9,723
9,673
9,772
9,341
9,681
9,927
9,778
9,754
9,1067
9,1138
9,1059
9,647
9,413
9,567
9,232
9,822
9,920
9,791
9,1080
9,351
9,639
9,744
9,623
9,945
9,640
9,1025
9,875
9,334
9,617
9,348
9,712
9,317
9,556
9,1096
9,1110
9,1155
9,698
9,943
9,952
9,1002
9,387
9,883
9,1036
9,865
9,734
9,1164
9,748
9,1058
9,212
9,660
9,1224
9,475
9,456
9,346
9,701
9,780
9,390
9,267
9,595
9,505
9,641
9,605
9,600
9,597
9,286
9,646
9,500
9,620
9,965
9,193
9,289
9,388
9,562
9,643
9,807
9,771
9,739
9,669
9,763
9,571
9,693
28,918
9,530
9,304
9,381
9,498
9,278
9,137
9,868
9,727
9,677
9,369
9,590
9,947
9,197
9,159
9,642
9,537
9,847
9,686
9,894
9,592
9,714
9,513
9,514
9,295
9,174
18,1024
9,1026
9,968
9,719
9,283
9,265
9,339
13,761
9,309
9,749
9,738
9,153
9,411
34,313
9,892
9,566
9,134
9,781
9,301
9,258
9,226
9,241
9,652
9,857
9,123
9,1009
9,178
9,59
9,476
9,1040
9,391
9,93
9,190
9,330
9,1177
9,891
9,471
9,172
9,1182
9,792
9,221
9,692
9,1195
9,1034
9,291
9,770
9,678
9,1098
9,773
36,1015
9,909
9,554
29,547
9,1100
9,449
9,932
9,586
9,526
9,482
9,429
9,1165
9,207
9,315
9,418
9,979
9,580
9,558
9,653
9,905
9,601
9,490
9,210
9,545
9,276
9,1091
9,393
9,171
9,831
9,522
9,333
9,816
9,893
22,541
9,389
9,618
9,536
16,684
9,824
9,484
9,637
9,867
9,519
9,323
9,360
9,474
9,1248
9,228
9,310
9,182
9,529
9,849
9,813
9,588
9,926
9,499
9,305
9,843
9,1169
9,441
9,368
9,194
9,655
9,437
9,1084
9,290
9,753
9,340
9,912
9,141
9,256
9,1253
9,1305
9,1291
34,1306
9,274
9,400
9,204
9,273
9,468
9,638
9,445
9,904
9,786
9,384
9,803
9,314
9,689
9,737
9,760
9,408
9,364
9,534
9,187
9,902
9,747
9,1041
9,587
9,275
9,1063
9,634
9,746
9,464
9,1273
9,440
9,247
9,462
9,406
9,582
24,169
9,858
9,1097
9,245
9,1268
9,1223
9,1062
9,252
9,220
9,132
9,940
9,149
9,463
9,969
9,506
9,1217
9,261
9,96
9,156
9,328
9,155
9,60
9,30
9,5
9,51
9,80
9,180
9,98
9,166
9,44
14,28
9,85
9,48
9,392
9,170
9,136
9,606
9,1312
9,1309
9,1310
9,1316
9,1314
9,1315
9,1313
9,1319
39,1318
9,125
28,504
9,371
9,648
9,627
9,165
9,897
9,107
9,188
9,1078
9,375
9,264
9,284
25,214
9,1193
9,1206
9,1263
9,312
9,192
9,203
9,177
9,377
9,251
9,976
9,630
9,144
9,250
9,890
9,650
9,569
9,199
9,202
9,201
9,164
9,50
9,205
9,95
9,576
9,579
9,1207
9,124
9,614
9,175
9,139
9,374
9,52
9,23
9,13
9,65
9,756
9,61
30,84
9,109
9,162
9,54
9,14
9,7
9,1325
9,25
9,47
9,76
9,34
9,319
9,1170
9,186
9,128
9,148
9,493
9,112
9,32
9,403
9,195
9,33
9,127
9,1330
9,22
25,45
9,1321
9,3
9,29
9,119
9,176
9,299
9,147
9,63
9,548
9,183
9,217
9,198
9,111
9,37
9,55
9,75
9,73
9,41
9,38
9,1335
9,1320
9,189
4,66
9,1329
9,86
9,143
9,2
9,12
9,26
9,163
9,79
9,91
9,106
9,31
9,18
4,62
25,40
9,230
9,78
9,151
9,64
9,89
9,74
9,629
9,584
9,1327
9,1328
9,100
9,116
9,53
9,140
34,71
9,158
9,1107
9,239
9,56
9,88
9,724
9,302
9,94
9,337
9,11
9,1334
9,1324
9,99
9,114
9,10
9,9
9,21
9,1331
9,70
9,154
9,110
9,87
9,17
9,224
9,168
9,486
9,321
9,551
9,1145
9,179
9,248
9,257
9,81
9,1095
9,160
9,864
9,350
9,130
9,46
9,942
1,131
9,97
9,972
9,1048
9,216
9,105
9,939
9,272
9,209
9,487
9,270
9,103
9,138
9,36
9,49
9,1311
9,69
9,57
9,101
9,219
9,77
9,72
9,121
9,35
9,122
9,19
9,457
9,294
9,24
9,115
9,104
9,126
9,68
9,742
9,129
9,20
9,15
9,1333
9,90
9,1323
9,58
9,1326
9,1336
9,1
9,1093
9,521
8,16
8,108
36,43
8,42
8,173
8,133
8,4
8,240
34,135
8,118
8,82
25,92
25,1332
34,1222
39,1013
25,39
25,67
39,6
25,27
25,1317
25,903
25,1322
25,102
34,8
39,117
25,167
25,83
39,184
