6,1206
105,1208
108,1210
106,1064
108,1219
10,1236
108,703
114,1232
106,1207
91,1157
32,1199
5,1082
94,1112
104,1212
93,1095
35,889
113,1144
32,1227
91,876
91,1118
114,1005
94,954
93,1089
108,1042
104,561
114,1087
111,591
91,1223
15,1139
94,928
8,1222
5,908
93,784
25,1077
94,891
94,1056
94,912
12,1228
94,1215
93,655
20,946
92,970
94,996
57,532
94,581
7,485
111,722
3,751
35,829
91,1192
113,1194
95,514
94,831
51,1197
95,633
79,967
109,500
94,1030
37,952
1,386
93,1221
35,880
78,1032
79,1166
78,1001
94,697
30,1133
44,659
78,993
106,1163
79,1196
104,1053
93,520
94,978
94,1204
98,1147
18,798
78,981
105,1101
41,850
51,1060
42,1153
35,1079
78,1195
78,1022
82,1010
43,1205
78,1116
78,636
1,701
78,1052
78,927
85,602
79,522
85,1094
9,853
78,351
78,745
79,811
40,1067
37,583
95,772
79,1086
80,863
78,716
16,564
20,385
79,816
79,725
79,580
62,1231
78,1176
19,882
109,411
94,660
27,920
79,913
35,374
15,288
112,631
78,683
115,393
42,518
94,621
94,400
96,577
78,1046
80,667
82,1114
79,554
79,456
108,723
37,720
39,953
22,959
49,1122
79,937
79,1058
78,543
78,982
78,578
18,791
78,511
108,1049
25,740
43,1098
14,692
27,727
57,593
109,427
80,415
51,493
107,430
20,1115
33,841
78,1031
85,919
19,861
36,1217
2,1224
79,1161
1,773
78,823
80,565
78,626
26,1120
54,991
87,979
79,1076
79,1182
78,526
82,1008
78,894
79,830
99,969
79,947
94,999
79,1105
78,704
78,512
62,428
39,612
79,486
78,744
78,1132
78,466
51,842
80,980
78,1063
78,817
35,1029
78,775
78,568
56,681
62,730
23,781
64,851
85,1068
94,762
78,608
127,729
78,690
78,1141
78,944
24,767
78,611
37,930
79,1016
80,549
78,1121
79,609
78,790
78,865
80,825
97,1143
62,1047
57,845
78,984
80,1119
78,888
51,590
78,843
82,708
78,641
78,685
11,574
52,1211
78,1225
78,642
78,1198
75,1202
82,1226
109,698
78,972
32,1051
85,1156
34,1184
78,837
36,684
78,1177
78,713
78,1229
79,1164
32,1126
98,801
78,924
82,917
78,1216
79,1235
79,1218
61,1158
78,872
79,1209
78,1185
82,1136
78,916
85,1017
79,1234
79,1138
109,1036
78,1104
78,1220
29,709
79,1175
78,800
80,1088
80,921
36,584
30,465
78,1146
30,1169
79,918
78,962
79,1142
84,788
78,1055
78,1129
65,765
78,1128
82,802
38,629
84,777
37,1075
95,1018
84,669
85,896
78,824
84,938
78,529
78,388
63,792
80,854
63,535
109,1069
45,878
80,1180
80,810
56,1170
93,1171
78,285
79,915
82,1151
78,1092
55,652
28,1154
78,1168
79,334
78,1173
2,645
82,412
85,657
78,846
78,503
19,995
82,318
88,866
78,1109
84,983
1,910
84,1125
78,809
84,1145
78,625
78,505
45,732
78,1004
78,771
78,968
78,1024
64,855
87,956
55,743
82,1083
84,1045
78,1131
66,640
35,933
80,524
78,1165
78,1000
78,760
63,1174
82,617
78,1187
19,955
78,884
80,904
84,1048
80,752
78,844
84,536
80,632
78,1044
80,1200
50,587
88,1034
78,828
30,1123
10,717
80,813
65,869
78,974
78,1003
90,840
79,1090
78,1135
78,1084
79,769
1,1040
110,964
80,502
70,1021
79,1106
84,754
82,1006
123,1113
17,966
78,832
78,594
84,682
71,691
79,618
93,1137
84,1189
84,1002
84,712
82,1213
84,793
59,961
84,895
71,1230
90,1214
84,677
82,348
84,1178
88,936
39,934
79,932
78,1188
84,395
78,734
28,1152
84,1111
95,997
24,1043
74,758
4,906
85,676
79,903
102,646
84,1148
84,925
79,668
79,1071
84,949
80,1140
78,540
82,875
52,322
46,735
78,747
85,544
79,390
111,1097
66,1183
78,569
84,941
84,702
124,893
84,582
10,647
85,1059
80,1134
82,768
80,960
61,858
85,929
31,990
85,672
100,1130
85,1020
78,864
80,551
79,282
84,601
79,886
95,513
78,449
84,1110
79,623
65,988
78,779
71,736
39,572
74,1124
84,320
90,586
86,275
82,384
78,812
63,592
47,635
79,380
77,1167
84,1062
84,746
65,883
17,1033
42,506
90,958
78,852
78,976
82,494
78,562
80,497
78,898
85,527
59,870
122,731
79,530
39,787
79,987
109,794
82,897
84,573
84,1093
80,733
85,689
85,403
79,501
43,822
78,1054
84,902
84,821
65,627
85,662
84,780
85,671
55,710
84,445
84,839
84,539
84,566
82,1023
84,948
84,1149
81,877
88,686
57,890
82,867
84,911
84,885
84,776
84,973
41,1014
79,1091
80,1072
84,567
73,1028
84,1027
88,1080
84,498
2,695
84,600
74,940
84,488
84,496
68,558
84,556
84,408
78,432
84,439
88,437
71,674
84,795
84,1057
89,1150
82,579
84,576
84,738
82,441
80,422
84,198
84,93
82,95
81,286
78,489
78,257
84,157
80,236
84,311
80,477
66,806
84,696
74,610
85,994
41,724
85,458
88,860
78,596
84,1099
84,785
71,820
84,1009
84,504
84,1107
85,835
84,826
84,805
78,679
82,656
84,763
84,541
84,721
63,1061
85,418
84,650
84,753
85,649
84,766
84,874
84,750
84,922
84,957
82,783
84,926
84,807
82,1085
78,899
84,847
84,943
84,1100
84,986
84,670
101,764
86,654
72,510
80,665
65,818
85,387
84,862
84,588
79,658
78,827
78,310
87,375
88,680
84,394
84,223
86,1038
84,571
84,705
79,473
74,247
78,749
79,620
84,129
84,86
88,232
82,280
84,315
88,484
84,675
81,538
84,545
84,459
84,302
79,172
84,255
39,343
84,434
84,333
84,1015
78,585
84,971
84,546
65,859
78,624
88,507
84,266
84,209
84,349
2,219
88,517
84,443
84,435
84,292
61,104
82,354
82,552
1,542
84,164
78,214
82,188
84,151
82,297
84,347
82,737
84,550
84,416
87,848
84,360
1,371
94,598
82,352
45,267
84,338
84,128
84,433
82,487
84,834
84,296
71,871
85,977
82,799
84,856
84,1041
78,1073
82,475
82,139
84,833
84,401
84,1070
84,350
84,604
85,321
118,471
78,85
84,98
84,312
84,189
84,234
76,242
77,560
85,190
86,367
84,357
84,225
126,206
79,238
84,328
84,180
84,341
84,589
82,362
79,303
79,379
84,460
84,84
84,246
119,261
84,326
84,786
88,638
78,1103
84,256
84,942
35,814
78,399
84,548
82,218
84,173
84,193
86,141
84,143
73,279
84,277
65,78
84,63
84,313
84,363
84,105
84,472
84,220
84,688
84,605
80,323
85,421
88,1162
84,442
74,905
79,426
84,91
84,797
84,452
84,366
84,340
66,892
82,719
82,327
84,1190
84,998
82,228
84,224
78,210
88,254
77,339
84,474
88,715
84,270
88,121
84,213
82,186
82,289
84,202
82,290
84,252
84,378
84,112
70,308
84,156
84,273
84,836
11,1096
84,204
85,230
84,265
67,65
84,881
84,229
84,448
74,163
82,222
84,97
82,171
78,89
84,755
84,69
39,335
84,88
84,678
84,287
84,241
84,179
85,127
78,140
78,276
84,212
80,203
84,492
84,200
84,476
72,92
71,353
82,547
86,165
82,262
59,317
84,570
84,192
84,184
84,531
84,615
78,653
21,346
84,796
84,329
82,324
69,849
82,240
84,300
84,248
84,417
84,306
84,344
82,634
82,185
84,616
84,307
84,707
84,178
84,301
78,628
80,243
82,939
78,907
84,450
79,409
84,414
84,272
84,161
84,446
84,482
84,1159
84,706
84,253
82,264
80,490
78,951
84,603
84,423
84,398
84,413
84,1127
84,613
80,365
120,444
84,463
81,170
86,259
84,274
82,137
84,94
84,174
84,169
84,71
85,64
63,258
84,516
84,382
80,183
84,208
128,480
82,108
84,138
84,838
85,368
84,700
45,176
84,103
78,249
84,109
84,250
84,117
85,742
84,931
66,131
84,373
84,110
85,130
84,56
78,211
84,99
84,464
84,694
84,757
84,1155
84,1026
82,756
59,1025
65,622
84,1035
84,714
84,639
78,356
84,759
79,316
84,396
39,607
84,1181
85,739
84,559
84,533
71,1108
84,508
84,521
84,644
84,761
84,1065
84,619
84,331
82,661
20,606
84,168
84,455
82,614
84,741
84,555
84,406
84,782
79,525
84,519
84,726
84,963
125,231
84,693
84,673
84,804
79,1037
85,914
84,453
78,534
82,381
84,563
66,391
84,372
84,770
85,597
84,803
65,887
79,965
84,748
84,945
84,553
84,336
84,425
82,778
84,528
84,819
84,537
84,1201
84,1012
73,1013
84,950
66,451
84,599
84,278
84,495
84,637
84,728
83,361
84,467
85,901
84,330
63,197
84,975
80,1039
84,1203
84,461
84,868
84,1233
84,342
84,293
84,575
20,1019
82,291
84,181
84,195
93,111
84,216
84,251
46,648
84,436
86,457
84,364
84,470
84,392
78,808
84,478
84,900
84,389
84,1007
84,1172
84,1193
84,36
84,66
59,13
84,74
82,37
84,124
116,35
65,58
65,22
85,177
82,75
84,30
84,45
84,39
63,43
84,53
84,115
84,664
85,125
84,199
88,40
88,73
85,15
85,989
84,61
84,23
84,33
84,383
84,299
84,19
88,20
84,28
71,10
82,50
63,42
84,52
80,55
84,102
84,404
84,284
84,447
84,126
84,215
84,76
84,245
13,175
84,440
84,595
84,410
84,509
84,217
84,44
85,149
84,1066
84,304
84,499
82,332
84,298
84,194
84,227
88,419
58,1186
84,1078
84,167
84,54
78,152
84,187
85,221
80,81
48,1081
84,233
84,114
84,260
53,57
84,483
85,150
103,294
84,370
84,24
84,132
82,3
84,144
84,5
84,7
84,1237
84,9
85,4
84,70
84,2
84,79
84,153
78,14
84,72
84,25
82,8
82,21
84,26
121,51
78,17
84,1238
84,47
84,27
82,424
88,120
84,122
84,134
84,789
84,909
84,397
84,182
84,481
84,630
30,454
84,100
84,101
84,283
84,133
84,207
84,59
84,239
84,268
84,159
79,281
84,62
84,337
84,49
84,718
84,83
84,118
84,191
84,16
84,491
84,146
84,87
84,469
84,123
84,82
84,515
84,80
84,557
84,68
84,295
84,1191
84,879
85,666
85,325
84,992
84,420
84,462
84,1074
88,355
84,136
84,358
84,269
79,67
30,271
84,1117
78,1160
84,438
84,244
84,11
84,18
84,235
84,155
84,237
84,305
84,402
59,116
84,148
84,263
84,34
84,145
84,166
84,205
117,405
84,41
88,985
84,107
84,154
84,923
84,314
52,345
84,113
84,158
84,815
78,142
45,77
84,468
60,377
84,135
84,119
84,29
84,106
84,147
84,1050
84,196
65,1102
84,857
63,479
84,376
84,1179
84,1011
84,687
84,711
84,429
84,699
84,935
84,201
84,873
84,319
84,60
84,162
84,651
84,90
84,369
84,663
84,309
84,643
84,523
84,160
84,48
84,407
84,774
84,226
84,38
84,6
84,359
84,431
63,12
84,32
84,1
84,46
108,31
113,96
