5,462
5,334
5,437
5,570
5,596
5,564
5,213
5,405
5,374
5,419
5,415
5,357
5,403
5,396
5,295
5,291
5,394
5,414
5,603
5,527
5,493
5,263
5,382
5,439
5,339
5,387
5,363
5,255
5,207
5,337
5,362
5,408
5,298
5,401
5,253
5,356
5,384
5,413
5,368
5,317
5,286
5,325
5,389
5,488
5,432
5,297
5,257
5,379
5,388
5,311
5,573
5,453
5,391
5,509
5,407
5,380
5,395
5,134
5,423
5,463
5,305
5,179
5,233
5,468
5,404
5,452
5,461
5,321
5,443
5,445
5,385
5,381
5,429
5,377
5,544
5,517
5,543
3,434
5,557
5,524
5,569
5,538
5,539
5,560
5,568
5,498
5,410
5,265
5,276
5,520
5,326
5,549
5,536
5,597
5,446
5,608
5,282
5,307
5,426
6,537
5,571
5,598
5,360
5,402
5,607
5,440
5,427
5,430
5,469
5,361
5,567
5,559
5,555
5,599
5,457
5,575
5,578
5,422
5,167
5,260
5,482
5,467
5,523
5,474
5,518
5,460
5,485
5,466
5,484
5,478
5,476
7,458
5,604
5,616
5,398
5,561
5,358
5,315
5,438
5,456
5,546
5,565
5,455
5,352
5,448
5,375
5,424
5,487
5,450
5,181
5,617
5,470
5,428
5,320
5,481
5,601
5,581
5,412
5,496
5,500
5,505
5,610
5,492
5,591
5,586
5,503
5,605
5,472
5,519
5,522
5,441
5,347
5,247
5,587
5,600
5,525
5,589
5,313
5,551
5,308
5,281
5,563
5,491
5,324
5,494
5,431
5,535
5,506
5,489
5,471
5,486
5,531
5,270
5,508
5,365
5,582
5,261
5,572
5,206
5,333
5,201
5,444
5,238
5,532
5,244
5,515
5,228
5,590
5,274
5,275
5,293
5,214
5,550
5,355
5,300
5,367
5,376
5,372
5,553
5,230
5,222
5,310
5,198
5,435
5,383
5,169
5,287
5,548
5,272
5,386
5,204
5,306
5,364
5,335
5,354
5,359
5,514
5,199
5,436
5,323
5,399
5,177
5,235
5,328
5,521
5,547
5,196
5,256
5,417
5,301
5,187
5,231
5,353
5,421
5,473
5,454
5,344
5,219
5,322
5,397
5,371
5,400
5,237
5,449
5,366
5,451
5,442
5,285
5,176
5,545
5,269
5,280
5,409
5,416
5,172
5,420
5,192
5,223
5,392
5,530
5,507
5,585
5,584
5,528
5,574
5,350
5,533
5,369
4,592
5,162
5,343
5,232
5,259
5,346
5,224
5,211
5,502
5,227
5,266
5,327
5,243
5,252
5,378
5,197
5,290
5,215
5,248
5,314
5,336
5,342
5,296
5,288
5,338
5,370
5,168
5,225
5,229
5,279
5,292
5,341
5,318
5,526
5,241
5,249
5,110
5,216
5,283
5,475
5,542
5,299
5,490
5,351
5,240
5,303
5,656
5,330
5,329
5,316
5,319
5,294
5,271
5,579
5,529
5,411
5,497
5,309
5,390
5,234
5,312
5,254
5,264
5,418
5,111
5,251
5,149
5,146
5,128
5,138
5,178
5,191
5,166
5,96
5,593
5,103
5,139
5,144
5,217
5,210
5,208
5,194
5,158
5,153
5,159
5,157
5,140
5,104
5,566
5,101
5,130
5,556
5,125
5,480
5,106
5,145
5,425
5,459
5,107
5,245
5,332
5,331
5,203
5,189
4,477
5,117
5,170
5,302
5,115
5,349
5,273
5,122
5,226
5,513
5,340
5,501
5,594
5,595
5,534
5,611
5,161
5,156
5,221
5,123
5,180
5,188
5,127
5,108
5,82
5,588
5,160
5,70
5,541
5,193
5,202
5,183
5,209
5,246
5,133
5,174
5,200
5,182
5,348
5,433
5,464
5,583
5,465
5,554
5,576
5,602
5,606
5,147
5,218
5,483
5,53
5,447
5,504
5,552
5,609
5,540
5,580
5,577
5,258
5,406
5,615
5,612
5,620
5,619
5,63
5,499
5,129
5,562
5,164
5,81
5,61
5,190
5,236
5,155
5,220
5,5
5,11
5,49
5,284
5,345
5,479
5,510
5,653
5,495
5,262
5,267
5,242
5,250
5,660
5,558
5,304
5,34
5,32
5,126
5,12
5,18
5,77
5,25
5,23
5,95
5,47
5,36
5,88
5,121
5,31
5,33
5,118
5,87
5,175
5,185
5,69
5,28
5,30
5,114
5,72
5,119
5,20
5,19
4,85
3,26
5,24
5,98
5,56
4,38
5,21
5,22
5,86
5,43
5,73
5,75
5,65
5,44
5,79
5,74
5,116
5,105
5,55
5,58
5,135
5,93
5,154
5,165
5,57
5,278
5,212
5,124
5,137
5,52
5,120
5,68
5,71
5,143
5,60
5,163
5,195
5,39
5,59
5,268
5,131
5,92
5,91
5,67
5,42
5,64
5,89
5,6
5,3
5,14
5,99
5,41
5,35
5,141
5,7
5,9
5,16
5,136
5,277
5,15
5,8
5,50
5,90
5,48
5,184
5,51
5,37
5,1
5,2
5,4
5,13
5,46
5,151
5,171
5,186
5,173
5,239
5,29
5,27
5,112
5,97
5,66
5,83
5,152
5,17
5,10
5,76
5,54
5,373
5,142
5,150
5,113
5,205
5,148
5,80
5,102
5,109
5,40
5,62
5,94
5,84
5,45
4,655
4,659
5,393
5,650
5,613
3,649
5,516
5,289
4,647
7,621
7,614
7,511
7,100
7,636
7,622
7,626
7,632
7,634
7,642
7,624
7,633
7,646
7,623
7,631
7,635
7,641
7,643
7,630
7,628
7,625
7,648
7,638
7,644
7,640
4,627
7,645
4,639
4,629
3,637
2,132
5,662
1,661
5,652
5,658
1,657
2,654
4,618
5,651
2,512
2,78
