24,135
16,167
2,130
7,219
6,278
37,276
24,223
54,192
20,162
15,325
56,201
53,287
43,343
27,265
20,299
10,319
4,235
11,382
16,341
12,141
6,123
11,182
7,381
4,304
9,395
22,418
6,378
16,448
14,222
4,298
7,349
24,449
53,396
18,87
40,406
44,76
53,455
10,405
6,364
7,397
12,311
27,458
11,463
27,473
53,467
22,13
27,36
11,215
53,153
6,344
53,432
37,438
12,371
37,322
4,279
20,216
53,194
22,307
27,294
54,121
54,208
9,470
40,421
21,474
20,54
53,6
22,52
27,303
6,138
29,224
53,380
53,433
22,63
21,110
53,331
50,379
29,315
21,35
54,353
6,246
29,321
53,360
27,317
29,392
27,146
53,372
50,269
11,180
54,460
27,387
12,206
29,189
6,273
20,383
27,231
27,357
54,242
17,476
29,258
18,237
53,184
53,106
54,103
27,115
18,114
54,156
29,295
27,89
53,462
40,339
53,61
5,176
53,79
54,97
54,197
11,165
12,318
20,227
22,290
20,270
35,388
6,301
48,400
53,284
18,232
27,267
53,347
9,257
29,183
48,332
5,209
5,255
12,291
22,217
48,327
27,384
27,158
37,456
22,239
27,316
48,359
29,305
4,8
29,342
27,60
38,401
53,336
27,323
29,187
27,233
27,252
22,157
44,101
27,124
27,296
54,171
53,72
54,49
6,179
57,127
27,109
48,57
5,113
29,37
54,166
53,147
48,86
53,45
22,111
27,82
53,186
53,102
5,33
29,168
27,71
54,51
18,320
22,66
53,75
38,172
22,408
48,12
54,454
54,361
29,466
53,338
53,414
10,160
30,459
7,354
6,461
48,434
29,11
35,425
20,377
27,398
54,435
9,285
5,328
27,90
48,196
27,281
27,253
18,211
27,203
31,272
27,329
35,247
54,429
27,345
27,245
17,236
27,370
27,373
44,148
35,261
54,251
18,250
48,404
21,170
27,243
47,326
48,140
37,205
7,260
12,221
54,126
27,154
29,155
20,14
32,293
54,375
53,202
17,42
48,297
27,367
54,175
22,362
54,145
6,210
18,150
33,151
27,200
17,161
27,83
39,96
27,207
22,213
17,137
27,214
27,330
53,104
27,108
22,59
54,313
5,85
54,47
54,95
29,136
27,228
27,68
29,44
7,300
18,366
48,363
22,457
54,465
5,444
38,346
54,259
21,283
27,144
30,142
18,174
24,314
48,193
20,149
48,164
35,262
24,356
27,185
18,81
29,92
54,107
27,229
20,129
48,70
5,84
5,352
54,77
54,99
17,351
27,306
35,58
54,139
53,248
27,119
47,152
48,238
27,181
54,374
22,254
37,302
49,134
54,310
29,169
35,451
17,427
14,73
22,67
45,26
7,46
27,178
29,391
40,266
54,440
38,424
54,422
48,348
53,416
39,7
41,478
53,32
17,280
48,1
27,376
54,275
27,439
27,389
27,446
40,407
54,472
8,218
5,204
5,241
54,264
17,274
52,105
54,100
13,177
48,282
54,125
48,368
42,442
27,34
26,369
54,420
23,355
51,244
13,98
29,234
29,249
39,337
57,324
17,308
29,402
33,212
5,292
54,413
39,65
52,56
27,195
28,230
46,9
5,415
27,94
27,394
18,15
18,277
27,286
41,118
38,120
27,436
22,417
27,64
24,78
58,74
47,220
40,426
37,477
49,271
48,410
32,365
54,334
4,335
16,412
31,288
54,112
25,132
9,464
22,256
38,431
1,358
20,173
47,268
51,131
45,447
27,468
7,199
54,289
54,471
17,445
14,163
27,430
46,27
50,21
25,80
53,423
15,93
5,191
7,50
5,69
19,240
52,122
20,39
24,159
20,5
47,31
4,40
18,23
35,263
23,4
6,225
23,411
58,312
21,469
22,190
12,399
27,333
5,437
5,62
42,128
37,198
55,390
27,25
20,30
8,24
42,17
24,55
23,143
1,450
18,385
3,419
26,41
5,20
25,428
5,133
47,117
51,226
4,453
22,91
3,53
12,43
53,48
46,22
54,18
28,88
45,116
57,16
31,38
55,188
54,309
43,403
5,29
26,340
52,350
43,441
5,393
7,3
35,452
5,443
25,19
43,28
36,386
15,2
34,409
21,475
24,10
