210,667
180,680
43,672
8,649
177,652
223,651
162,634
91,671
143,669
187,660
123,510
160,656
25,631
173,647
200,598
175,594
44,682
136,107
198,515
131,405
147,138
133,474
144,481
11,519
172,507
47,552
171,639
92,646
142,495
116,617
149,553
5,658
183,616
116,527
195,584
215,543
22,535
168,654
166,583
91,558
65,636
139,664
112,608
152,655
131,666
145,653
29,629
102,676
80,599
149,560
1,601
91,358
132,644
128,446
134,678
91,71
168,633
180,588
47,145
114,395
53,234
40,550
217,426
91,485
225,430
61,429
84,374
183,302
215,129
221,308
91,327
91,416
91,82
140,257
72,8
49,52
20,489
205,152
90,143
95,421
152,587
91,612
28,579
128,623
204,565
91,90
150,486
10,600
54,452
91,378
44,534
190,549
22,352
176,195
15,432
215,353
96,454
195,417
43,473
66,546
91,363
63,330
4,216
131,228
79,427
62,491
91,536
189,453
13,410
116,400
158,541
183,334
120,350
150,555
41,595
16,663
89,637
3,650
111,643
91,563
50,657
91,508
137,681
99,662
72,372
167,626
91,404
12,590
91,513
151,465
182,478
95,447
183,246
203,611
48,613
195,554
7,580
91,566
188,529
214,568
91,476
185,597
91,591
49,551
91,521
62,574
138,573
165,562
51,585
39,511
109,537
91,412
192,632
192,592
21,576
19,578
52,610
68,642
91,615
73,487
72,533
94,530
13,497
6,455
37,544
86,556
117,630
106,531
211,456
166,479
34,268
161,517
155,282
124,422
183,444
82,509
146,351
93,218
87,329
186,326
69,420
167,451
38,518
89,461
198,394
174,528
159,437
116,324
65,548
190,213
183,202
42,645
183,624
44,496
91,460
47,226
170,545
100,204
182,356
103,377
208,127
91,270
127,159
91,217
101,73
72,249
97,291
58,449
72,337
50,72
91,40
143,442
91,459
91,64
128,364
91,419
91,101
91,439
23,609
78,577
55,561
50,606
8,684
119,532
133,618
91,538
113,614
91,581
96,525
13,559
91,539
81,540
170,214
91,677
35,635
26,564
88,607
71,596
77,431
97,492
93,665
220,409
183,297
72,406
131,141
91,462
91,340
104,488
91,522
202,418
24,467
201,475
81,307
183,493
133,381
95,296
91,231
72,120
88,285
45,277
50,391
14,56
72,211
130,524
110,122
89,362
197,271
91,498
182,298
91,503
91,247
105,463
123,86
187,441
74,567
98,28
91,283
118,317
76,266
93,506
105,117
91,184
92,433
46,361
91,483
87,336
115,342
97,322
82,345
3,79
91,280
128,241
141,436
76,178
17,259
91,237
91,162
91,132
67,424
191,256
36,411
91,80
164,371
121,97
206,229
224,166
91,390
91,413
219,325
181,526
2,179
30,286
128,457
64,67
126,466
72,490
89,393
56,575
132,369
98,379
213,471
89,176
182,289
91,398
86,253
91,232
91,512
108,621
91,49
91,288
72,240
133,207
178,276
91,320
77,124
89,542
91,458
127,335
179,239
91,469
27,220
89,354
125,105
9,294
89,279
148,375
214,275
128,470
209,435
91,382
91,384
91,401
91,516
78,161
133,263
91,206
104,386
91,316
18,209
186,125
89,258
91,75
91,331
91,370
106,244
33,160
193,198
128,48
85,205
72,248
95,357
91,494
107,200
91,281
75,272
214,168
91,365
91,373
83,151
194,328
91,265
72,119
60,227
72,43
217,60
72,30
7,188
199,110
122,34
86,438
91,287
153,167
85,238
91,434
91,181
169,158
163,41
81,189
154,100
91,299
72,304
131,113
222,389
91,224
91,278
91,501
156,675
61,679
91,619
91,245
95,500
91,480
86,520
217,686
183,640
91,628
91,589
91,502
91,45
91,402
91,104
91,20
128,319
95,53
198,255
91,332
91,355
183,225
91,22
91,292
91,313
91,685
89,368
70,423
72,54
93,84
91,348
115,215
91,586
182,264
91,55
91,338
181,203
91,315
32,482
91,11
91,273
216,174
91,343
207,499
91,66
91,408
91,383
91,468
91,208
91,472
84,146
77,106
91,102
91,314
91,89
91,61
91,221
214,318
91,261
84,210
91,121
59,222
77,144
72,76
83,157
57,149
91,26
91,196
91,59
91,135
31,284
91,260
91,91
131,17
91,194
126,3
89,99
211,235
91,171
91,301
91,445
91,477
91,366
84,47
91,83
91,312
91,115
103,62
91,192
91,183
91,165
91,150
135,37
131,93
131,219
131,13
91,251
196,341
211,236
89,77
91,156
91,155
91,295
91,116
91,359
81,230
91,109
184,163
91,262
72,95
91,128
91,24
91,4
131,223
91,344
91,387
214,137
91,88
91,290
86,118
91,103
91,311
91,51
91,32
91,164
91,68
91,415
91,133
91,175
91,33
91,191
91,254
91,112
91,193
91,243
77,428
91,199
91,269
91,131
91,323
211,440
91,443
91,310
91,58
91,2
91,142
91,514
91,333
91,5
91,339
220,274
91,10
91,360
91,180
91,139
91,16
91,186
91,94
91,108
91,380
92,367
91,153
208,154
216,92
212,190
218,300
91,136
91,35
85,98
91,504
91,267
91,425
91,19
91,185
91,388
215,134
91,250
91,85
91,252
129,15
91,25
91,27
131,14
91,233
91,197
91,38
219,57
91,396
91,126
91,182
91,170
91,39
91,148
91,303
91,78
213,87
218,114
214,130
224,50
91,31
91,44
91,81
91,392
91,638
91,407
91,173
91,399
91,111
91,7
91,172
91,12
91,187
131,397
217,212
80,9
214,23
91,177
91,46
216,346
91,21
209,42
131,147
91,123
91,18
91,293
91,74
91,29
91,140
91,604
91,376
91,622
157,347
91,670
131,523
222,464
91,661
91,321
91,602
91,582
91,96
91,36
217,683
91,69
91,625
91,570
91,448
91,659
91,648
91,414
91,63
91,620
91,385
216,603
91,572
214,593
91,309
91,505
91,484
91,668
91,674
91,547
211,169
91,571
214,242
91,557
91,70
206,641
211,403
131,627
91,349
91,1
91,569
131,201
91,6
91,305
91,673
215,450
91,605
128,306
131,65
