12,833
12,565
25,831
12,845
18,640
28,769
24,767
12,682
12,739
9,713
8,797
12,832
26,732
13,762
18,691
11,642
12,756
29,795
12,367
23,711
2,776
18,810
12,671
12,607
27,747
21,822
11,318
18,494
30,669
8,853
11,847
12,818
12,751
21,114
27,687
16,793
30,731
29,608
4,559
4,645
12,707
12,353
12,839
17,771
27,543
18,750
17,723
12,322
12,689
24,763
12,817
25,714
12,709
15,802
12,676
12,746
21,653
27,598
12,573
22,184
15,748
29,179
4,782
16,638
11,675
12,571
12,761
12,579
30,595
18,485
26,304
21,646
21,719
27,778
29,619
26,672
21,615
25,734
12,555
29,764
12,774
12,848
18,668
18,677
27,216
12,212
5,695
13,685
27,305
12,820
20,605
12,686
12,826
12,787
26,841
26,789
18,825
15,819
18,840
7,704
16,416
25,792
29,850
16,829
12,575
13,790
22,712
18,814
12,737
12,740
12,532
12,170
29,568
12,588
29,48
12,550
12,566
12,754
22,547
18,843
12,718
12,725
16,816
26,849
18,806
12,661
12,842
12,437
27,824
11,429
12,652
12,462
12,259
12,518
26,94
12,524
16,19
12,109
21,479
15,478
12,567
12,9
27,326
12,246
28,604
4,618
12,692
29,226
11,422
18,558
29,766
18,267
26,639
19,445
27,800
25,17
18,378
25,727
11,418
12,770
12,328
30,706
15,384
30,374
12,253
18,643
12,234
16,345
12,854
12,670
12,830
10,59
12,131
24,681
4,745
21,852
27,696
18,834
12,779
12,773
18,637
4,708
25,610
12,683
12,512
3,557
12,520
12,654
12,625
12,611
21,626
18,499
12,563
21,393
16,634
26,587
18,589
30,651
12,535
23,562
18,678
26,743
12,585
26,757
29,622
17,788
10,693
12,530
12,118
21,442
13,702
12,703
12,721
12,541
12,656
12,755
4,684
12,781
10,516
17,627
12,644
12,722
29,453
25,522
11,255
12,556
12,423
12,657
12,796
17,837
12,309
16,443
12,600
12,552
19,803
12,738
12,597
16,663
26,617
12,574
16,635
12,591
27,649
14,716
26,705
12,623
16,780
18,641
12,760
16,694
4,580
16,724
12,630
29,458
12,799
12,648
12,759
25,658
12,667
12,477
27,504
4,551
12,592
12,741
12,513
12,472
12,544
12,596
27,459
12,469
12,167
11,444
18,515
27,377
16,338
12,2
18,8
16,435
12,295
12,528
21,401
26,386
12,380
26,534
17,385
18,249
19,55
4,381
11,427
12,483
12,362
1,388
12,390
30,475
12,317
12,144
12,468
16,237
6,187
16,484
16,315
12,449
12,564
12,726
12,465
12,481
16,599
12,700
12,578
19,620
12,323
16,749
12,583
18,116
12,577
16,594
12,768
12,394
12,343
25,169
2,433
12,329
12,344
12,199
5,744
12,283
12,398
12,265
12,506
12,222
12,519
10,655
12,81
16,440
12,375
18,349
16,330
12,526
26,498
16,662
12,650
4,493
12,432
12,266
12,365
12,276
12,12
12,136
12,229
26,68
4,368
12,90
12,133
12,476
12,364
16,537
12,279
16,402
12,209
27,132
8,141
12,348
4,400
12,570
12,614
12,680
12,542
12,452
4,51
27,32
16,193
24,715
17,511
12,593
12,752
26,473
12,569
12,601
22,492
12,502
12,501
26,404
26,327
12,730
12,728
12,697
12,572
12,447
9,391
12,436
12,497
12,742
12,508
12,673
25,772
18,699
25,688
12,733
12,586
12,431
12,603
12,500
12,523
12,214
27,263
12,576
18,293
27,42
26,306
4,439
26,221
18,126
12,122
27,41
12,134
12,233
26,92
12,121
18,270
12,357
4,185
12,56
12,448
5,303
27,514
26,308
12,406
16,335
12,49
12,257
12,609
12,415
12,236
27,584
12,67
12,366
12,482
26,66
12,142
12,710
12,173
12,110
12,190
12,161
12,413
27,127
12,180
12,271
12,313
18,138
27,546
12,290
12,147
26,231
26,23
12,631
26,616
12,488
12,346
27,208
12,521
12,268
12,387
4,33
12,1
12,302
12,311
12,347
12,213
31,93
27,392
12,399
12,296
26,549
12,128
12,188
12,529
12,242
12,53
12,79
12,165
12,43
12,403
12,621
12,430
4,582
27,495
12,227
26,505
28,291
18,525
12,503
12,679
12,456
12,215
27,218
12,461
12,171
12,319
12,203
12,517
12,420
12,510
12,355
12,333
12,331
18,467
12,86
26,735
12,82
12,480
12,613
12,647
12,354
12,466
12,441
12,228
12,111
12,352
12,341
12,359
12,463
12,105
12,260
12,24
12,256
27,280
12,324
12,264
12,117
18,112
12,297
25,4
12,240
12,189
18,160
12,106
26,14
18,211
27,88
12,27
12,130
12,289
12,159
25,225
12,31
12,272
16,16
12,65
12,149
12,332
12,207
18,172
26,219
12,244
12,561
12,312
12,241
12,252
4,247
16,278
12,371
12,250
12,548
12,428
12,195
12,275
12,64
12,232
12,300
12,168
12,298
12,337
12,307
12,358
12,238
12,104
12,340
12,101
12,36
27,301
12,316
12,334
12,137
12,123
12,356
12,61
12,163
12,54
4,140
12,98
12,44
12,220
12,47
12,285
12,373
12,230
12,206
12,784
12,855
12,539
26,861
12,28
12,808
12,720
4,450
12,46
12,851
12,785
12,99
12,181
18,152
12,108
12,97
12,277
12,192
12,813
12,70
12,5
12,22
12,659
12,857
12,660
18,15
12,859
12,166
12,314
6,178
4,828
12,83
12,407
18,248
26,197
12,273
12,201
26,531
12,860
12,157
12,396
12,120
12,821
12,701
12,286
12,805
12,777
12,823
12,632
12,612
12,84
12,419
12,674
12,624
12,815
12,336
12,125
12,858
12,507
12,801
18,835
18,536
12,758
12,698
12,150
27,553
18,491
27,412
12,665
12,287
12,154
12,235
12,310
12,91
12,451
18,269
12,540
12,666
12,85
12,405
12,370
12,460
12,581
12,471
12,414
12,408
12,274
12,446
12,496
12,261
12,434
26,35
12,25
12,360
12,89
12,45
12,487
12,177
12,74
18,425
12,664
12,155
18,143
12,129
12,527
12,58
12,243
12,145
12,6
12,490
12,113
12,75
12,103
12,38
12,62
12,80
12,205
12,18
4,254
12,115
12,148
18,223
12,151
12,37
12,294
12,29
12,69
12,198
12,162
12,164
3,489
12,636
12,383
12,282
12,438
12,602
12,633
4,95
12,417
12,409
12,204
12,538
12,509
12,71
12,457
12,382
12,426
12,339
12,96
12,350
12,554
12,690
12,76
12,411
4,376
12,196
12,284
12,474
12,454
18,153
12,202
12,13
12,124
12,239
12,245
12,455
4,135
12,52
12,258
12,320
12,397
12,395
12,224
12,156
12,78
12,158
1,102
12,183
18,545
12,533
12,3
12,372
12,174
12,7
4,50
18,379
18,107
5,119
12,60
12,20
12,200
12,470
4,26
12,73
12,139
9,281
12,191
12,194
12,72
6,77
12,34
12,210
18,176
12,57
12,606
4,838
18,836
12,560
4,765
18,351
4,63
12,844
4,629
4,811
18,421
12,464
18,827
12,717
12,175
12,809
12,410
12,590
18,846
12,363
18,804
12,783
12,251
12,39
4,486
18,856
12,40
12,182
12,812
12,369
12,146
12,262
18,342
4,807
12,736
4,217
12,753
12,791
12,288
12,786
12,325
4,87
12,424
4,729
12,186
12,299
12,798
12,628
18,100
12,321
12,21
12,775
18,292
4,10
18,794
18,389
18,30
18,361
18,11
