4,1206
40,1208
41,1210
40,1064
41,1219
7,1236
41,703
43,1232
40,1207
32,1157
18,1199
4,1082
32,1112
39,1212
32,1095
19,889
43,1144
18,1227
32,876
32,1118
43,1005
32,954
32,1089
41,1042
39,561
43,1087
42,591
32,1223
10,1139
32,928
5,1222
4,908
32,784
15,1077
32,891
32,1056
32,912
8,1228
32,1215
32,655
11,946
32,970
32,996
27,532
32,581
4,485
42,722
2,751
19,829
32,1192
43,1194
33,514
32,831
24,1197
33,633
30,967
41,500
32,1030
20,952
1,386
32,1221
19,880
30,1032
30,1166
30,1001
32,697
18,1133
21,659
30,993
40,1163
30,1196
39,1053
32,520
32,978
32,1204
34,1147
11,798
30,981
40,1101
21,850
24,1060
21,1153
19,1079
30,1195
30,1022
30,1010
21,1205
30,1116
30,636
1,701
30,1052
30,927
30,602
30,522
30,1094
6,853
30,351
30,745
30,811
20,1067
20,583
33,772
30,1086
30,863
30,716
10,564
11,385
30,816
30,725
30,580
29,1231
30,1176
11,882
41,411
32,660
16,920
30,913
19,374
10,288
42,631
30,683
44,393
21,518
32,621
32,400
33,577
30,1046
30,667
30,1114
30,554
30,456
41,723
20,720
20,953
12,959
23,1122
30,937
30,1058
30,543
30,982
30,578
11,791
30,511
41,1049
15,740
21,1098
9,692
16,727
27,593
41,427
30,415
24,493
40,430
11,1115
18,841
30,1031
30,919
11,861
20,1217
1,1224
30,1161
1,773
30,823
30,565
30,626
15,1120
25,991
30,979
30,1076
30,1182
30,526
30,1008
30,894
30,830
34,969
30,947
32,999
30,1105
30,704
30,512
29,428
20,612
30,486
30,744
30,1132
30,466
24,842
30,980
30,1063
30,817
19,1029
30,775
30,568
26,681
29,730
13,781
29,851
30,1068
32,762
30,608
55,729
30,690
30,1141
30,944
14,767
30,611
20,930
30,1016
30,549
30,1121
30,609
30,790
30,865
30,825
33,1143
29,1047
27,845
30,984
30,1119
30,888
24,590
30,843
30,708
30,641
30,685
8,574
25,1211
30,1225
30,642
30,1198
30,1202
30,1226
41,698
30,972
18,1051
30,1156
18,1184
30,837
20,684
30,1177
30,713
30,1229
30,1164
18,1126
34,801
30,924
30,917
30,1216
30,1235
30,1218
29,1158
30,872
30,1209
30,1185
30,1136
30,916
30,1017
30,1234
30,1138
41,1036
30,1104
30,1220
17,709
30,1175
30,800
30,1088
30,921
20,584
18,465
30,1146
18,1169
30,918
30,962
30,1142
30,788
30,1055
30,1129
29,765
30,1128
30,802
20,629
30,777
20,1075
33,1018
30,669
30,896
30,824
30,938
30,529
30,388
29,792
30,854
29,535
41,1069
22,878
30,1180
30,810
26,1170
32,1171
30,285
30,915
30,1151
30,1092
26,652
16,1154
30,1168
30,334
30,1173
1,645
30,412
30,657
30,846
30,503
11,995
30,318
30,866
30,1109
30,983
1,910
30,1125
30,809
30,1145
30,625
30,505
22,732
30,1004
30,771
30,968
30,1024
29,855
30,956
26,743
30,1083
30,1045
30,1131
30,640
19,933
30,524
30,1165
30,1000
30,760
29,1174
30,617
30,1187
11,955
30,884
30,904
30,1048
30,752
30,844
30,536
30,632
30,1044
30,1200
23,587
30,1034
30,828
18,1123
7,717
30,813
29,869
30,974
30,1003
31,840
30,1090
30,1135
30,1084
30,769
1,1040
41,964
30,502
30,1021
30,1106
30,754
30,1006
51,1113
11,966
30,832
30,594
30,682
30,691
30,618
32,1137
30,1189
30,1002
30,712
30,1213
30,793
28,961
30,895
30,1230
31,1214
30,677
30,348
30,1178
30,936
20,934
30,932
30,1188
30,395
30,734
16,1152
30,1111
33,997
14,1043
30,758
3,906
30,676
30,903
37,646
30,1148
30,925
30,668
30,1071
30,949
30,1140
30,540
30,875
25,322
22,735
30,747
30,544
30,390
42,1097
30,1183
30,569
30,941
30,702
52,893
30,582
7,647
30,1059
30,1134
30,768
30,960
29,858
30,929
18,990
30,672
35,1130
30,1020
30,864
30,551
30,282
30,601
30,886
33,513
30,449
30,1110
30,623
29,988
30,779
30,736
20,572
30,1124
30,320
31,586
30,275
30,384
30,812
29,592
22,635
30,380
30,1167
30,1062
30,746
29,883
11,1033
21,506
31,958
30,852
30,976
30,494
30,562
30,497
30,898
30,527
28,870
50,731
30,530
20,787
30,987
41,794
30,897
30,573
30,1093
30,733
30,689
30,403
30,501
21,822
30,1054
30,902
30,821
29,627
30,662
30,780
30,671
26,710
30,445
30,839
30,539
30,566
30,1023
30,948
30,1149
30,877
30,686
27,890
30,867
30,911
30,885
30,776
30,973
21,1014
30,1091
30,1072
30,567
30,1028
30,1027
30,1080
30,498
1,695
30,600
30,940
30,488
30,496
30,558
30,556
30,408
30,432
30,439
30,437
30,674
30,795
30,1057
30,1150
30,579
30,576
30,738
30,441
30,422
30,198
30,93
30,95
30,286
30,489
30,257
30,157
30,236
30,311
30,477
30,806
30,696
30,610
30,994
21,724
30,458
30,860
30,596
30,1099
30,785
30,820
30,1009
30,504
30,1107
30,835
30,826
30,805
30,679
30,656
30,763
30,541
30,721
29,1061
30,418
30,650
30,753
30,649
30,766
30,874
30,750
30,922
30,957
30,783
30,926
30,807
30,1085
30,899
30,847
30,943
30,1100
30,986
30,670
36,764
30,654
30,510
30,665
29,818
30,387
30,862
30,588
30,658
30,827
30,310
30,375
30,680
30,394
30,223
30,1038
30,571
30,705
30,473
30,247
30,749
30,620
30,129
30,86
30,232
30,280
30,315
30,484
30,675
30,538
30,545
30,459
30,302
30,172
30,255
20,343
30,434
30,333
30,1015
30,585
30,971
30,546
29,859
30,624
30,507
30,266
30,209
30,349
1,219
30,517
30,443
30,435
30,292
29,104
30,354
30,552
1,542
30,164
30,214
30,188
30,151
30,297
30,347
30,737
30,550
30,416
30,848
30,360
1,371
32,598
30,352
22,267
30,338
30,128
30,433
30,487
30,834
30,296
30,871
30,977
30,799
30,856
30,1041
30,1073
30,475
30,139
30,833
30,401
30,1070
30,350
30,604
30,321
46,471
30,85
30,98
30,312
30,189
30,234
30,242
30,560
30,190
30,367
30,357
30,225
54,206
30,238
30,328
30,180
30,341
30,589
30,362
30,303
30,379
30,460
30,84
30,246
47,261
30,326
30,786
30,638
30,1103
30,256
30,942
19,814
30,399
30,548
30,218
30,173
30,193
30,141
30,143
30,279
30,277
29,78
30,63
30,313
30,363
30,105
30,472
30,220
30,688
30,605
30,323
30,421
30,1162
30,442
30,905
30,426
30,91
30,797
30,452
30,366
30,340
30,892
30,719
30,327
30,1190
30,998
30,228
30,224
30,210
30,254
30,339
30,474
30,715
30,270
30,121
30,213
30,186
30,289
30,202
30,290
30,252
30,378
30,112
30,308
30,156
30,273
30,836
8,1096
30,204
30,230
30,265
30,65
30,881
30,229
30,448
30,163
30,222
30,97
30,171
30,89
30,755
30,69
20,335
30,88
30,678
30,287
30,241
30,179
30,127
30,140
30,276
30,212
30,203
30,492
30,200
30,476
30,92
30,353
30,547
30,165
30,262
28,317
30,570
30,192
30,184
30,531
30,615
30,653
11,346
30,796
30,329
30,324
30,849
30,240
30,300
30,248
30,417
30,306
30,344
30,634
30,185
30,616
30,307
30,707
30,178
30,301
30,628
30,243
30,939
30,907
30,450
30,409
30,414
30,272
30,161
30,446
30,482
30,1159
30,706
30,253
30,264
30,490
30,951
30,603
30,423
30,398
30,413
30,1127
30,613
30,365
48,444
30,463
30,170
30,259
30,274
30,137
30,94
30,174
30,169
30,71
30,64
29,258
30,516
30,382
30,183
30,208
56,480
30,108
30,138
30,838
30,368
30,700
22,176
30,103
30,249
30,109
30,250
30,117
30,742
30,931
30,131
30,373
30,110
30,130
30,56
30,211
30,99
30,464
30,694
30,757
30,1155
30,1026
30,756
28,1025
29,622
30,1035
30,714
30,639
30,356
30,759
30,316
30,396
20,607
30,1181
30,739
30,559
30,533
30,1108
30,508
30,521
30,644
30,761
30,1065
30,619
30,331
30,661
11,606
30,168
30,455
30,614
30,741
30,555
30,406
30,782
30,525
30,519
30,726
30,963
53,231
30,693
30,673
30,804
30,1037
30,914
30,453
30,534
30,381
30,563
30,391
30,372
30,770
30,597
30,803
29,887
30,965
30,748
30,945
30,553
30,336
30,425
30,778
30,528
30,819
30,537
30,1201
30,1012
30,1013
30,950
30,451
30,599
30,278
30,495
30,637
30,728
30,361
30,467
30,901
30,330
29,197
30,975
30,1039
30,1203
30,461
30,868
30,1233
30,342
30,293
30,575
11,1019
30,291
30,181
30,195
32,111
30,216
30,251
22,648
30,436
30,457
30,364
30,470
30,392
30,808
30,478
30,900
30,389
30,1007
30,1172
30,1193
30,36
30,66
28,13
30,74
30,37
30,124
45,35
29,58
29,22
30,177
30,75
30,30
30,45
30,39
29,43
30,53
30,115
30,664
30,125
30,199
30,40
30,73
30,15
30,989
30,61
30,23
30,33
30,383
30,299
30,19
30,20
30,28
30,10
30,50
29,42
30,52
30,55
30,102
30,404
30,284
30,447
30,126
30,215
30,76
30,245
9,175
30,440
30,595
30,410
30,509
30,217
30,44
30,149
30,1066
30,304
30,499
30,332
30,298
30,194
30,227
30,419
27,1186
30,1078
30,167
30,54
30,152
30,187
30,221
30,81
22,1081
30,233
30,114
30,260
25,57
30,483
30,150
38,294
30,370
30,24
30,132
30,3
30,144
30,5
30,7
30,1237
30,9
30,4
30,70
30,2
30,79
30,153
30,14
30,72
30,25
30,8
30,21
30,26
49,51
30,17
30,1238
30,47
30,27
30,424
30,120
30,122
30,134
30,789
30,909
30,397
30,182
30,481
30,630
18,454
30,100
30,101
30,283
30,133
30,207
30,59
30,239
30,268
30,159
30,281
30,62
30,337
30,49
30,718
30,83
30,118
30,191
30,16
30,491
30,146
30,87
30,469
30,123
30,82
30,515
30,80
30,557
30,68
30,295
30,1191
30,879
30,666
30,325
30,992
30,420
30,462
30,1074
30,355
30,136
30,358
30,269
30,67
18,271
30,1117
30,1160
30,438
30,244
30,11
30,18
30,235
30,155
30,237
30,305
30,402
28,116
30,148
30,263
30,34
30,145
30,166
30,205
45,405
30,41
30,985
30,107
30,154
30,923
30,314
25,345
30,113
30,158
30,815
30,142
22,77
30,468
28,377
30,135
30,119
30,29
30,106
30,147
30,1050
30,196
29,1102
30,857
29,479
30,376
30,1179
30,1011
30,687
30,711
30,429
30,699
30,935
30,201
30,873
30,319
30,60
30,162
30,651
30,90
30,369
30,663
30,309
30,643
30,523
30,160
30,48
30,407
30,774
30,226
30,38
30,6
30,359
30,431
29,12
30,32
30,1
30,46
41,31
43,96
