44,753
43,746
46,76
25,762
30,775
45,512
38,668
54,486
30,706
43,696
61,758
60,699
8,780
29,260
8,711
35,691
15,499
29,796
51,45
54,130
8,206
24,89
21,669
71,632
60,735
38,703
57,724
58,790
25,756
59,782
15,754
27,169
4,777
8,716
55,759
64,761
23,123
5,755
30,774
24,663
42,661
45,788
53,583
33,511
58,739
21,694
15,577
26,690
69,606
7,752
25,767
40,747
75,685
24,383
60,766
20,63
29,713
5,468
30,127
52,679
46,741
15,750
58,672
19,619
58,727
75,742
22,693
18,722
54,717
73,714
46,528
16,504
61,608
21,660
21,510
58,605
58,698
16,728
41,634
45,635
60,526
1,574
45,502
8,417
53,372
66,537
69,473
45,432
58,544
18,282
40,589
40,337
18,557
52,224
52,710
15,721
24,626
55,385
56,529
61,405
51,395
48,426
62,617
30,595
58,671
10,552
50,515
60,666
7,667
75,551
7,615
52,603
38,683
34,522
8,569
21,680
75,505
18,627
25,516
18,723
48,686
62,466
58,719
6,725
61,689
46,637
58,564
47,568
38,286
58,306
29,464
29,453
69,436
59,313
29,28
43,329
40,77
42,218
61,268
61,494
61,440
61,514
62,449
46,769
39,378
40,65
39,783
61,598
8,700
38,625
61,720
60,654
50,662
46,452
55,597
21,256
42,438
49,105
14,240
76,673
21,590
62,612
44,638
51,533
6,622
75,565
51,563
62,664
58,506
6,670
40,692
40,675
60,348
59,541
51,381
62,459
17,584
47,618
29,548
8,546
70,650
4,384
52,408
42,358
39,312
18,779
8,27
68,642
51,718
40,441
53,740
59,592
63,300
62,518
55,227
59,211
54,628
59,213
2,99
13,443
54,639
5,677
4,35
75,155
62,392
58,195
62,98
62,174
13,30
28,462
56,237
61,393
56,422
54,226
51,542
20,298
8,376
58,294
60,305
30,580
67,198
32,331
32,336
58,134
54,192
59,315
56,196
67,682
50,540
60,591
31,148
44,391
30,271
63,547
67,567
8,653
59,704
52,418
51,280
58,630
63,415
38,463
5,687
33,594
61,357
54,360
70,434
62,550
18,629
17,536
8,490
40,368
31,140
43,520
22,125
58,302
40,458
75,11
45,100
58,517
25,141
8,343
30,480
32,308
38,325
46,461
17,245
58,623
69,531
16,364
61,497
47,521
15,534
53,684
29,460
5,601
36,620
14,543
60,715
61,139
62,420
58,212
28,142
30,610
28,651
58,586
6,151
45,425
25,423
8,508
72,73
54,401
49,347
59,539
54,498
45,399
52,561
59,538
63,640
56,621
62,487
61,475
40,649
40,562
59,575
58,571
62,611
61,316
42,648
17,633
75,712
57,442
58,613
40,407
59,350
62,409
54,554
18,410
12,489
6,122
9,176
6,448
60,607
45,501
61,695
20,614
75,532
60,446
58,560
63,301
59,194
60,205
27,207
21,162
62,582
59,335
58,168
7,143
45,208
5,369
63,103
52,588
61,573
62,397
75,281
70,555
61,248
58,307
28,344
62,108
7,25
6,332
18,279
6,362
7,230
52,55
61,12
57,363
60,530
61,323
17,81
60,373
60,513
61,545
50,328
44,527
37,173
61,375
62,152
63,394
16,219
58,359
60,604
35,479
60,341
59,587
50,299
58,330
13,241
50,234
58,370
41,471
58,600
57,503
58,412
3,636
6,467
6,658
6,674
6,193
61,470
55,36
59,8
60,201
58,20
50,246
62,214
32,69
61,435
6,292
61,437
24,295
5,225
17,197
58,317
6,238
62,356
57,112
62,94
62,297
51,60
63,95
75,183
39,342
61,43
6,85
58,191
61,274
25,215
61,189
77,164
59,175
61,101
75,19
61,167
58,411
8,239
6,760
75,652
17,86
5,396
58,365
7,380
61,107
54,229
58,153
54,377
58,158
47,456
58,293
56,483
62,137
56,172
5,252
8,52
62,190
67,304
62,303
58,257
6,314
31,146
58,171
58,92
8,91
28,382
49,79
5,414
61,185
58,145
61,147
61,265
59,113
61,150
58,7
6,129
58,242
63,26
58,138
75,309
63,477
63,157
75,184
58,41
3,10
62,136
5,254
42,2
14,126
60,154
61,61
28,266
6,3
49,144
75,71
6,128
58,272
62,439
11,178
62,121
61,102
6,643
6,339
8,324
58,83
45,80
6,88
61,296
61,288
58,259
75,6
62,42
58,495
63,232
58,163
58,1
58,366
5,4
61,261
12,29
58,119
58,519
58,289
60,419
58,51
58,48
58,402
61,22
56,54
25,40
61,97
61,333
58,32
18,578
8,602
6,131
58,135
60,57
58,132
58,18
60,14
61,179
62,275
58,349
61,283
8,455
61,481
58,285
62,210
61,59
61,104
58,9
59,263
61,39
58,284
60,220
57,5
61,233
57,264
6,223
61,222
58,398
58,576
6,451
62,231
62,253
35,374
58,16
6,556
5,277
62,367
62,244
62,44
58,114
58,353
58,318
8,90
61,120
58,186
58,523
6,249
62,118
75,68
62,93
58,64
62,404
31,267
58,250
27,310
6,361
59,430
6,177
62,72
58,371
57,78
8,270
61,273
63,31
62,47
58,62
58,17
61,96
56,161
75,74
61,334
58,46
6,156
58,116
58,23
6,75
63,56
61,216
27,326
58,255
60,67
58,37
58,478
62,278
58,159
5,209
61,379
62,200
58,509
62,319
62,235
58,447
75,221
58,228
57,188
58,702
61,49
62,269
58,133
61,87
6,428
58,688
58,581
58,596
56,389
61,655
61,553
75,599
58,549
62,641
58,570
58,124
63,646
58,579
58,388
55,676
62,624
6,678
57,705
45,287
75,482
74,387
6,525
75,491
62,492
62,485
57,558
61,400
65,406
61,416
58,390
6,465
8,665
8,450
63,165
8,322
58,496
58,320
58,170
58,354
58,352
6,431
58,58
58,243
58,340
58,559
58,444
58,609
58,457
58,403
63,507
58,276
6,476
55,38
6,202
58,351
58,355
75,433
61,111
58,109
61,338
58,50
58,182
61,203
6,33
58,386
58,474
58,795
58,701
58,781
58,262
62,792
58,794
8,793
58,770
58,290
58,115
8,524
68,34
58,13
61,21
6,15
58,708
75,797
8,737
8,736
58,180
58,786
62,773
58,745
58,771
61,734
58,709
58,731
57,772
58,251
58,743
58,236
58,748
58,749
58,798
58,787
75,445
58,187
58,217
75,732
75,493
8,566
8,657
75,656
8,454
58,427
8,585
8,535
75,659
58,697
56,149
58,84
58,789
8,321
9,744
8,488
58,106
58,199
8,82
8,751
58,429
75,616
58,785
58,593
58,778
58,469
58,765
75,484
58,738
58,204
65,311
58,733
58,726
75,327
75,729
75,345
58,258
58,730
75,707
58,631
8,768
8,500
8,644
8,791
58,110
58,681
75,166
58,764
75,424
57,757
58,413
8,647
58,784
58,472
75,763
75,776
8,572
8,66
58,53
8,117
58,645
75,70
8,247
8,346
8,181
8,24
58,291
8,421
8,160
