11,89
13,112
14,33
4,49
15,80
2,113
20,41
2,120
4,65
20,81
24,168
1,67
12,76
5,29
17,189
2,104
23,122
6,75
17,23
17,87
23,121
17,96
17,82
1,28
17,140
17,92
17,117
17,272
17,50
23,102
17,148
23,107
17,68
17,162
17,85
23,56
23,98
6,97
2,60
17,146
17,161
17,22
15,235
19,84
17,20
17,95
17,201
23,42
17,79
17,101
23,70
19,69
23,105
23,58
17,78
17,200
17,55
17,115
17,40
17,88
17,209
17,57
17,114
23,34
17,156
17,77
17,47
17,27
17,91
17,93
17,190
4,63
12,45
15,240
17,138
17,66
17,171
17,26
17,46
17,61
17,31
17,90
23,35
17,15
17,59
12,25
17,232
17,271
17,62
17,19
17,71
17,268
17,244
13,247
17,175
17,264
17,133
17,109
1,43
23,127
17,248
17,249
23,254
17,198
17,221
16,218
17,181
23,158
15,233
16,74
23,5
17,106
17,110
17,126
17,267
1,257
17,3
13,94
13,170
17,119
17,183
17,216
22,178
23,202
23,179
16,172
15,2
4,212
23,224
23,118
23,180
19,13
15,73
23,86
9,261
22,30
23,225
17,160
23,154
17,103
9,228
4,37
23,217
22,124
6,153
17,111
23,182
17,83
22,108
4,166
23,32
23,197
23,184
23,164
9,125
17,53
23,36
15,208
19,152
23,236
17,177
17,203
20,219
23,130
9,129
23,187
22,196
17,48
19,173
13,193
17,100
13,17
23,137
9,252
15,147
22,139
23,195
13,151
13,64
13,207
15,188
23,222
13,215
23,234
22,205
6,143
23,211
23,21
17,51
17,54
6,157
4,131
23,255
19,256
23,223
23,134
23,144
15,231
22,199
17,176
17,220
13,270
23,149
19,185
23,210
3,136
23,260
23,167
17,259
22,123
23,262
13,194
6,52
19,214
23,241
13,132
23,204
15,237
23,44
22,169
15,229
23,159
23,10
13,163
23,7
1,239
21,243
23,269
19,266
8,227
22,186
17,145
15,238
23,213
17,191
23,245
19,18
6,38
20,258
17,250
19,230
8,242
20,251
17,246
6,141
8,135
17,165
15,174
15,253
8,265
8,155
23,273
9,1
15,150
23,142
23,192
14,72
7,4
22,9
22,128
12,263
22,206
3,14
15,24
9,226
21,12
18,99
17,116
20,39
22,16
17,8
17,6
10,11
