26,753
25,746
28,76
17,762
20,775
27,512
24,668
32,486
20,706
25,696
35,758
35,699
6,780
19,260
6,711
23,691
11,499
19,796
31,45
32,130
6,206
17,89
14,669
40,632
35,735
24,703
33,724
33,790
17,756
34,782
11,754
18,169
3,777
6,716
33,759
36,761
16,123
4,755
20,774
17,663
25,661
27,788
32,583
22,511
33,739
14,694
11,577
17,690
39,606
5,752
17,767
24,747
43,685
17,383
35,766
13,63
19,713
4,468
20,127
32,679
28,741
11,750
33,672
12,619
33,727
43,742
15,693
12,722
32,717
42,714
28,528
12,504
35,608
14,660
14,510
33,605
33,698
12,728
24,634
27,635
35,526
1,574
27,502
6,417
32,372
37,537
39,473
27,432
33,544
12,282
24,589
24,337
12,557
32,224
32,710
11,721
17,626
33,385
33,529
35,405
31,395
28,426
35,617
20,595
33,671
8,552
30,515
35,666
5,667
43,551
5,615
32,603
24,683
22,522
6,569
14,680
43,505
12,627
17,516
12,723
28,686
35,466
33,719
4,725
35,689
28,637
33,564
28,568
24,286
33,306
19,464
19,453
39,436
34,313
19,28
25,329
24,77
25,218
35,268
35,494
35,440
35,514
35,449
28,769
24,378
24,65
24,783
35,598
6,700
24,625
35,720
35,654
30,662
28,452
33,597
14,256
25,438
29,105
10,240
44,673
14,590
35,612
26,638
31,533
4,622
43,565
31,563
35,664
33,506
4,670
24,692
24,675
35,348
34,541
31,381
35,459
12,584
28,618
19,548
6,546
40,650
3,384
32,408
25,358
24,312
12,779
6,27
38,642
31,718
24,441
32,740
34,592
36,300
35,518
33,227
34,211
32,628
34,213
2,99
10,443
32,639
4,677
3,35
43,155
35,392
33,195
35,98
35,174
10,30
19,462
33,237
35,393
33,422
32,226
31,542
13,298
6,376
33,294
35,305
20,580
38,198
21,331
21,336
33,134
32,192
34,315
33,196
38,682
30,540
35,591
21,148
26,391
20,271
36,547
38,567
6,653
34,704
32,418
31,280
33,630
36,415
24,463
4,687
22,594
35,357
32,360
40,434
35,550
12,629
12,536
6,490
24,368
21,140
25,520
15,125
33,302
24,458
43,11
27,100
33,517
17,141
6,343
20,480
21,308
24,325
28,461
12,245
33,623
39,531
12,364
35,497
28,521
11,534
32,684
19,460
4,601
23,620
10,543
35,715
35,139
35,420
33,212
19,142
20,610
19,651
33,586
4,151
27,425
17,423
6,508
41,73
32,401
29,347
34,539
32,498
27,399
32,561
34,538
36,640
33,621
35,487
35,475
24,649
24,562
34,575
33,571
35,611
35,316
25,648
12,633
43,712
33,442
33,613
24,407
34,350
35,409
32,554
12,410
9,489
4,122
7,176
4,448
35,607
27,501
35,695
13,614
43,532
35,446
33,560
36,301
34,194
35,205
18,207
14,162
35,582
34,335
33,168
5,143
27,208
4,369
36,103
32,588
35,573
35,397
43,281
40,555
35,248
33,307
19,344
35,108
5,25
4,332
12,279
4,362
5,230
32,55
35,12
33,363
35,530
35,323
12,81
35,373
35,513
35,545
30,328
26,527
23,173
35,375
35,152
36,394
12,219
33,359
35,604
23,479
35,341
34,587
30,299
33,330
10,241
30,234
33,370
24,471
33,600
33,503
33,412
3,636
4,467
4,658
4,674
4,193
35,470
33,36
34,8
35,201
33,20
30,246
35,214
21,69
35,435
4,292
35,437
17,295
4,225
12,197
33,317
4,238
35,356
33,112
35,94
35,297
31,60
36,95
43,183
24,342
35,43
4,85
33,191
35,274
17,215
35,189
45,164
34,175
35,101
43,19
35,167
33,411
6,239
4,760
43,652
12,86
4,396
33,365
5,380
35,107
32,229
33,153
32,377
33,158
28,456
33,293
33,483
35,137
33,172
4,252
6,52
35,190
38,304
35,303
33,257
4,314
21,146
33,171
33,92
6,91
19,382
29,79
4,414
35,185
33,145
35,147
35,265
34,113
35,150
33,7
4,129
33,242
36,26
33,138
43,309
36,477
36,157
43,184
33,41
3,10
35,136
4,254
25,2
10,126
35,154
35,61
19,266
4,3
29,144
43,71
4,128
33,272
35,439
8,178
35,121
35,102
4,643
4,339
6,324
33,83
27,80
4,88
35,296
35,288
33,259
43,6
35,42
33,495
36,232
33,163
33,1
33,366
4,4
35,261
9,29
33,119
33,519
33,289
35,419
33,51
33,48
33,402
35,22
33,54
17,40
35,97
35,333
33,32
12,578
6,602
4,131
33,135
35,57
33,132
33,18
35,14
35,179
35,275
33,349
35,283
6,455
35,481
33,285
35,210
35,59
35,104
33,9
34,263
35,39
33,284
35,220
33,5
35,233
33,264
4,223
35,222
33,398
33,576
4,451
35,231
35,253
23,374
33,16
4,556
4,277
35,367
35,244
35,44
33,114
33,353
33,318
6,90
35,120
33,186
33,523
4,249
35,118
43,68
35,93
33,64
35,404
21,267
33,250
18,310
4,361
34,430
4,177
35,72
33,371
33,78
6,270
35,273
36,31
35,47
33,62
33,17
35,96
33,161
43,74
35,334
33,46
4,156
33,116
33,23
4,75
36,56
35,216
18,326
33,255
35,67
33,37
33,478
35,278
33,159
4,209
35,379
35,200
33,509
35,319
35,235
33,447
43,221
33,228
33,188
33,702
35,49
35,269
33,133
35,87
4,428
33,688
33,581
33,596
33,389
35,655
35,553
43,599
33,549
35,641
33,570
33,124
36,646
33,579
33,388
33,676
35,624
4,678
33,705
27,287
43,482
42,387
4,525
43,491
35,492
35,485
33,558
35,400
37,406
35,416
33,390
4,465
6,665
6,450
36,165
6,322
33,496
33,320
33,170
33,354
33,352
4,431
33,58
33,243
33,340
33,559
33,444
33,609
33,457
33,403
36,507
33,276
4,476
33,38
4,202
33,351
33,355
43,433
35,111
33,109
35,338
33,50
33,182
35,203
4,33
33,386
33,474
33,795
33,701
33,781
33,262
35,792
33,794
6,793
33,770
33,290
33,115
6,524
38,34
33,13
35,21
4,15
33,708
43,797
6,737
6,736
33,180
33,786
35,773
33,745
33,771
35,734
33,709
33,731
33,772
33,251
33,743
33,236
33,748
33,749
33,798
33,787
43,445
33,187
33,217
43,732
43,493
6,566
6,657
43,656
6,454
33,427
6,585
6,535
43,659
33,697
33,149
33,84
33,789
6,321
7,744
6,488
33,106
33,199
6,82
6,751
33,429
43,616
33,785
33,593
33,778
33,469
33,765
43,484
33,738
33,204
37,311
33,733
33,726
43,327
43,729
43,345
33,258
33,730
43,707
33,631
6,768
6,500
6,644
6,791
33,110
33,681
43,166
33,764
43,424
33,757
33,413
6,647
33,784
33,472
43,763
43,776
6,572
6,66
33,53
6,117
33,645
43,70
6,247
6,346
6,181
6,24
33,291
6,421
6,160
