4,462
4,334
4,437
4,570
4,596
4,564
4,213
4,405
4,374
4,419
4,415
4,357
4,403
4,396
4,295
4,291
4,394
4,414
4,603
4,527
4,493
4,263
4,382
4,439
4,339
4,387
4,363
4,255
4,207
4,337
4,362
4,408
4,298
4,401
4,253
4,356
4,384
4,413
4,368
4,317
4,286
4,325
4,389
4,488
4,432
4,297
4,257
4,379
4,388
4,311
4,573
4,453
4,391
4,509
4,407
4,380
4,395
4,134
4,423
4,463
4,305
4,179
4,233
4,468
4,404
4,452
4,461
4,321
4,443
4,445
4,385
4,381
4,429
4,377
4,544
4,517
4,543
2,434
4,557
4,524
4,569
4,538
4,539
4,560
4,568
4,498
4,410
4,265
4,276
4,520
4,326
4,549
4,536
4,597
4,446
4,608
4,282
4,307
4,426
5,537
4,571
4,598
4,360
4,402
4,607
4,440
4,427
4,430
4,469
4,361
4,567
4,559
4,555
4,599
4,457
4,575
4,578
4,422
4,167
4,260
4,482
4,467
4,523
4,474
4,518
4,460
4,485
4,466
4,484
4,478
4,476
6,458
4,604
4,616
4,398
4,561
4,358
4,315
4,438
4,456
4,546
4,565
4,455
4,352
4,448
4,375
4,424
4,487
4,450
4,181
4,617
4,470
4,428
4,320
4,481
4,601
4,581
4,412
4,496
4,500
4,505
4,610
4,492
4,591
4,586
4,503
4,605
4,472
4,519
4,522
4,441
4,347
4,247
4,587
4,600
4,525
4,589
4,313
4,551
4,308
4,281
4,563
4,491
4,324
4,494
4,431
4,535
4,506
4,489
4,471
4,486
4,531
4,270
4,508
4,365
4,582
4,261
4,572
4,206
4,333
4,201
4,444
4,238
4,532
4,244
4,515
4,228
4,590
4,274
4,275
4,293
4,214
4,550
4,355
4,300
4,367
4,376
4,372
4,553
4,230
4,222
4,310
4,198
4,435
4,383
4,169
4,287
4,548
4,272
4,386
4,204
4,306
4,364
4,335
4,354
4,359
4,514
4,199
4,436
4,323
4,399
4,177
4,235
4,328
4,521
4,547
4,196
4,256
4,417
4,301
4,187
4,231
4,353
4,421
4,473
4,454
4,344
4,219
4,322
4,397
4,371
4,400
4,237
4,449
4,366
4,451
4,442
4,285
4,176
4,545
4,269
4,280
4,409
4,416
4,172
4,420
4,192
4,223
4,392
4,530
4,507
4,585
4,584
4,528
4,574
4,350
4,533
4,369
3,592
4,162
4,343
4,232
4,259
4,346
4,224
4,211
4,502
4,227
4,266
4,327
4,243
4,252
4,378
4,197
4,290
4,215
4,248
4,314
4,336
4,342
4,296
4,288
4,338
4,370
4,168
4,225
4,229
4,279
4,292
4,341
4,318
4,526
4,241
4,249
4,110
4,216
4,283
4,475
4,542
4,299
4,490
4,351
4,240
4,303
4,656
4,330
4,329
4,316
4,319
4,294
4,271
4,579
4,529
4,411
4,497
4,309
4,390
4,234
4,312
4,254
4,264
4,418
4,111
4,251
4,149
4,146
4,128
4,138
4,178
4,191
4,166
4,96
4,593
4,103
4,139
4,144
4,217
4,210
4,208
4,194
4,158
4,153
4,159
4,157
4,140
4,104
4,566
4,101
4,130
4,556
4,125
4,480
4,106
4,145
4,425
4,459
4,107
4,245
4,332
4,331
4,203
4,189
3,477
4,117
4,170
4,302
4,115
4,349
4,273
4,122
4,226
4,513
4,340
4,501
4,594
4,595
4,534
4,611
4,161
4,156
4,221
4,123
4,180
4,188
4,127
4,108
4,82
4,588
4,160
4,70
4,541
4,193
4,202
4,183
4,209
4,246
4,133
4,174
4,200
4,182
4,348
4,433
4,464
4,583
4,465
4,554
4,576
4,602
4,606
4,147
4,218
4,483
4,53
4,447
4,504
4,552
4,609
4,540
4,580
4,577
4,258
4,406
4,615
4,612
4,620
4,619
4,63
4,499
4,129
4,562
4,164
4,81
4,61
4,190
4,236
4,155
4,220
4,5
4,11
4,49
4,284
4,345
4,479
4,510
4,653
4,495
4,262
4,267
4,242
4,250
4,660
4,558
4,304
4,34
4,32
4,126
4,12
4,18
4,77
4,25
4,23
4,95
4,47
4,36
4,88
4,121
4,31
4,33
4,118
4,87
4,175
4,185
4,69
4,28
4,30
4,114
4,72
4,119
4,20
4,19
3,85
2,26
4,24
4,98
4,56
3,38
4,21
4,22
4,86
4,43
4,73
4,75
4,65
4,44
4,79
4,74
4,116
4,105
4,55
4,58
4,135
4,93
4,154
4,165
4,57
4,278
4,212
4,124
4,137
4,52
4,120
4,68
4,71
4,143
4,60
4,163
4,195
4,39
4,59
4,268
4,131
4,92
4,91
4,67
4,42
4,64
4,89
4,6
4,3
4,14
4,99
4,41
4,35
4,141
4,7
4,9
4,16
4,136
4,277
4,15
4,8
4,50
4,90
4,48
4,184
4,51
4,37
4,1
4,2
4,4
4,13
4,46
4,151
4,171
4,186
4,173
4,239
4,29
4,27
4,112
4,97
4,66
4,83
4,152
4,17
4,10
4,76
4,54
4,373
4,142
4,150
4,113
4,205
4,148
4,80
4,102
4,109
4,40
4,62
4,94
4,84
4,45
3,655
3,659
4,393
4,650
4,613
2,649
4,516
4,289
3,647
6,621
6,614
6,511
6,100
6,636
6,622
6,626
6,632
6,634
6,642
6,624
6,633
6,646
6,623
6,631
6,635
6,641
6,643
6,630
6,628
6,625
6,648
6,638
6,644
6,640
3,627
6,645
3,639
3,629
2,637
1,132
4,662
1,661
4,652
4,658
1,657
1,654
3,618
4,651
1,512
1,78
