8,89
10,112
11,33
2,49
12,80
1,113
15,41
1,120
2,65
15,81
17,168
1,67
9,76
2,29
12,189
1,104
16,122
3,75
12,23
12,87
16,121
12,96
12,82
1,28
12,140
12,92
12,117
12,272
12,50
16,102
12,148
16,107
12,68
12,162
12,85
16,56
16,98
3,97
1,60
12,146
12,161
12,22
12,235
14,84
12,20
12,95
12,201
16,42
12,79
12,101
16,70
14,69
16,105
16,58
12,78
12,200
12,55
12,115
12,40
12,88
12,209
12,57
12,114
16,34
12,156
12,77
12,47
12,27
12,91
12,93
12,190
2,63
9,45
12,240
12,138
12,66
12,171
12,26
12,46
12,61
12,31
12,90
16,35
12,15
12,59
9,25
12,232
12,271
12,62
12,19
12,71
12,268
12,244
10,247
12,175
12,264
12,133
12,109
1,43
16,127
12,248
12,249
16,254
12,198
12,221
12,218
12,181
16,158
12,233
12,74
16,5
12,106
12,110
12,126
12,267
1,257
12,3
10,94
10,170
12,119
12,183
12,216
16,178
16,202
16,179
12,172
12,2
2,212
16,224
16,118
16,180
14,13
12,73
16,86
6,261
16,30
16,225
12,160
16,154
12,103
6,228
2,37
16,217
16,124
3,153
12,111
16,182
12,83
16,108
2,166
16,32
16,197
16,184
16,164
6,125
12,53
16,36
12,208
14,152
16,236
12,177
12,203
15,219
16,130
6,129
16,187
16,196
12,48
14,173
10,193
12,100
10,17
16,137
6,252
12,147
16,139
16,195
10,151
10,64
10,207
12,188
16,222
10,215
16,234
16,205
3,143
16,211
16,21
12,51
12,54
3,157
2,131
16,255
14,256
16,223
16,134
16,144
12,231
16,199
12,176
12,220
10,270
16,149
14,185
16,210
2,136
16,260
16,167
12,259
16,123
16,262
10,194
3,52
14,214
16,241
10,132
16,204
12,237
16,44
16,169
12,229
16,159
16,10
10,163
16,7
1,239
15,243
16,269
14,266
5,227
16,186
12,145
12,238
16,213
12,191
16,245
14,18
3,38
15,258
12,250
14,230
5,242
15,251
12,246
3,141
5,135
12,165
12,174
12,253
5,265
5,155
16,273
6,1
12,150
16,142
16,192
11,72
4,4
16,9
16,128
9,263
16,206
2,14
12,24
6,226
15,12
13,99
12,116
15,39
16,16
12,8
12,6
7,11
