39,135
25,167
2,130
11,219
10,278
59,276
39,223
84,192
31,162
24,325
86,201
82,287
67,343
43,265
31,299
16,319
5,235
17,382
26,341
18,141
10,123
17,182
11,381
5,304
15,395
36,418
10,378
26,448
22,222
5,298
11,349
39,449
82,396
28,87
63,406
68,76
82,455
16,405
10,364
11,397
18,311
43,458
17,463
44,473
82,467
36,13
44,36
17,215
82,153
10,344
82,432
59,438
19,371
59,322
5,279
31,216
82,194
35,307
44,294
84,121
84,208
14,470
63,421
34,474
31,54
82,6
36,52
44,303
10,138
48,224
82,380
82,433
36,63
34,110
82,331
78,379
48,315
34,35
84,353
10,246
48,321
82,360
44,317
48,392
44,146
82,372
78,269
17,180
84,460
43,387
19,206
48,189
10,273
31,383
44,231
44,357
84,242
27,476
48,258
28,237
82,184
82,106
84,103
44,115
28,114
84,156
48,295
44,89
82,462
63,339
82,61
9,176
82,79
84,97
84,197
17,165
18,318
32,227
35,290
32,270
54,388
10,301
75,400
82,284
28,232
43,267
82,347
14,257
48,183
75,332
9,209
9,255
18,291
35,217
75,327
44,384
44,158
59,456
35,239
43,316
75,359
48,305
5,8
48,342
43,60
60,401
82,336
43,323
48,187
43,233
43,252
35,157
68,101
43,124
43,296
84,171
82,72
84,49
10,179
87,127
43,109
75,57
7,113
48,37
84,166
82,147
75,86
82,45
35,111
43,82
82,186
82,102
9,33
48,168
43,71
84,51
28,320
36,66
82,75
61,172
35,408
75,12
84,454
84,361
48,466
82,338
82,414
16,160
49,459
11,354
10,461
75,434
48,11
54,425
31,377
43,398
84,435
14,285
9,328
43,90
75,196
43,281
43,253
28,211
43,203
50,272
44,329
54,247
84,429
43,345
43,245
27,236
44,370
44,373
68,148
54,261
84,251
28,250
75,404
34,170
43,243
73,326
75,140
57,205
11,260
18,221
84,126
44,154
48,155
31,14
51,293
84,375
82,202
27,42
75,297
43,367
84,175
35,362
84,145
10,210
28,150
52,151
43,200
27,161
43,83
62,96
43,207
35,213
27,137
43,214
43,330
82,104
43,108
35,59
84,313
9,85
84,47
84,95
48,136
43,228
43,68
48,44
11,300
28,366
75,363
36,457
84,465
9,444
61,346
84,259
33,283
43,144
49,142
28,174
39,314
75,193
32,149
75,164
54,262
39,356
43,185
28,81
48,92
84,107
43,229
32,129
75,70
9,84
9,352
84,77
84,99
27,351
43,306
54,58
84,139
82,248
43,119
73,152
75,238
44,181
84,374
35,254
59,302
76,134
84,310
47,169
54,451
27,427
21,73
35,67
69,26
11,46
44,178
48,391
63,266
84,440
60,424
84,422
75,348
82,416
62,7
64,478
82,32
27,280
75,1
43,376
84,275
43,439
43,389
44,446
63,407
84,472
13,218
9,204
9,241
83,264
27,274
80,105
84,100
20,177
75,282
84,125
75,368
65,442
43,34
42,369
84,420
38,355
79,244
20,98
47,234
48,249
62,337
87,324
27,308
48,402
52,212
9,292
84,413
62,65
81,56
43,195
46,230
72,9
9,415
45,94
43,394
28,15
29,277
43,286
64,118
60,120
43,436
35,417
43,64
39,78
88,74
74,220
63,426
57,477
77,271
75,410
51,365
84,334
5,335
25,412
50,288
84,112
40,132
14,464
36,256
60,431
1,358
31,173
74,268
79,131
69,447
43,468
12,199
84,289
83,471
27,445
21,163
43,430
71,27
78,21
40,80
82,423
23,93
9,191
11,50
9,69
30,240
80,122
31,39
39,159
32,5
74,31
6,40
29,23
55,263
37,4
10,225
37,411
88,312
34,469
35,190
18,399
43,333
8,437
9,62
65,128
58,198
85,390
43,25
32,30
13,24
65,17
39,55
37,143
1,450
28,385
3,419
41,41
7,20
40,428
9,133
74,117
79,226
5,453
35,91
4,53
18,43
82,48
71,22
84,18
46,88
70,116
87,16
50,38
85,188
84,309
66,403
9,29
41,340
81,350
66,441
9,393
11,3
55,452
7,443
40,19
66,28
56,386
23,2
53,409
33,475
39,10
