1,712
1,728
1,737
1,724
1,701
1,600
5,618
1,508
1,646
1,654
1,656
1,505
1,719
1,739
1,643
1,669
1,664
1,504
5,686
1,616
1,729
1,677
5,596
1,633
5,734
5,718
1,715
1,723
1,702
5,545
1,685
1,671
1,722
1,571
1,406
1,720
1,512
1,756
1,735
5,727
1,370
1,546
1,364
1,427
1,621
5,564
1,351
1,521
1,632
1,732
5,687
1,659
1,526
1,604
1,731
1,705
1,615
1,601
1,506
1,672
1,714
1,611
1,644
5,708
5,479
1,648
1,559
1,588
1,547
5,710
1,667
1,581
1,469
1,553
1,647
5,636
1,638
1,562
1,688
1,585
5,520
1,262
1,630
1,560
1,613
1,419
1,699
1,476
1,590
1,456
1,529
1,570
1,623
1,662
1,272
1,401
1,524
5,403
1,609
5,321
1,346
1,649
1,645
1,386
1,368
1,661
1,652
1,706
1,461
5,284
1,625
5,550
1,586
5,670
1,634
1,610
1,703
1,543
1,683
5,352
1,721
5,568
5,363
1,208
1,535
5,541
1,379
5,497
1,418
2,528
1,444
5,640
1,695
1,607
1,655
1,591
5,680
1,573
1,673
4,696
3,593
5,400
1,709
1,658
1,657
1,540
1,446
1,393
5,319
5,453
1,660
5,438
1,462
5,507
3,744
1,675
1,287
1,264
1,192
1,484
1,679
5,347
1,460
1,605
1,390
5,382
1,405
1,236
1,454
1,578
1,247
5,488
5,378
1,522
5,407
5,425
5,502
1,330
5,373
5,276
5,483
5,285
1,274
5,435
5,491
1,249
1,415
5,515
5,441
1,514
5,374
5,486
5,327
5,381
5,377
5,487
5,429
5,574
5,542
5,463
5,525
5,450
5,455
1,493
1,220
5,238
5,320
5,243
5,413
1,387
5,316
5,354
5,443
5,492
3,397
1,189
1,412
5,150
5,404
5,248
5,537
1,241
5,385
5,299
5,211
1,408
5,232
5,306
5,430
5,464
5,577
5,494
1,567
1,258
5,384
5,255
5,627
5,235
5,270
5,181
5,177
5,532
5,594
5,608
1,421
1,296
5,383
5,694
5,414
1,503
5,411
5,556
5,442
5,513
5,361
5,642
5,209
5,329
5,348
5,325
5,475
5,227
5,449
5,283
5,436
5,307
5,239
5,162
5,266
5,434
5,212
5,297
5,196
5,184
5,301
5,223
5,345
5,259
5,500
5,197
3,490
5,579
5,554
5,392
5,641
5,576
5,480
5,228
5,290
5,288
5,253
5,372
5,440
5,350
5,225
5,375
5,252
5,278
5,176
5,598
5,575
5,395
3,626
5,472
5,416
5,231
5,206
5,595
5,240
5,628
5,561
5,268
5,582
1,277
5,275
5,154
5,201
5,603
5,185
5,750
5,747
5,755
5,745
5,758
5,653
5,760
5,757
5,753
5,742
5,748
5,752
5,746
5,749
5,751
5,743
5,761
1,523
5,552
1,527
5,467
5,332
5,549
5,451
5,530
5,353
5,366
5,221
5,359
5,256
5,322
5,555
5,254
5,280
5,202
5,485
1,291
5,237
5,355
5,300
5,424
5,340
5,519
5,580
5,459
5,389
5,614
5,282
5,544
5,265
5,433
1,380
5,289
5,589
5,305
5,439
5,651
5,311
5,309
5,637
5,639
5,445
5,224
5,668
5,344
5,597
5,587
5,251
5,207
5,315
5,230
5,631
5,195
5,312
5,295
5,698
1,516
5,388
5,313
5,612
5,399
5,509
5,563
5,367
5,583
5,557
5,409
5,716
5,398
5,394
5,622
5,432
5,437
5,465
5,635
5,458
5,410
5,293
5,468
5,539
1,267
5,334
5,349
5,343
5,362
5,428
5,606
5,338
5,302
5,260
5,242
5,357
5,308
5,342
5,518
5,717
5,331
5,182
5,175
5,279
5,261
5,365
5,689
5,510
5,551
5,423
5,304
5,326
5,318
5,726
5,697
5,269
5,681
5,707
5,317
5,617
5,693
1,692
5,629
5,725
5,730
5,676
5,496
5,323
5,666
5,736
5,691
5,733
5,569
5,682
5,665
5,489
5,538
5,548
1,402
5,599
5,481
5,263
5,452
5,572
5,482
5,584
5,558
5,498
5,213
5,501
5,200
5,391
5,376
5,624
5,704
5,324
5,678
5,273
5,360
1,180
5,470
5,690
5,198
5,333
5,740
5,466
5,471
5,328
5,294
5,188
5,286
5,448
5,203
5,193
5,244
1,592
5,684
5,565
5,663
5,536
5,298
1,137
5,336
5,341
5,166
5,229
5,310
5,271
5,199
5,763
5,764
5,754
5,149
5,191
5,257
1,194
5,499
5,110
1,292
5,426
5,369
5,477
5,602
5,219
5,422
5,478
5,358
5,142
5,711
5,533
5,126
5,431
5,417
5,64
5,112
5,172
5,65
5,114
5,25
5,218
5,81
5,741
5,122
5,23
5,46
5,152
5,566
5,30
5,70
5,123
5,179
5,76
5,100
5,7
5,214
5,128
5,473
5,447
5,335
5,650
5,19
5,51
5,770
5,40
5,98
5,26
5,173
5,132
5,120
5,700
5,738
5,303
5,215
5,155
5,713
5,281
5,141
5,140
5,5
5,79
5,15
5,115
5,337
5,420
5,54
5,127
5,102
5,31
5,69
5,517
5,67
5,216
5,8
5,33
5,74
5,29
5,55
5,14
5,89
5,32
5,84
5,28
5,72
1,1
1,47
5,3
5,41
5,97
5,90
5,6
5,39
5,133
5,82
5,762
5,11
5,27
5,21
5,125
5,765
5,44
5,769
5,43
5,768
5,135
5,183
5,190
5,68
5,161
5,159
5,124
5,92
5,234
5,168
5,246
5,147
5,531
5,134
5,66
5,153
5,106
5,60
5,77
5,20
5,22
5,2
5,10
5,93
5,45
5,109
5,101
5,78
5,131
5,58
5,157
5,144
5,24
5,103
5,35
1,146
5,62
5,48
5,18
5,767
5,13
5,87
5,36
5,17
5,37
5,63
5,83
5,9
5,16
5,42
5,136
5,766
5,339
5,205
5,71
5,396
5,178
5,52
5,222
5,356
5,116
3,107
5,474
5,96
5,511
5,534
5,314
5,204
5,138
5,91
5,151
5,50
5,139
5,148
3,88
5,38
5,111
5,80
5,86
5,210
5,61
5,12
5,117
5,73
5,186
5,75
5,620
5,105
5,165
5,85
5,104
5,187
5,163
5,121
5,95
5,169
5,108
5,56
5,143
3,164
5,113
5,129
5,233
5,226
5,759
5,619
5,94
5,59
5,49
5,119
5,34
5,4
5,160
5,250
5,495
5,158
5,245
5,457
5,171
5,217
1,170
5,57
5,99
1,53
5,674
5,371
1,145
1,118
1,167
1,174
1,156
5,130
