58,1288
36,1285
36,1229
47,1254
10,1294
48,1290
36,1302
49,1153
35,1242
35,1262
35,1292
36,1102
36,282
36,1185
57,1240
56,998
38,1197
36,1238
54,1300
57,1168
35,1174
36,1187
36,1303
54,1299
36,1210
36,1272
48,1280
10,645
36,1247
10,1271
36,1054
36,1037
36,238
36,613
53,670
51,1156
36,823
36,1189
48,1255
36,757
36,1276
47,1230
59,1307
10,1172
36,946
40,621
36,434
10,913
51,1219
36,685
10,860
36,1209
36,365
36,682
36,1148
36,956
51,1281
57,995
14,509
10,1109
36,636
36,1047
36,540
36,563
36,958
36,438
48,1184
54,405
51,651
35,1231
36,825
51,1139
36,528
36,1146
36,1186
36,1118
51,1092
36,845
36,925
10,1235
39,1130
47,1308
44,1261
36,1068
10,1074
36,700
38,1016
36,619
36,1266
57,921
36,982
47,1232
14,399
36,1076
36,417
10,1282
31,1151
10,1226
35,1287
36,853
51,1142
49,1049
51,379
54,288
43,1056
36,859
20,826
56,794
36,809
37,1190
36,1245
36,915
14,1160
35,1183
54,1202
36,666
50,591
47,1066
36,1220
14,353
52,467
54,616
14,635
36,862
18,833
54,800
36,485
36,1297
55,1257
39,1286
31,1234
13,1104
47,1162
14,1128
47,1216
11,691
14,751
51,448
36,964
36,708
14,866
14,1127
36,1144
26,1256
14,492
14,950
36,1199
36,1289
12,1295
14,1233
36,1277
14,1030
14,469
37,916
10,1205
10,941
14,1243
36,1225
14,345
39,1133
14,999
36,1081
36,1175
36,1293
20,1129
10,626
45,428
42,1201
14,1196
10,1070
14,1181
14,1284
47,1112
14,1131
36,502
36,1006
7,721
14,1000
42,1071
10,819
14,716
14,1055
36,962
46,1249
14,1052
36,1171
14,817
21,1214
36,1163
14,1032
14,326
2,1244
14,1122
14,799
36,523
14,877
14,697
36,1221
36,991
14,840
36,1173
36,1008
3,987
14,850
36,609
14,1278
14,1304
14,1157
51,949
14,801
14,1027
14,1119
14,1192
4,1105
14,1134
33,954
36,740
14,1028
51,977
13,679
14,899
14,208
14,297
42,906
14,805
14,765
14,934
14,1298
14,1296
36,1283
14,1301
14,1218
14,1228
14,544
14,161
14,1269
14,404
14,1018
36,886
47,611
14,443
14,959
14,1085
14,253
14,667
14,473
14,450
42,695
14,402
28,287
8,378
13,994
14,856
14,764
14,1087
14,1200
42,974
14,1147
14,930
14,631
16,1136
14,503
14,989
4,1023
14,815
14,1079
14,565
14,696
14,1152
51,975
14,1115
51,615
14,213
14,923
14,1050
14,395
14,1126
14,846
14,649
14,795
14,888
14,488
14,658
4,955
14,1239
14,1159
14,430
14,790
14,785
14,908
14,1241
14,383
14,1179
54,1188
14,1265
14,1258
14,984
14,1259
36,966
14,1203
14,706
36,1215
14,358
14,420
14,269
14,1043
14,919
14,1260
14,842
14,1044
14,654
1,407
14,1161
14,1072
14,331
14,185
14,477
14,394
36,910
14,603
42,396
14,624
14,577
14,735
14,699
14,980
14,914
10,607
14,971
14,324
14,836
14,944
14,802
14,755
14,928
14,715
36,1264
14,907
14,876
14,376
14,347
14,789
14,644
14,262
14,855
14,1154
14,705
14,1208
14,496
39,804
14,546
14,837
14,472
14,986
14,922
14,191
14,527
14,869
14,1073
14,236
14,254
14,759
14,973
14,320
14,357
14,549
14,798
14,863
14,676
14,532
20,316
14,444
14,895
36,838
23,688
14,243
6,662
14,366
14,988
14,215
14,1213
14,196
14,743
14,811
14,929
14,1123
14,1251
14,1270
14,604
14,981
14,722
10,963
14,1064
14,589
14,612
14,260
14,879
14,766
14,709
14,848
14,871
14,359
36,704
14,1167
14,1275
14,285
14,873
14,717
14,841
14,887
14,844
14,750
14,573
14,1077
14,538
14,812
14,931
14,594
14,1042
14,961
14,1057
14,336
14,632
14,249
14,574
14,1108
14,672
14,690
14,281
14,517
14,1021
14,1113
14,1191
14,1031
14,227
14,657
14,470
14,880
14,550
14,1083
14,1060
14,1194
14,1029
14,481
14,633
14,306
14,322
14,211
14,200
14,233
14,997
14,720
14,882
14,872
14,454
14,1124
54,663
14,1125
14,386
14,1279
14,978
14,1088
15,1141
14,453
14,1069
14,1250
14,380
14,1114
14,990
14,421
14,835
14,414
14,768
14,425
14,1246
14,1204
14,828
14,427
14,409
14,293
14,1001
14,460
14,356
14,1022
14,1003
42,993
51,1039
14,489
14,1010
14,520
14,796
14,329
36,1035
14,936
14,1099
14,767
14,983
14,318
14,729
14,397
14,752
14,687
14,1166
19,596
14,665
16,1121
14,1143
14,1075
14,1004
14,948
14,511
14,683
14,255
14,436
14,373
14,889
14,1135
14,480
14,821
14,622
58,728
14,416
14,967
14,1007
14,553
14,385
14,985
14,992
14,661
14,308
14,924
14,1116
14,797
14,733
14,564
14,774
14,1101
14,1176
14,419
14,222
14,300
14,363
14,898
14,338
14,829
14,507
14,1094
36,1137
14,933
14,599
42,937
14,656
14,461
14,225
14,491
14,277
14,1082
14,1045
14,874
14,1117
14,839
14,583
14,598
14,263
14,458
14,452
14,852
14,832
29,465
14,1053
14,957
14,1089
14,1149
14,335
14,951
36,769
14,431
14,814
36,782
14,349
14,433
14,628
14,266
36,398
14,142
14,157
14,680
14,593
14,432
14,555
14,343
14,578
14,568
14,515
14,572
14,466
14,439
14,793
14,206
14,543
14,271
14,435
14,370
14,242
14,235
17,352
14,602
14,518
14,557
14,146
14,938
14,451
14,884
36,508
14,495
14,777
14,423
14,671
14,120
14,145
14,762
14,745
14,711
14,702
14,810
14,1120
20,1046
14,1274
36,585
24,442
14,625
14,710
14,181
14,367
14,1180
14,787
14,1267
14,707
14,426
14,854
14,1019
14,415
14,581
14,535
14,344
14,1236
14,446
20,664
14,668
30,960
14,818
14,311
14,784
14,1038
14,1017
14,917
14,1111
14,1103
14,1252
14,552
14,542
14,1065
14,834
14,1150
14,1106
14,736
14,1014
14,703
14,808
14,422
14,355
14,806
14,424
14,1158
14,1237
14,516
14,279
14,510
14,659
14,410
14,412
14,501
14,223
14,372
14,524
14,459
14,342
14,730
14,878
14,497
14,827
14,1012
14,561
14,1227
14,234
14,533
14,483
14,783
14,776
14,1090
14,1178
14,775
14,259
14,870
14,830
14,570
14,713
14,327
14,1061
14,996
14,1140
14,885
14,881
14,362
14,559
14,674
14,820
14,911
14,935
14,901
14,1212
14,970
14,280
36,1051
14,525
14,1211
14,1005
14,296
14,354
14,478
14,246
14,900
14,113
14,560
14,303
14,732
14,307
14,231
14,455
14,731
14,861
55,726
14,1020
14,788
14,1198
14,298
14,779
14,610
14,953
14,851
14,1011
14,479
14,1132
14,725
14,675
36,447
14,741
14,896
14,1086
14,150
14,237
14,401
14,531
14,512
14,694
14,268
14,361
14,244
14,494
14,382
14,325
14,608
14,1033
14,539
14,332
14,758
14,292
14,218
14,229
14,152
14,718
14,575
14,723
14,673
14,772
14,341
14,681
14,927
14,778
14,754
14,1067
14,1138
14,1059
14,647
14,413
14,567
14,232
14,822
14,920
14,791
14,1080
14,351
14,639
14,744
14,623
14,945
14,640
14,1025
14,875
14,334
14,617
14,348
14,712
14,317
14,556
14,1096
14,1110
14,1155
14,698
14,943
14,952
14,1002
14,387
14,883
14,1036
14,865
14,734
14,1164
14,748
14,1058
14,212
14,660
14,1224
14,475
14,456
14,346
14,701
14,780
14,390
14,267
14,595
14,505
14,641
14,605
14,600
14,597
14,286
14,646
14,500
14,620
14,965
14,193
14,289
14,388
14,562
14,643
14,807
14,771
14,739
14,669
14,763
14,571
14,693
39,918
14,530
14,304
14,381
14,498
14,278
14,137
14,868
14,727
14,677
14,369
14,590
14,947
14,197
14,159
14,642
14,537
14,847
14,686
14,894
14,592
14,714
14,513
14,514
14,295
14,174
27,1024
14,1026
14,968
14,719
14,283
14,265
14,339
20,761
14,309
14,749
14,738
14,153
14,411
49,313
14,892
14,566
14,134
14,781
14,301
14,258
14,226
14,241
14,652
14,857
14,123
14,1009
14,178
14,59
14,476
14,1040
14,391
14,93
14,190
14,330
14,1177
14,891
14,471
14,172
14,1182
14,792
14,221
14,692
14,1195
14,1034
14,291
14,770
14,678
14,1098
14,773
51,1015
12,909
14,554
41,547
14,1100
14,449
14,932
14,586
14,526
14,482
14,429
14,1165
14,207
14,315
14,418
14,979
14,580
14,558
14,653
14,905
14,601
14,490
14,210
14,545
14,276
14,1091
14,393
14,171
14,831
14,522
16,333
14,816
14,893
32,541
14,389
14,618
14,536
25,684
14,824
14,484
14,637
14,867
14,519
14,323
14,360
14,474
14,1248
14,228
14,310
14,182
14,529
14,849
14,813
14,588
14,926
14,499
14,305
14,843
14,1169
14,441
14,368
14,194
14,655
14,437
14,1084
14,290
14,753
14,340
14,912
14,141
14,256
14,1253
14,1305
14,1291
48,1306
14,274
14,400
14,204
14,273
14,468
14,638
14,445
14,904
14,786
14,384
14,803
14,314
14,689
14,737
14,760
14,408
14,364
14,534
14,187
14,902
14,747
14,1041
14,587
14,275
14,1063
14,634
14,746
14,464
14,1273
14,440
14,247
14,462
14,406
14,582
34,169
14,858
14,1097
14,245
14,1268
14,1223
14,1062
14,252
14,220
14,132
14,940
14,149
14,463
14,969
13,506
14,1217
14,261
14,96
14,156
14,328
14,155
14,60
14,30
14,5
14,51
14,80
14,180
14,98
14,166
14,44
22,28
14,85
14,48
14,392
14,170
14,136
14,606
14,1312
14,1309
14,1310
14,1316
14,1314
14,1315
14,1313
14,1319
58,1318
14,125
39,504
14,371
14,648
14,627
14,165
14,897
14,107
14,188
14,1078
14,375
14,264
14,284
36,214
14,1193
14,1206
14,1263
14,312
14,192
14,203
14,177
14,377
14,251
14,976
14,630
14,144
14,250
14,890
14,650
14,569
14,199
14,202
14,201
14,164
14,50
14,205
14,95
14,576
14,579
14,1207
14,124
14,614
14,175
14,139
14,374
14,52
14,23
14,13
14,65
14,756
14,61
42,84
14,109
14,162
14,54
14,14
14,7
14,1325
14,25
14,47
14,76
14,34
14,319
14,1170
14,186
14,128
14,148
14,493
14,112
14,32
14,403
14,195
14,33
14,127
14,1330
14,22
36,45
14,1321
14,3
14,29
14,119
14,176
14,299
14,147
14,63
14,548
14,183
14,217
14,198
14,111
14,37
14,55
14,75
14,73
14,41
14,38
14,1335
14,1320
14,189
5,66
14,1329
14,86
14,143
14,2
14,12
14,26
14,163
14,79
14,91
14,106
14,31
14,18
5,62
36,40
14,230
14,78
14,151
14,64
14,89
14,74
14,629
14,584
14,1327
16,1328
14,100
14,116
14,53
14,140
48,71
14,158
14,1107
14,239
14,56
14,88
14,724
14,302
14,94
14,337
14,11
14,1334
14,1324
14,99
14,114
14,10
14,9
14,21
14,1331
14,70
14,154
14,110
14,87
14,17
14,224
14,168
14,486
14,321
14,551
14,1145
14,179
14,248
14,257
14,81
14,1095
14,160
14,864
14,350
14,130
14,46
14,942
1,131
14,97
14,972
14,1048
14,216
14,105
14,939
14,272
14,209
14,487
14,270
14,103
14,138
14,36
14,49
14,1311
14,69
14,57
14,101
14,219
14,77
14,72
14,121
14,35
14,122
14,19
14,457
14,294
14,24
14,115
14,104
14,126
14,68
14,742
14,129
14,20
14,15
14,1333
14,90
14,1323
14,58
14,1326
14,1336
14,1
14,1093
14,521
9,16
9,108
51,43
9,42
9,173
9,133
9,4
9,240
49,135
9,118
9,82
36,92
36,1332
49,1222
57,1013
35,39
36,67
58,6
36,27
36,1317
36,903
36,1322
35,102
48,8
57,117
35,167
36,83
58,184
