24,667
22,680
8,672
3,649
22,652
24,651
19,634
10,671
15,669
22,660
11,510
19,656
5,631
21,647
22,598
22,594
8,682
12,107
22,515
11,405
16,138
11,474
15,481
3,519
21,507
9,552
21,639
10,646
14,495
10,617
17,553
1,658
22,616
10,527
22,584
24,543
5,535
21,654
20,583
10,558
10,636
12,664
10,608
17,655
11,666
15,653
6,629
10,676
10,599
17,560
1,601
10,358
11,644
11,446
11,678
10,71
21,633
22,588
9,145
10,395
9,234
7,550
24,426
10,485
25,430
9,429
10,374
22,302
24,129
24,308
10,327
10,416
10,82
13,257
10,8
9,52
5,489
23,152
10,143
10,421
17,587
10,612
6,579
11,623
22,565
10,90
17,486
3,600
9,452
10,378
8,534
22,549
5,352
22,195
3,432
24,353
10,454
22,417
8,473
10,546
10,363
9,330
1,216
11,228
10,427
9,491
10,536
22,453
3,410
10,400
18,541
22,334
10,350
17,555
7,595
4,663
10,637
1,650
10,643
10,563
9,657
10,508
12,681
10,662
10,372
20,626
10,404
3,590
10,513
17,465
22,478
10,447
22,246
22,611
9,613
22,554
3,580
10,566
22,529
24,568
10,476
22,597
10,591
9,551
10,521
9,574
12,573
20,562
9,585
7,511
10,537
10,412
22,632
22,592
5,576
5,578
9,610
10,642
10,615
10,487
10,533
10,530
3,497
2,455
7,544
10,556
10,630
10,531
24,456
20,479
6,268
19,517
18,282
11,422
22,444
10,509
15,351
10,218
10,329
22,326
10,420
20,451
7,518
10,461
22,394
22,528
19,437
10,324
10,548
22,213
22,202
7,645
22,624
8,496
10,460
9,226
21,545
10,204
22,356
10,377
24,127
10,270
11,159
10,217
10,73
10,249
10,291
9,449
10,337
9,72
10,40
15,442
10,459
10,64
11,364
10,419
10,101
10,439
5,609
10,577
9,561
9,606
3,684
10,532
11,618
10,538
10,614
10,581
10,525
3,559
10,539
10,540
21,214
10,677
6,635
5,564
10,607
10,596
10,431
10,492
10,665
24,409
22,297
10,406
11,141
10,462
10,340
10,488
10,522
22,418
5,467
22,475
10,307
22,493
11,381
10,296
10,231
10,120
10,285
9,277
9,391
3,56
10,211
11,524
10,122
10,362
22,271
10,498
22,298
10,503
10,247
10,463
11,86
22,441
10,567
10,28
10,283
10,317
10,266
10,506
10,117
10,184
10,433
9,361
10,483
10,336
10,342
10,322
10,345
1,79
10,280
11,241
13,436
10,178
4,259
10,237
10,162
10,132
10,424
22,256
6,411
10,80
20,371
10,97
24,229
24,166
10,390
10,413
24,325
22,526
1,179
6,286
11,457
9,67
11,466
10,490
10,393
9,575
11,369
10,379
24,471
10,176
22,289
10,398
10,253
10,232
10,512
10,621
10,49
10,288
10,240
11,207
22,276
10,320
10,124
10,542
10,458
11,335
22,239
10,469
5,220
10,354
11,105
3,294
10,279
16,375
24,275
11,470
24,435
10,382
10,384
10,401
10,516
10,161
11,263
10,206
10,386
10,316
4,209
22,125
10,258
10,75
10,331
10,370
10,244
6,160
22,198
11,48
10,205
10,248
10,357
10,494
10,200
10,281
10,272
24,168
10,365
10,373
10,151
22,328
10,265
10,119
9,227
10,43
24,60
10,30
3,188
22,110
10,34
10,438
10,287
17,167
10,238
10,434
10,181
21,158
19,41
10,189
18,100
10,299
10,304
11,113
24,389
10,224
10,278
10,501
18,675
9,679
10,619
10,245
10,500
10,480
10,520
24,686
22,640
10,628
10,589
10,502
10,45
10,402
10,104
10,20
11,319
10,53
22,255
10,332
10,355
22,225
10,22
10,292
10,313
10,685
10,368
10,423
10,54
10,84
10,348
10,215
10,586
22,264
10,55
10,338
22,203
10,315
6,482
10,11
10,273
24,174
10,343
24,499
10,66
10,408
10,383
10,468
10,208
10,472
10,146
10,106
10,102
10,314
10,89
10,61
10,221
24,318
10,261
10,210
10,121
9,222
10,144
10,76
10,157
9,149
10,26
10,196
10,59
10,135
6,284
10,260
10,91
11,17
10,194
11,3
10,99
24,235
10,171
10,301
10,445
10,477
10,366
10,47
10,83
10,312
10,115
10,62
10,192
10,183
10,165
10,150
11,37
11,93
11,219
11,13
10,251
22,341
24,236
10,77
10,156
10,155
10,295
10,116
10,359
10,230
10,109
22,163
10,262
10,95
10,128
10,24
10,4
11,223
10,344
10,387
24,137
10,88
10,290
10,118
10,103
10,311
10,51
10,32
10,164
10,68
10,415
10,133
10,175
10,33
10,191
10,254
10,112
10,193
10,243
10,428
10,199
10,269
10,131
10,323
24,440
10,443
10,310
10,58
10,2
10,142
10,514
10,333
10,5
10,339
24,274
10,10
10,360
10,180
10,139
10,16
10,186
10,94
10,108
10,380
10,367
10,153
24,154
24,92
24,190
24,300
10,136
10,35
10,98
10,504
10,267
10,425
10,19
10,185
10,388
24,134
10,250
10,85
10,252
11,15
10,25
10,27
11,14
10,233
10,197
10,38
24,57
10,396
10,126
10,182
10,170
10,39
10,148
10,303
10,78
24,87
24,114
24,130
24,50
10,31
10,44
10,81
10,392
10,638
10,407
10,173
10,399
10,111
10,7
10,172
10,12
10,187
11,397
24,212
10,9
24,23
10,177
10,46
24,346
10,21
24,42
11,147
10,123
10,18
10,293
10,74
10,29
10,140
10,604
10,376
10,622
18,347
10,670
11,523
24,464
10,661
10,321
10,602
10,582
10,96
10,36
24,683
10,69
10,625
10,570
10,448
10,659
10,648
10,414
10,63
10,620
10,385
24,603
10,572
24,593
10,309
10,505
10,484
10,668
10,674
10,547
24,169
10,571
24,242
10,557
10,70
24,641
24,403
11,627
10,349
10,1
10,569
11,201
10,6
10,305
10,673
24,450
10,605
11,306
11,65
