9,712
9,728
9,737
13,724
9,701
9,600
26,618
9,508
9,646
9,654
9,656
9,505
9,719
9,739
9,643
9,669
9,664
9,504
26,686
9,616
9,729
9,677
26,596
9,633
26,734
25,718
9,715
9,723
9,702
26,545
9,685
9,671
9,722
13,571
9,406
9,720
9,512
9,756
9,735
26,727
9,370
9,546
9,364
9,427
9,621
26,564
9,351
9,521
12,632
9,732
26,687
9,659
5,526
9,604
9,731
11,705
4,615
9,601
12,506
9,672
9,714
9,611
9,644
26,708
26,479
9,648
9,559
9,588
9,547
26,710
9,667
9,581
9,469
9,553
9,647
26,636
9,638
9,562
9,688
9,585
26,520
9,262
9,630
9,560
8,613
9,419
9,699
9,476
9,590
9,456
9,529
9,570
9,623
12,662
10,272
9,401
9,524
25,403
4,609
26,321
9,346
9,649
9,645
8,386
8,368
9,661
9,652
11,706
9,461
40,284
9,625
26,550
6,586
26,670
9,634
9,610
9,703
2,543
13,683
24,352
10,721
26,568
26,363
9,208
9,535
39,541
9,379
26,497
6,418
17,528
9,444
24,640
9,695
9,607
9,655
9,591
31,680
9,573
9,673
23,696
20,593
43,400
6,709
9,658
1,657
9,540
9,446
9,393
36,319
30,453
9,660
26,438
9,462
30,507
18,744
15,675
9,287
3,264
9,192
3,484
9,679
30,347
10,460
6,605
8,390
28,382
14,405
9,236
10,454
3,578
3,247
26,488
24,378
16,522
30,407
30,425
30,502
9,330
26,373
30,276
30,483
30,285
9,274
30,435
30,491
9,249
8,415
30,515
30,441
9,514
35,374
30,486
30,327
40,381
30,377
30,487
30,429
30,574
34,542
30,463
30,525
30,450
30,455
9,493
9,220
30,238
30,320
30,243
30,413
9,387
30,316
30,354
30,443
26,492
22,397
9,189
3,412
26,150
41,404
30,248
30,537
9,241
30,385
30,299
30,211
12,408
30,232
30,306
28,430
30,464
30,577
30,494
7,567
9,258
30,384
30,255
30,627
30,235
30,270
30,181
30,177
30,532
30,594
29,608
3,421
9,296
30,383
30,694
30,414
3,503
30,411
30,556
30,442
30,513
30,361
30,642
37,209
30,329
30,348
30,325
30,475
30,227
30,449
30,283
30,436
30,307
30,239
30,162
30,266
30,434
33,212
30,297
30,196
30,184
30,301
30,223
30,345
30,259
30,500
30,197
19,490
30,579
30,554
30,392
30,641
30,576
30,480
30,228
30,290
30,288
30,253
40,372
30,440
30,350
30,225
30,375
30,252
29,278
30,176
30,598
30,575
30,395
21,626
30,472
30,416
30,231
30,206
30,595
30,240
32,628
30,561
30,268
30,582
9,277
30,275
30,154
30,201
30,603
30,185
30,750
30,747
30,755
30,745
30,758
30,653
30,760
30,757
30,753
30,742
30,748
30,752
30,746
30,749
30,751
26,743
31,761
9,523
30,552
9,527
30,467
28,332
30,549
30,451
30,530
30,353
30,366
30,221
30,359
30,256
30,322
30,555
30,254
30,280
30,202
30,485
9,291
30,237
42,355
30,300
30,424
30,340
30,519
30,580
30,459
30,389
30,614
30,282
30,544
40,265
30,433
1,380
30,289
30,589
30,305
30,439
30,651
30,311
30,309
30,637
30,639
30,445
30,224
30,668
30,344
30,597
30,587
30,251
30,207
30,315
30,230
30,631
30,195
30,312
30,295
30,698
9,516
30,388
30,313
30,612
30,399
30,509
30,563
30,367
30,583
30,557
30,409
30,716
30,398
30,394
30,622
30,432
30,437
30,465
30,635
30,458
30,410
38,293
30,468
30,539
9,267
30,334
42,349
30,343
30,362
30,428
40,606
30,338
30,302
30,260
30,242
38,357
30,308
30,342
30,518
30,717
30,331
30,182
30,175
30,279
30,261
30,365
30,689
30,510
30,551
30,423
30,304
26,326
30,318
30,726
30,697
30,269
30,681
30,707
30,317
30,617
30,693
3,692
30,629
30,725
30,730
30,676
30,496
30,323
30,666
30,736
30,691
30,733
30,569
30,682
30,665
30,489
30,538
26,548
9,402
30,599
30,481
40,263
42,452
30,572
30,482
30,584
30,558
30,498
30,213
30,501
30,200
30,391
30,376
30,624
30,704
30,324
30,678
30,273
30,360
3,180
30,470
30,690
30,198
40,333
30,740
30,466
30,471
30,328
30,294
30,188
30,286
30,448
30,203
30,193
30,244
9,592
30,684
30,565
30,663
30,536
30,298
9,137
30,336
30,341
30,166
30,229
30,310
30,271
30,199
30,763
30,764
30,754
30,149
30,191
30,257
9,194
30,499
39,110
9,292
30,426
29,369
30,477
30,602
30,219
30,422
30,478
30,358
30,142
30,711
30,533
30,126
30,431
30,417
30,64
30,112
30,172
30,65
30,114
30,25
30,218
30,81
30,741
30,122
30,23
30,46
30,152
30,566
30,30
30,70
29,123
26,179
30,76
30,100
30,7
30,214
30,128
30,473
30,447
30,335
30,650
30,19
30,51
30,770
30,40
30,98
30,26
30,173
30,132
30,120
30,700
30,738
30,303
30,215
30,155
30,713
30,281
29,141
30,140
30,5
30,79
30,15
30,115
30,337
30,420
30,54
30,127
40,102
30,31
30,69
30,517
30,67
30,216
30,8
30,33
30,74
30,29
30,55
30,14
30,89
30,32
30,84
30,28
30,72
12,1
8,47
30,3
30,41
30,97
30,90
30,6
30,39
30,133
30,82
30,762
30,11
30,27
30,21
30,125
30,765
30,44
30,769
30,43
30,768
30,135
30,183
30,190
30,68
30,161
30,159
30,124
30,92
30,234
30,168
30,246
26,147
30,531
30,134
30,66
30,153
30,106
30,60
30,77
30,20
30,22
30,2
30,10
30,93
29,45
30,109
30,101
30,78
30,131
30,58
30,157
30,144
30,24
30,103
30,35
1,146
30,62
30,48
30,18
30,767
30,13
30,87
30,36
30,17
30,37
29,63
30,83
30,9
30,16
30,42
30,136
30,766
30,339
30,205
30,71
30,396
30,178
30,52
30,222
30,356
30,116
21,107
30,474
30,96
30,511
30,534
30,314
30,204
30,138
30,91
30,151
30,50
43,139
30,148
18,88
30,38
30,111
30,80
30,86
30,210
30,61
30,12
30,117
30,73
30,186
30,75
30,620
30,105
30,165
30,85
30,104
30,187
30,163
30,121
30,95
30,169
30,108
30,56
30,143
21,164
30,113
30,129
26,233
30,226
30,759
30,619
30,94
30,59
30,49
30,119
30,34
30,4
30,160
30,250
30,495
27,158
30,245
30,457
30,171
30,217
12,170
30,57
30,99
9,53
27,674
27,371
9,145
9,118
9,167
9,174
9,156
26,130
