20,833
19,565
44,831
21,845
32,640
50,769
43,767
19,682
19,739
13,713
12,797
19,832
46,732
23,762
32,691
16,642
19,756
51,795
19,367
42,711
2,776
32,810
20,671
21,607
49,747
39,822
16,318
32,494
52,669
12,853
16,847
20,818
20,751
38,114
49,687
27,793
52,731
51,608
6,559
6,645
20,707
20,353
20,839
29,771
49,543
32,750
29,723
19,322
20,689
43,763
20,817
45,714
20,709
26,802
19,676
20,746
37,653
48,598
19,573
40,184
26,748
51,179
6,782
28,638
16,675
20,571
20,761
19,579
52,595
32,485
46,304
39,646
39,719
49,778
51,619
46,672
39,615
45,734
20,555
51,764
19,774
20,848
32,668
32,677
49,216
20,212
7,695
24,685
49,305
19,820
36,605
20,686
20,826
19,787
46,841
46,789
32,825
26,819
32,840
11,704
27,416
45,792
51,850
27,829
21,575
23,790
40,712
32,814
19,737
20,740
20,532
21,170
51,568
19,588
51,48
19,550
21,566
19,754
40,547
32,843
20,718
20,725
27,816
47,849
32,806
20,661
20,842
20,437
48,824
16,429
19,652
18,462
19,259
20,518
47,94
19,524
27,19
20,109
39,479
26,478
20,567
20,9
49,326
19,246
50,604
6,618
20,692
51,226
17,422
32,558
51,766
32,267
46,639
35,445
49,800
45,17
32,378
45,727
16,418
22,770
20,328
52,706
26,384
52,374
20,253
32,643
19,234
28,345
19,854
19,670
20,830
14,59
20,131
43,681
6,745
37,852
49,696
32,834
19,779
20,773
32,637
6,708
44,610
19,683
20,512
4,557
19,520
20,654
21,625
20,611
39,626
32,499
20,563
39,393
28,634
46,587
32,589
52,651
19,535
41,562
32,678
46,743
20,585
46,757
51,622
31,788
15,693
20,530
18,118
38,442
23,702
19,703
20,721
20,541
20,656
19,755
5,684
20,781
14,516
29,627
20,644
19,722
51,453
45,522
16,255
19,556
20,423
20,657
19,796
30,837
20,309
28,443
20,600
19,552
35,803
20,738
19,597
27,663
47,617
21,574
28,635
20,591
48,649
25,716
47,705
19,623
28,780
32,641
19,760
28,694
6,580
28,724
19,630
51,458
19,799
21,648
20,759
45,658
19,667
21,477
49,504
6,551
20,592
21,741
19,513
19,472
19,544
20,596
49,459
20,469
20,167
16,444
32,515
49,377
28,338
19,2
32,8
28,435
19,295
21,528
39,401
46,386
19,380
46,534
29,385
32,249
35,55
5,381
16,427
20,483
20,362
1,388
20,390
52,475
19,317
20,144
21,468
28,237
9,187
28,484
27,315
20,449
20,564
19,726
19,465
20,481
27,599
20,700
19,578
35,620
20,323
28,749
20,583
32,116
19,577
27,594
19,768
19,394
20,343
45,169
3,433
19,329
19,344
21,199
7,744
19,283
20,398
19,265
19,506
19,222
20,519
15,655
20,81
27,440
20,375
32,349
28,330
19,526
46,498
27,662
21,650
5,493
19,432
19,266
19,365
20,276
20,12
20,136
19,229
46,68
6,368
20,90
19,133
20,476
20,364
27,537
20,279
27,402
21,209
49,132
12,141
19,348
6,400
19,570
19,614
20,680
19,542
19,452
6,51
49,32
28,193
43,715
29,511
19,593
19,752
46,473
19,569
19,601
40,492
19,502
19,501
46,404
46,327
19,730
19,728
19,697
20,572
19,447
13,391
19,436
20,497
20,742
19,508
19,673
45,772
32,699
45,688
19,733
20,586
20,431
19,603
19,500
20,523
20,214
49,263
20,576
32,293
49,42
46,306
6,439
46,221
33,126
20,122
49,41
20,134
19,233
46,92
19,121
32,270
20,357
6,185
19,56
19,448
8,303
49,514
46,308
19,406
28,335
19,49
20,257
20,609
19,415
19,236
49,584
19,67
20,366
19,482
46,66
20,142
19,710
20,173
19,110
19,190
19,161
19,413
49,127
20,180
20,271
19,313
32,138
49,546
20,290
19,147
46,231
47,23
20,631
46,616
19,488
19,346
49,208
20,521
19,268
21,387
6,33
19,1
20,302
20,311
19,347
19,213
53,93
49,392
19,399
20,296
46,549
19,128
19,188
19,529
19,242
19,53
20,79
19,165
20,43
19,403
19,621
19,430
6,582
49,495
20,227
46,505
50,291
33,525
20,503
19,679
19,456
20,215
49,218
20,461
19,171
19,319
20,203
20,517
20,420
20,510
19,355
20,333
19,331
32,467
20,86
46,735
20,82
20,480
19,613
19,647
20,354
19,466
19,441
20,228
19,111
19,352
19,341
20,359
19,463
20,105
19,260
20,24
19,256
48,280
19,324
20,264
19,117
32,112
19,297
44,4
19,240
19,189
32,160
19,106
46,14
32,211
49,88
19,27
20,130
19,289
19,159
44,225
20,31
19,272
28,16
20,65
19,149
19,332
19,207
33,172
46,219
19,244
19,561
19,312
19,241
19,252
6,247
28,278
19,371
19,250
19,548
19,428
19,195
19,275
19,64
20,232
20,300
19,168
20,298
19,337
19,307
19,358
20,238
19,104
19,340
19,101
19,36
49,301
20,316
19,334
20,137
19,123
20,356
19,61
19,163
19,54
6,140
19,98
19,44
20,220
19,47
19,285
19,373
19,230
19,206
19,784
19,855
20,539
46,861
20,28
19,808
19,720
6,450
19,46
19,851
20,785
19,99
19,181
32,152
20,108
20,97
19,277
20,192
19,813
19,70
19,5
19,22
20,659
19,857
19,660
32,15
19,859
19,166
19,314
10,178
6,828
19,83
20,407
32,248
46,197
19,273
19,201
46,531
19,860
19,157
19,396
19,120
19,821
19,701
19,286
19,805
19,777
19,823
20,632
19,612
19,84
19,419
19,674
19,624
19,815
19,336
19,125
19,858
19,507
19,801
32,835
32,536
19,758
19,698
19,150
49,553
34,491
49,412
19,665
19,287
19,154
19,235
19,310
19,91
20,451
32,269
19,540
19,666
19,85
19,405
20,370
20,460
19,581
19,471
19,414
19,408
19,274
19,446
19,496
20,261
19,434
46,35
19,25
19,360
19,89
19,45
19,487
19,177
20,74
32,425
20,664
19,155
32,143
19,129
19,527
19,58
19,243
19,145
19,6
19,490
19,113
20,75
19,103
19,38
19,62
19,80
20,205
19,18
6,254
19,115
19,148
32,223
19,151
19,37
19,294
19,29
19,69
19,198
19,162
20,164
4,489
20,636
19,383
19,282
20,438
19,602
20,633
5,95
19,417
19,409
19,204
19,538
19,509
20,71
19,457
19,382
19,426
19,339
19,96
19,350
19,554
19,690
19,76
20,411
5,376
19,196
19,284
19,474
19,454
32,153
19,202
19,13
19,124
19,239
19,245
19,455
6,135
19,52
19,258
19,320
19,397
19,395
19,224
20,156
19,78
19,158
1,102
19,183
32,545
19,533
19,3
19,372
19,174
19,7
6,50
32,379
32,107
7,119
19,60
19,20
19,200
19,470
5,26
19,73
19,139
13,281
19,191
19,194
19,72
9,77
19,34
19,210
32,176
19,57
19,606
6,838
32,836
19,560
5,765
32,351
6,63
19,844
6,629
6,811
32,421
19,464
32,827
19,717
19,175
19,809
19,410
19,590
32,846
19,363
32,804
19,783
19,251
19,39
6,486
32,856
19,40
19,182
19,812
19,369
19,146
19,262
32,342
6,807
19,736
6,217
19,753
19,791
19,288
19,786
19,325
6,87
19,424
6,729
19,186
19,299
19,798
19,628
32,100
19,321
19,21
19,775
32,292
6,10
32,794
32,389
32,30
32,361
32,11
