155,374
193,735
191,664
89,665
97,710
89,704
64,660
191,326
49,699
145,672
38,650
73,602
88,356
226,540
102,667
89,599
153,617
102,638
119,716
177,695
165,655
162,693
64,555
162,627
162,697
33,696
106,621
84,588
159,604
165,589
27,132
4,570
89,259
101,289
123,401
42,571
54,56
120,622
183,568
162,493
156,728
133,647
93,709
105,734
42,670
33,629
161,714
104,715
200,700
110,686
162,720
94,712
170,579
176,536
148,631
33,541
188,293
42,637
91,733
41,731
58,633
185,657
191,603
91,616
42,576
218,479
135,572
121,598
216,452
73,587
171,724
125,623
166,727
41,708
162,711
218,674
181,651
218,600
178,713
112,565
188,702
92,701
191,634
193,684
105,654
157,669
181,630
118,680
119,543
158,510
119,492
162,594
162,561
169,721
106,546
33,641
179,258
169,535
225,460
87,688
162,642
99,692
33,433
162,517
11,521
162,440
140,485
189,482
33,624
136,325
51,564
159,529
124,620
99,530
166,575
160,26
177,671
122,658
23,321
31,656
147,628
206,524
162,538
22,478
162,126
33,380
56,198
60,218
50,367
178,430
180,416
33,409
202,539
186,498
139,652
150,368
149,515
84,648
108,501
85,406
13,109
93,509
105,673
104,668
33,593
58,698
7,690
60,542
95,608
168,488
210,646
135,581
41,606
199,679
220,722
131,247
60,96
172,360
175,534
42,338
86,580
152,643
208,619
144,551
129,459
52,601
126,613
158,442
103,516
21,456
207,46
130,591
98,188
184,508
162,649
172,103
160,424
48,322
190,553
187,566
5,635
12,585
63,502
29,717
151,597
102,489
75,659
33,514
80,560
184,499
9,567
90,497
109,388
111,494
116,145
63,398
20,473
33,435
143,413
58,486
165,454
198,531
64,662
202,389
67,339
146,528
100,470
137,120
119,309
186,429
154,436
223,420
200,396
183,350
6,507
147,372
102,294
33,184
58,242
219,385
163,300
1,487
116,618
60,523
25,316
60,370
55,466
167,450
162,65
46,395
127,519
227,513
154,36
17,58
201,45
156,563
55,160
45,677
55,644
127,544
65,490
28,547
192,341
150,353
41,462
193,60
33,74
162,245
162,153
182,586
64,506
165,449
134,314
179,477
171,238
113,329
155,511
33,392
33,549
183,432
91,362
162,504
159,292
196,505
8,394
2,277
193,354
39,554
212,230
15,471
14,422
151,483
224,268
56,343
173,11
94,330
40,9
134,423
59,129
3,481
116,178
209,290
157,225
205,439
210,119
154,31
71,166
108,111
33,170
26,324
156,550
43,315
33,124
29,375
10,303
200,61
53,146
108,384
192,319
30,200
214,219
221,279
58,311
115,467
228,469
162,444
117,453
149,127
31,334
132,455
59,274
203,227
18,239
45,474
21,237
42,37
141,297
70,148
58,226
158,157
33,224
33,128
154,520
21,661
33,345
33,7
147,23
120,203
45,251
37,241
151,196
149,183
162,234
56,426
138,313
154,271
154,141
33,270
33,182
162,105
42,191
66,265
39,295
151,215
62,181
130,147
184,197
19,348
218,573
34,552
191,605
190,415
42,537
40,443
184,512
33,386
114,557
217,412
72,390
33,522
154,187
43,363
80,189
134,558
134,12
118,70
33,451
33,427
162,441
42,491
128,468
29,205
162,342
33,556
58,318
132,287
155,359
162,28
110,138
33,403
129,140
154,100
151,161
58,13
28,6
76,4
96,33
33,16
33,192
74,59
210,64
45,261
194,82
40,52
42,276
36,149
167,142
33,43
219,387
154,102
33,114
197,173
84,5
162,266
162,222
33,280
107,32
162,465
33,582
218,437
197,425
77,336
33,233
192,211
78,361
33,286
219,495
157,636
174,382
35,400
162,607
46,480
49,484
33,323
154,337
16,185
83,331
211,272
32,344
33,383
138,162
43,17
33,136
218,244
33,418
35,615
154,463
218,283
24,545
33,496
68,86
33,291
78,236
57,41
134,320
135,90
204,168
149,257
45,377
42,1
82,112
33,29
57,263
33,116
56,177
33,47
142,475
162,121
33,327
33,216
195,55
42,448
157,308
164,332
154,137
42,206
59,10
69,592
59,457
33,199
46,317
166,107
33,164
55,369
147,249
162,404
45,106
33,248
33,306
154,378
48,373
33,737
47,685
154,405
33,125
33,458
42,421
33,626
33,22
42,262
68,408
33,93
33,340
33,123
154,476
157,518
33,333
33,75
33,92
166,175
33,683
33,229
198,25
43,104
44,40
45,24
34,718
33,51
33,101
33,464
45,569
79,666
42,610
33,574
33,639
33,675
33,625
162,632
42,221
61,73
33,730
74,726
42,676
33,115
224,682
222,691
218,472
33,736
33,596
33,583
33,577
210,500
218,611
33,612
33,252
33,201
78,30
33,21
33,19
33,89
33,91
33,209
33,366
42,88
157,281
33,223
42,195
218,307
43,118
21,68
33,35
78,328
33,38
46,379
33,50
70,194
76,256
81,80
220,288
33,139
33,298
218,193
42,304
33,357
33,85
33,44
33,143
33,27
164,95
33,407
33,278
33,445
78,584
164,364
33,365
33,253
166,67
218,446
33,152
33,208
33,110
154,335
166,431
134,376
33,310
45,42
33,346
33,172
33,165
225,381
33,156
142,240
33,231
33,371
216,135
166,72
33,113
33,167
33,217
33,18
33,15
33,186
33,169
33,144
78,48
33,34
154,207
33,2
222,84
164,267
165,246
165,393
33,243
215,299
157,414
33,8
33,83
42,3
33,351
33,63
33,179
33,352
33,57
33,81
163,108
162,202
33,503
33,411
33,402
33,154
33,264
163,461
33,204
33,133
33,312
154,447
33,49
33,296
164,213
223,235
33,122
33,284
33,355
42,174
213,190
33,347
33,39
33,260
33,214
33,62
33,210
33,134
224,87
33,77
33,250
33,79
33,130
33,20
33,117
33,97
61,254
33,131
227,180
33,159
33,419
164,54
33,94
33,98
33,53
33,255
33,71
33,158
33,176
33,275
163,397
166,228
42,150
221,723
33,548
33,76
224,527
166,706
162,438
33,562
162,732
33,66
217,78
33,725
219,578
33,703
166,410
33,434
33,707
218,694
33,349
33,705
33,533
33,719
33,417
33,689
33,220
33,399
218,729
33,559
218,155
218,678
218,302
33,687
33,358
33,609
33,526
33,273
33,681
33,653
33,525
33,212
33,640
162,595
218,69
33,590
33,99
33,14
218,663
33,232
218,305
166,614
33,301
33,151
220,391
166,285
33,532
218,428
33,645
33,269
33,163
166,171
162,282
