14,667
12,680
6,672
2,649
12,652
14,651
10,634
7,671
9,669
12,660
7,510
10,656
4,631
11,647
12,598
12,594
6,682
8,107
12,515
7,405
9,138
7,474
9,481
2,519
11,507
6,552
11,639
7,646
8,495
7,617
10,553
1,658
12,616
7,527
12,584
14,543
4,535
11,654
11,583
7,558
7,636
8,664
7,608
10,655
7,666
9,653
5,629
7,676
7,599
10,560
1,601
7,358
7,644
7,446
7,678
7,71
11,633
12,588
6,145
7,395
6,234
5,550
14,426
7,485
15,430
6,429
7,374
12,302
14,129
14,308
7,327
7,416
7,82
8,257
7,8
6,52
4,489
13,152
7,143
7,421
10,587
7,612
5,579
7,623
12,565
7,90
10,486
2,600
6,452
7,378
6,534
12,549
4,352
12,195
2,432
14,353
7,454
12,417
6,473
7,546
7,363
6,330
1,216
7,228
7,427
6,491
7,536
12,453
2,410
7,400
10,541
12,334
7,350
10,555
5,595
3,663
7,637
1,650
7,643
7,563
6,657
7,508
8,681
7,662
7,372
11,626
7,404
2,590
7,513
10,465
12,478
7,447
12,246
12,611
6,613
12,554
2,580
7,566
12,529
14,568
7,476
12,597
7,591
6,551
7,521
6,574
8,573
11,562
6,585
5,511
7,537
7,412
12,632
12,592
4,576
4,578
6,610
7,642
7,615
7,487
7,533
7,530
2,497
1,455
5,544
7,556
7,630
7,531
14,456
11,479
5,268
10,517
10,282
7,422
12,444
7,509
9,351
7,218
7,329
12,326
7,420
11,451
5,518
7,461
12,394
12,528
10,437
7,324
7,548
12,213
12,202
5,645
12,624
6,496
7,460
6,226
11,545
7,204
12,356
7,377
14,127
7,270
7,159
7,217
7,73
7,249
7,291
6,449
7,337
6,72
7,40
9,442
7,459
7,64
7,364
7,419
7,101
7,439
4,609
7,577
6,561
6,606
2,684
7,532
7,618
7,538
7,614
7,581
7,525
2,559
7,539
7,540
11,214
7,677
5,635
4,564
7,607
7,596
7,431
7,492
7,665
14,409
12,297
7,406
7,141
7,462
7,340
7,488
7,522
12,418
4,467
12,475
7,307
12,493
7,381
7,296
7,231
7,120
7,285
6,277
6,391
2,56
7,211
7,524
7,122
7,362
12,271
7,498
12,298
7,503
7,247
7,463
7,86
12,441
7,567
7,28
7,283
7,317
7,266
7,506
7,117
7,184
7,433
6,361
7,483
7,336
7,342
7,322
7,345
1,79
7,280
7,241
8,436
7,178
3,259
7,237
7,162
7,132
7,424
12,256
5,411
7,80
11,371
7,97
14,229
14,166
7,390
7,413
14,325
12,526
1,179
5,286
7,457
6,67
7,466
7,490
7,393
6,575
7,369
7,379
14,471
7,176
12,289
7,398
7,253
7,232
7,512
7,621
7,49
7,288
7,240
7,207
12,276
7,320
7,124
7,542
7,458
7,335
12,239
7,469
4,220
7,354
7,105
2,294
7,279
9,375
14,275
7,470
14,435
7,382
7,384
7,401
7,516
7,161
7,263
7,206
7,386
7,316
3,209
12,125
7,258
7,75
7,331
7,370
7,244
5,160
12,198
7,48
7,205
7,248
7,357
7,494
7,200
7,281
7,272
14,168
7,365
7,373
7,151
12,328
7,265
7,119
6,227
7,43
14,60
7,30
2,188
12,110
7,34
7,438
7,287
10,167
7,238
7,434
7,181
11,158
10,41
7,189
10,100
7,299
7,304
7,113
14,389
7,224
7,278
7,501
10,675
6,679
7,619
7,245
7,500
7,480
7,520
14,686
12,640
7,628
7,589
7,502
7,45
7,402
7,104
7,20
7,319
7,53
12,255
7,332
7,355
12,225
7,22
7,292
7,313
7,685
7,368
7,423
7,54
7,84
7,348
7,215
7,586
12,264
7,55
7,338
12,203
7,315
5,482
7,11
7,273
14,174
7,343
14,499
7,66
7,408
7,383
7,468
7,208
7,472
7,146
7,106
7,102
7,314
7,89
7,61
7,221
14,318
7,261
7,210
7,121
6,222
7,144
7,76
7,157
6,149
7,26
7,196
7,59
7,135
5,284
7,260
7,91
7,17
7,194
7,3
7,99
14,235
7,171
7,301
7,445
7,477
7,366
7,47
7,83
7,312
7,115
7,62
7,192
7,183
7,165
7,150
7,37
7,93
7,219
7,13
7,251
12,341
14,236
7,77
7,156
7,155
7,295
7,116
7,359
7,230
7,109
12,163
7,262
7,95
7,128
7,24
7,4
7,223
7,344
7,387
14,137
7,88
7,290
7,118
7,103
7,311
7,51
7,32
7,164
7,68
7,415
7,133
7,175
7,33
7,191
7,254
7,112
7,193
7,243
7,428
7,199
7,269
7,131
7,323
14,440
7,443
7,310
7,58
7,2
7,142
7,514
7,333
7,5
7,339
14,274
7,10
7,360
7,180
7,139
7,16
7,186
7,94
7,108
7,380
7,367
7,153
14,154
14,92
14,190
14,300
7,136
7,35
7,98
7,504
7,267
7,425
7,19
7,185
7,388
14,134
7,250
7,85
7,252
7,15
7,25
7,27
7,14
7,233
7,197
7,38
14,57
7,396
7,126
7,182
7,170
7,39
7,148
7,303
7,78
14,87
14,114
14,130
14,50
7,31
7,44
7,81
7,392
7,638
7,407
7,173
7,399
7,111
7,7
7,172
7,12
7,187
7,397
14,212
7,9
14,23
7,177
7,46
14,346
7,21
14,42
7,147
7,123
7,18
7,293
7,74
7,29
7,140
7,604
7,376
7,622
10,347
7,670
7,523
14,464
7,661
7,321
7,602
7,582
7,96
7,36
14,683
7,69
7,625
7,570
7,448
7,659
7,648
7,414
7,63
7,620
7,385
14,603
7,572
14,593
7,309
7,505
7,484
7,668
7,674
7,547
14,169
7,571
14,242
7,557
7,70
14,641
14,403
7,627
7,349
7,1
7,569
7,201
7,6
7,305
7,673
14,450
7,605
7,306
7,65
