42,374
54,735
54,664
22,665
24,710
22,704
13,660
54,326
10,699
41,672
10,650
16,602
21,356
68,540
27,667
22,599
42,617
27,638
32,716
50,695
44,655
43,693
13,555
43,627
43,697
10,696
29,621
19,588
42,604
44,589
9,132
2,570
22,259
26,289
33,401
10,571
12,56
33,622
51,568
43,493
42,728
36,647
23,709
29,734
10,670
10,629
42,714
28,715
56,700
30,686
43,720
23,712
46,579
49,536
42,631
10,541
53,293
10,637
22,733
10,731
12,633
51,657
54,603
22,616
10,576
67,479
36,572
33,598
66,452
16,587
46,724
34,623
44,727
10,708
43,711
67,674
51,651
67,600
50,713
30,565
53,702
22,701
54,634
54,684
29,654
42,669
51,630
32,680
32,543
42,510
32,492
43,594
43,561
46,721
29,546
10,641
50,258
46,535
68,460
20,688
43,642
25,692
10,433
43,517
5,521
43,440
38,485
53,482
10,624
36,325
11,564
42,529
34,620
25,530
44,575
42,26
50,671
33,658
9,321
10,656
42,628
59,524
43,538
8,478
43,126
10,380
12,198
12,218
10,367
50,430
50,416
10,409
57,539
51,498
37,652
42,368
42,515
19,648
30,501
19,406
6,109
23,509
29,673
28,668
10,593
12,698
3,690
12,542
23,608
45,488
62,646
36,581
10,606
55,679
67,722
36,247
12,96
47,360
48,534
10,338
20,580
42,643
60,619
40,551
36,459
11,601
35,613
42,442
27,516
8,456
60,46
36,591
24,188
51,508
43,649
47,103
42,424
10,322
54,553
52,566
3,635
5,585
13,502
10,717
42,597
27,489
16,659
10,514
16,560
51,499
4,567
22,497
30,388
30,494
32,145
13,398
7,473
10,435
39,413
12,486
44,454
55,531
13,662
57,389
14,339
41,528
26,470
36,120
32,309
51,429
42,436
67,420
56,396
51,350
3,507
42,372
27,294
10,184
12,242
67,385
43,300
1,487
32,618
12,523
9,316
12,370
12,466
45,450
43,65
10,395
36,519
68,513
42,36
6,58
56,45
42,563
12,160
10,677
12,644
36,544
13,490
10,547
54,341
42,353
10,462
54,60
10,74
43,245
43,153
51,586
13,506
44,449
36,314
50,477
46,238
30,329
42,511
10,392
10,549
51,432
22,362
43,504
42,292
55,505
4,394
1,277
54,354
10,554
63,230
6,471
6,422
42,483
67,268
12,343
47,11
23,330
10,9
36,423
12,129
1,481
32,178
61,290
42,225
58,439
62,119
42,31
15,166
30,111
10,170
9,324
42,550
10,315
10,124
10,375
4,303
56,61
12,146
30,384
54,319
10,200
64,219
67,279
12,311
31,467
69,469
43,444
32,453
42,127
10,334
36,455
12,274
57,227
6,239
10,474
8,237
10,37
38,297
15,148
12,226
42,157
10,224
10,128
42,520
8,661
10,345
10,7
42,23
33,203
10,251
10,241
42,196
42,183
43,234
12,426
36,313
42,271
42,141
10,270
10,182
43,105
10,191
14,265
10,295
42,215
12,181
36,147
51,197
7,348
67,573
10,552
54,605
54,415
10,537
10,443
51,512
10,386
31,557
67,412
15,390
10,522
42,187
10,363
16,189
36,558
36,12
32,70
10,451
10,427
43,441
10,491
36,468
10,205
43,342
10,556
12,318
36,287
42,359
43,28
30,138
10,403
36,140
42,100
42,161
12,13
10,6
16,4
23,33
10,16
10,192
16,59
62,64
10,261
54,82
10,52
10,276
10,149
45,142
10,43
67,387
42,102
10,114
55,173
19,5
43,266
43,222
10,280
29,32
43,465
10,582
67,437
55,425
16,336
10,233
54,211
16,361
10,286
67,495
42,636
48,382
10,400
43,607
10,480
10,484
10,323
42,337
6,185
18,331
62,272
10,344
10,383
36,162
10,17
10,136
67,244
10,418
10,615
42,463
67,283
9,545
10,496
14,86
10,291
16,236
12,41
36,320
36,90
57,168
42,257
10,377
10,1
17,112
10,29
12,263
10,116
12,177
10,47
39,475
43,121
10,327
10,216
55,55
10,448
42,308
43,332
42,137
10,206
12,10
14,592
12,457
10,199
10,317
44,107
10,164
12,369
42,249
43,404
10,106
10,248
10,306
42,378
10,373
10,737
10,685
42,405
10,125
10,458
10,421
10,626
10,22
10,262
14,408
10,93
10,340
10,123
42,476
42,518
10,333
10,75
10,92
44,175
10,683
10,229
55,25
10,104
10,40
10,24
10,718
10,51
10,101
10,464
10,569
16,666
10,610
10,574
10,639
10,675
10,625
43,632
10,221
12,73
10,730
16,726
10,676
10,115
67,682
67,691
67,472
10,736
10,596
10,583
10,577
62,500
67,611
10,612
10,252
10,201
16,30
10,21
10,19
10,89
10,91
10,209
10,366
10,88
42,281
10,223
10,195
67,307
10,118
8,68
10,35
16,328
10,38
10,379
10,50
15,194
16,256
16,80
67,288
10,139
10,298
67,193
10,304
10,357
10,85
10,44
10,143
10,27
43,95
10,407
10,278
10,445
16,584
43,364
10,365
10,253
44,67
67,446
10,152
10,208
10,110
42,335
44,431
36,376
10,310
10,42
10,346
10,172
10,165
68,381
10,156
39,240
10,231
10,371
66,135
44,72
10,113
10,167
10,217
10,18
10,15
10,186
10,169
10,144
16,48
10,34
42,207
10,2
67,84
43,267
44,246
44,393
10,243
65,299
42,414
10,8
10,83
10,3
10,351
10,63
10,179
10,352
10,57
10,81
43,108
43,202
10,503
10,411
10,402
10,154
10,264
43,461
10,204
10,133
10,312
42,447
10,49
10,296
43,213
67,235
10,122
10,284
10,355
10,174
63,190
10,347
10,39
10,260
10,214
10,62
10,210
10,134
67,87
10,77
10,250
10,79
10,130
10,20
10,117
10,97
12,254
10,131
68,180
10,159
10,419
43,54
10,94
10,98
10,53
10,255
10,71
10,158
10,176
10,275
43,397
44,228
10,150
67,723
10,548
10,76
67,527
44,706
43,438
10,562
43,732
10,66
67,78
10,725
67,578
10,703
44,410
10,434
10,707
67,694
10,349
10,705
10,533
10,719
10,417
10,689
10,220
10,399
67,729
10,559
67,155
67,678
67,302
10,687
10,358
10,609
10,526
10,273
10,681
10,653
10,525
10,212
10,640
43,595
67,69
10,590
10,99
10,14
67,663
10,232
67,305
44,614
10,301
10,151
67,391
44,285
10,532
67,428
10,645
10,269
10,163
44,171
43,282
