21,135
14,167
2,130
7,219
6,278
31,276
21,223
44,192
18,162
13,325
45,201
44,287
35,343
24,265
18,299
9,319
4,235
9,382
14,341
10,141
6,123
9,182
7,381
4,304
8,395
20,418
6,378
14,448
12,222
4,298
7,349
21,449
44,396
16,87
33,406
36,76
44,455
9,405
6,364
7,397
10,311
24,458
9,463
24,473
44,467
20,13
24,36
9,215
44,153
6,344
44,432
31,438
10,371
31,322
4,279
18,216
44,194
20,307
24,294
44,121
44,208
8,470
33,421
19,474
18,54
44,6
20,52
24,303
6,138
25,224
44,380
44,433
20,63
19,110
44,331
41,379
25,315
19,35
44,353
6,246
25,321
44,360
24,317
25,392
24,146
44,372
41,269
9,180
44,460
24,387
10,206
25,189
6,273
18,383
24,231
24,357
44,242
15,476
25,258
16,237
44,184
44,106
44,103
24,115
16,114
44,156
25,295
24,89
44,462
33,339
44,61
5,176
44,79
44,97
44,197
9,165
10,318
18,227
20,290
18,270
30,388
6,301
39,400
44,284
16,232
24,267
44,347
8,257
25,183
39,332
5,209
5,255
10,291
20,217
39,327
24,384
24,158
31,456
20,239
24,316
39,359
25,305
4,8
25,342
24,60
32,401
44,336
24,323
25,187
24,233
24,252
20,157
36,101
24,124
24,296
44,171
44,72
44,49
6,179
46,127
24,109
39,57
5,113
25,37
44,166
44,147
39,86
44,45
20,111
24,82
44,186
44,102
5,33
25,168
24,71
44,51
16,320
20,66
44,75
32,172
20,408
39,12
44,454
44,361
25,466
44,338
44,414
9,160
26,459
7,354
6,461
39,434
25,11
30,425
18,377
24,398
44,435
8,285
5,328
24,90
39,196
24,281
24,253
16,211
24,203
26,272
24,329
30,247
44,429
24,345
24,245
15,236
24,370
24,373
36,148
30,261
44,251
16,250
39,404
19,170
24,243
38,326
39,140
31,205
7,260
10,221
44,126
24,154
25,155
18,14
27,293
44,375
44,202
15,42
39,297
24,367
44,175
20,362
44,145
6,210
16,150
28,151
24,200
15,161
24,83
33,96
24,207
20,213
15,137
24,214
24,330
44,104
24,108
20,59
44,313
5,85
44,47
44,95
25,136
24,228
24,68
25,44
7,300
16,366
39,363
20,457
44,465
5,444
32,346
44,259
19,283
24,144
26,142
16,174
21,314
39,193
18,149
39,164
30,262
21,356
24,185
16,81
25,92
44,107
24,229
18,129
39,70
5,84
5,352
44,77
44,99
15,351
24,306
30,58
44,139
44,248
24,119
38,152
39,238
24,181
44,374
20,254
31,302
40,134
44,310
25,169
30,451
15,427
12,73
20,67
37,26
7,46
24,178
25,391
33,266
44,440
32,424
44,422
39,348
44,416
33,7
34,478
44,32
15,280
39,1
24,376
44,275
24,439
24,389
24,446
33,407
44,472
7,218
5,204
5,241
44,264
15,274
43,105
44,100
11,177
39,282
44,125
39,368
34,442
24,34
23,369
44,420
20,355
42,244
11,98
25,234
25,249
33,337
46,324
15,308
25,402
28,212
5,292
44,413
33,65
43,56
24,195
24,230
37,9
5,415
24,94
24,394
16,15
16,277
24,286
34,118
32,120
24,436
20,417
24,64
21,78
47,74
38,220
33,426
31,477
40,271
39,410
27,365
44,334
4,335
14,412
26,288
44,112
22,132
8,464
20,256
32,431
1,358
18,173
38,268
42,131
37,447
24,468
7,199
44,289
44,471
15,445
12,163
24,430
37,27
41,21
22,80
44,423
13,93
5,191
7,50
5,69
17,240
43,122
18,39
21,159
18,5
38,31
4,40
16,23
30,263
20,4
6,225
20,411
47,312
19,469
20,190
10,399
24,333
5,437
5,62
34,128
31,198
45,390
24,25
18,30
7,24
34,17
21,55
20,143
1,450
16,385
3,419
23,41
5,20
22,428
5,133
38,117
42,226
4,453
20,91
3,53
10,43
44,48
37,22
44,18
24,88
37,116
46,16
26,38
45,188
44,309
35,403
5,29
23,340
43,350
35,441
5,393
7,3
30,452
5,443
22,19
35,28
30,386
13,2
29,409
19,475
21,10
