9,667
7,680
4,672
2,649
7,652
9,651
6,634
4,671
6,669
7,660
4,510
6,656
3,631
7,647
7,598
7,594
4,682
5,107
7,515
4,405
6,138
4,474
6,481
2,519
7,507
4,552
7,639
4,646
5,495
4,617
6,553
1,658
7,616
4,527
7,584
9,543
3,535
7,654
7,583
4,558
4,636
5,664
4,608
6,655
4,666
6,653
3,629
4,676
4,599
6,560
1,601
4,358
4,644
4,446
4,678
4,71
7,633
7,588
4,145
4,395
4,234
3,550
9,426
4,485
10,430
4,429
4,374
7,302
9,129
9,308
4,327
4,416
4,82
5,257
4,8
4,52
3,489
8,152
4,143
4,421
6,587
4,612
3,579
4,623
7,565
4,90
6,486
2,600
4,452
4,378
4,534
7,549
3,352
7,195
2,432
9,353
4,454
7,417
4,473
4,546
4,363
4,330
1,216
4,228
4,427
4,491
4,536
7,453
2,410
4,400
6,541
7,334
4,350
6,555
3,595
3,663
4,637
1,650
4,643
4,563
4,657
4,508
5,681
4,662
4,372
7,626
4,404
2,590
4,513
6,465
7,478
4,447
7,246
7,611
4,613
7,554
2,580
4,566
7,529
9,568
4,476
7,597
4,591
4,551
4,521
4,574
5,573
7,562
4,585
3,511
4,537
4,412
7,632
7,592
3,576
3,578
4,610
4,642
4,615
4,487
4,533
4,530
2,497
1,455
3,544
4,556
4,630
4,531
9,456
7,479
3,268
6,517
6,282
4,422
7,444
4,509
6,351
4,218
4,329
7,326
4,420
7,451
3,518
4,461
7,394
7,528
6,437
4,324
4,548
7,213
7,202
3,645
7,624
4,496
4,460
4,226
7,545
4,204
7,356
4,377
9,127
4,270
4,159
4,217
4,73
4,249
4,291
4,449
4,337
4,72
4,40
6,442
4,459
4,64
4,364
4,419
4,101
4,439
3,609
4,577
4,561
4,606
2,684
4,532
4,618
4,538
4,614
4,581
4,525
2,559
4,539
4,540
7,214
4,677
3,635
3,564
4,607
4,596
4,431
4,492
4,665
9,409
7,297
4,406
4,141
4,462
4,340
4,488
4,522
7,418
3,467
7,475
4,307
7,493
4,381
4,296
4,231
4,120
4,285
4,277
4,391
2,56
4,211
4,524
4,122
4,362
7,271
4,498
7,298
4,503
4,247
4,463
4,86
7,441
4,567
4,28
4,283
4,317
4,266
4,506
4,117
4,184
4,433
4,361
4,483
4,336
4,342
4,322
4,345
1,79
4,280
4,241
5,436
4,178
3,259
4,237
4,162
4,132
4,424
7,256
3,411
4,80
7,371
4,97
9,229
9,166
4,390
4,413
9,325
7,526
1,179
3,286
4,457
4,67
4,466
4,490
4,393
4,575
4,369
4,379
9,471
4,176
7,289
4,398
4,253
4,232
4,512
4,621
4,49
4,288
4,240
4,207
7,276
4,320
4,124
4,542
4,458
4,335
7,239
4,469
3,220
4,354
4,105
2,294
4,279
6,375
9,275
4,470
9,435
4,382
4,384
4,401
4,516
4,161
4,263
4,206
4,386
4,316
3,209
7,125
4,258
4,75
4,331
4,370
4,244
3,160
7,198
4,48
4,205
4,248
4,357
4,494
4,200
4,281
4,272
9,168
4,365
4,373
4,151
7,328
4,265
4,119
4,227
4,43
9,60
4,30
2,188
7,110
4,34
4,438
4,287
6,167
4,238
4,434
4,181
7,158
6,41
4,189
6,100
4,299
4,304
4,113
9,389
4,224
4,278
4,501
6,675
4,679
4,619
4,245
4,500
4,480
4,520
9,686
7,640
4,628
4,589
4,502
4,45
4,402
4,104
4,20
4,319
4,53
7,255
4,332
4,355
7,225
4,22
4,292
4,313
4,685
4,368
4,423
4,54
4,84
4,348
4,215
4,586
7,264
4,55
4,338
7,203
4,315
3,482
4,11
4,273
9,174
4,343
9,499
4,66
4,408
4,383
4,468
4,208
4,472
4,146
4,106
4,102
4,314
4,89
4,61
4,221
9,318
4,261
4,210
4,121
4,222
4,144
4,76
4,157
4,149
4,26
4,196
4,59
4,135
3,284
4,260
4,91
4,17
4,194
4,3
4,99
9,235
4,171
4,301
4,445
4,477
4,366
4,47
4,83
4,312
4,115
4,62
4,192
4,183
4,165
4,150
4,37
4,93
4,219
4,13
4,251
7,341
9,236
4,77
4,156
4,155
4,295
4,116
4,359
4,230
4,109
7,163
4,262
4,95
4,128
4,24
4,4
4,223
4,344
4,387
9,137
4,88
4,290
4,118
4,103
4,311
4,51
4,32
4,164
4,68
4,415
4,133
4,175
4,33
4,191
4,254
4,112
4,193
4,243
4,428
4,199
4,269
4,131
4,323
9,440
4,443
4,310
4,58
4,2
4,142
4,514
4,333
4,5
4,339
9,274
4,10
4,360
4,180
4,139
4,16
4,186
4,94
4,108
4,380
4,367
4,153
9,154
9,92
9,190
9,300
4,136
4,35
4,98
4,504
4,267
4,425
4,19
4,185
4,388
9,134
4,250
4,85
4,252
4,15
4,25
4,27
4,14
4,233
4,197
4,38
9,57
4,396
4,126
4,182
4,170
4,39
4,148
4,303
4,78
9,87
9,114
9,130
9,50
4,31
4,44
4,81
4,392
4,638
4,407
4,173
4,399
4,111
4,7
4,172
4,12
4,187
4,397
9,212
4,9
9,23
4,177
4,46
9,346
4,21
9,42
4,147
4,123
4,18
4,293
4,74
4,29
4,140
4,604
4,376
4,622
6,347
4,670
4,523
9,464
4,661
4,321
4,602
4,582
4,96
4,36
9,683
4,69
4,625
4,570
4,448
4,659
4,648
4,414
4,63
4,620
4,385
9,603
4,572
9,593
4,309
4,505
4,484
4,668
4,674
4,547
9,169
4,571
9,242
4,557
4,70
9,641
9,403
4,627
4,349
4,1
4,569
4,201
4,6
4,305
4,673
9,450
4,605
4,306
4,65
