52,1288
33,1285
33,1229
43,1254
10,1294
44,1290
33,1302
45,1153
33,1242
33,1262
33,1292
33,1102
33,282
33,1185
51,1240
50,998
35,1197
33,1238
49,1300
51,1168
33,1174
33,1187
33,1303
49,1299
33,1210
33,1272
44,1280
10,645
33,1247
10,1271
33,1054
33,1037
33,238
33,613
48,670
47,1156
33,823
33,1189
44,1255
33,757
33,1276
43,1230
53,1307
10,1172
33,946
37,621
33,434
10,913
47,1219
33,685
10,860
33,1209
33,365
33,682
33,1148
33,956
47,1281
51,995
13,509
10,1109
33,636
33,1047
33,540
33,563
33,958
33,438
44,1184
49,405
47,651
33,1231
33,825
47,1139
33,528
33,1146
33,1186
33,1118
47,1092
33,845
33,925
10,1235
36,1130
43,1308
41,1261
33,1068
10,1074
33,700
35,1016
33,619
33,1266
51,921
33,982
43,1232
13,399
33,1076
33,417
10,1282
29,1151
10,1226
33,1287
33,853
47,1142
45,1049
47,379
49,288
40,1056
33,859
19,826
50,794
33,809
34,1190
33,1245
33,915
13,1160
33,1183
49,1202
33,666
46,591
43,1066
33,1220
13,353
47,467
49,616
13,635
33,862
17,833
49,800
33,485
33,1297
49,1257
36,1286
29,1234
13,1104
43,1162
13,1128
43,1216
11,691
13,751
47,448
33,964
33,708
13,866
13,1127
33,1144
24,1256
13,492
13,950
33,1199
33,1289
12,1295
13,1233
33,1277
13,1030
13,469
34,916
10,1205
10,941
13,1243
33,1225
13,345
36,1133
13,999
33,1081
33,1175
33,1293
19,1129
10,626
41,428
39,1201
13,1196
10,1070
13,1181
13,1284
43,1112
13,1131
33,502
33,1006
7,721
13,1000
39,1071
10,819
13,716
13,1055
33,962
42,1249
13,1052
33,1171
13,817
19,1214
33,1163
13,1032
13,326
2,1244
13,1122
13,799
33,523
13,877
13,697
33,1221
33,991
13,840
33,1173
33,1008
3,987
13,850
33,609
13,1278
13,1304
13,1157
47,949
13,801
13,1027
13,1119
13,1192
4,1105
13,1134
31,954
33,740
13,1028
47,977
13,679
13,899
13,208
13,297
39,906
13,805
13,765
13,934
13,1298
13,1296
33,1283
13,1301
13,1218
13,1228
13,544
13,161
13,1269
13,404
13,1018
33,886
43,611
13,443
13,959
13,1085
13,253
13,667
13,473
13,450
39,695
13,402
26,287
8,378
13,994
13,856
13,764
13,1087
13,1200
39,974
13,1147
13,930
13,631
15,1136
13,503
13,989
4,1023
13,815
13,1079
13,565
13,696
13,1152
47,975
13,1115
47,615
13,213
13,923
13,1050
13,395
13,1126
13,846
13,649
13,795
13,888
13,488
13,658
4,955
13,1239
13,1159
13,430
13,790
13,785
13,908
13,1241
13,383
13,1179
49,1188
13,1265
13,1258
13,984
13,1259
33,966
13,1203
13,706
33,1215
13,358
13,420
13,269
13,1043
13,919
13,1260
13,842
13,1044
13,654
1,407
13,1161
13,1072
13,331
13,185
13,477
13,394
33,910
13,603
39,396
13,624
13,577
13,735
13,699
13,980
13,914
10,607
13,971
13,324
13,836
13,944
13,802
13,755
13,928
13,715
33,1264
13,907
13,876
13,376
13,347
13,789
13,644
13,262
13,855
13,1154
13,705
13,1208
13,496
36,804
13,546
13,837
13,472
13,986
13,922
13,191
13,527
13,869
13,1073
13,236
13,254
13,759
13,973
13,320
13,357
13,549
13,798
13,863
13,676
13,532
19,316
13,444
13,895
33,838
21,688
13,243
6,662
13,366
13,988
13,215
13,1213
13,196
13,743
13,811
13,929
13,1123
13,1251
13,1270
13,604
13,981
13,722
10,963
13,1064
13,589
13,612
13,260
13,879
13,766
13,709
13,848
13,871
13,359
33,704
13,1167
13,1275
13,285
13,873
13,717
13,841
13,887
13,844
13,750
13,573
13,1077
13,538
13,812
13,931
13,594
13,1042
13,961
13,1057
13,336
13,632
13,249
13,574
13,1108
13,672
13,690
13,281
13,517
13,1021
13,1113
13,1191
13,1031
13,227
13,657
13,470
13,880
13,550
13,1083
13,1060
13,1194
13,1029
13,481
13,633
13,306
13,322
13,211
13,200
13,233
13,997
13,720
13,882
13,872
13,454
13,1124
49,663
13,1125
13,386
13,1279
13,978
13,1088
14,1141
13,453
13,1069
13,1250
13,380
13,1114
13,990
13,421
13,835
13,414
13,768
13,425
13,1246
13,1204
13,828
13,427
13,409
13,293
13,1001
13,460
13,356
13,1022
13,1003
39,993
47,1039
13,489
13,1010
13,520
13,796
13,329
33,1035
13,936
13,1099
13,767
13,983
13,318
13,729
13,397
13,752
13,687
13,1166
18,596
13,665
15,1121
13,1143
13,1075
13,1004
13,948
13,511
13,683
13,255
13,436
13,373
13,889
13,1135
13,480
13,821
13,622
52,728
13,416
13,967
13,1007
13,553
13,385
13,985
13,992
13,661
13,308
13,924
13,1116
13,797
13,733
13,564
13,774
13,1101
13,1176
13,419
13,222
13,300
13,363
13,898
13,338
13,829
13,507
13,1094
33,1137
13,933
13,599
39,937
13,656
13,461
13,225
13,491
13,277
13,1082
13,1045
13,874
13,1117
13,839
13,583
13,598
13,263
13,458
13,452
13,852
13,832
27,465
13,1053
13,957
13,1089
13,1149
13,335
13,951
33,769
13,431
13,814
33,782
13,349
13,433
13,628
13,266
33,398
13,142
13,157
13,680
13,593
13,432
13,555
13,343
13,578
13,568
13,515
13,572
13,466
13,439
13,793
13,206
13,543
13,271
13,435
13,370
13,242
13,235
16,352
13,602
13,518
13,557
13,146
13,938
13,451
13,884
33,508
13,495
13,777
13,423
13,671
13,120
13,145
13,762
13,745
13,711
13,702
13,810
13,1120
19,1046
13,1274
33,585
22,442
13,625
13,710
13,181
13,367
13,1180
13,787
13,1267
13,707
13,426
13,854
13,1019
13,415
13,581
13,535
13,344
13,1236
13,446
19,664
13,668
28,960
13,818
13,311
13,784
13,1038
13,1017
13,917
13,1111
13,1103
13,1252
13,552
13,542
13,1065
13,834
13,1150
13,1106
13,736
13,1014
13,703
13,808
13,422
13,355
13,806
13,424
13,1158
13,1237
13,516
13,279
13,510
13,659
13,410
13,412
13,501
13,223
13,372
13,524
13,459
13,342
13,730
13,878
13,497
13,827
13,1012
13,561
13,1227
13,234
13,533
13,483
13,783
13,776
13,1090
13,1178
13,775
13,259
13,870
13,830
13,570
13,713
13,327
13,1061
13,996
13,1140
13,885
13,881
13,362
13,559
13,674
13,820
13,911
13,935
13,901
13,1212
13,970
13,280
33,1051
13,525
13,1211
13,1005
13,296
13,354
13,478
13,246
13,900
13,113
13,560
13,303
13,732
13,307
13,231
13,455
13,731
13,861
49,726
13,1020
13,788
13,1198
13,298
13,779
13,610
13,953
13,851
13,1011
13,479
13,1132
13,725
13,675
33,447
13,741
13,896
13,1086
13,150
13,237
13,401
13,531
13,512
13,694
13,268
13,361
13,244
13,494
13,382
13,325
13,608
13,1033
13,539
13,332
13,758
13,292
13,218
13,229
13,152
13,718
13,575
13,723
13,673
13,772
13,341
13,681
13,927
13,778
13,754
13,1067
13,1138
13,1059
13,647
13,413
13,567
13,232
13,822
13,920
13,791
13,1080
13,351
13,639
13,744
13,623
13,945
13,640
13,1025
13,875
13,334
13,617
13,348
13,712
13,317
13,556
13,1096
13,1110
13,1155
13,698
13,943
13,952
13,1002
13,387
13,883
13,1036
13,865
13,734
13,1164
13,748
13,1058
13,212
13,660
13,1224
13,475
13,456
13,346
13,701
13,780
13,390
13,267
13,595
13,505
13,641
13,605
13,600
13,597
13,286
13,646
13,500
13,620
13,965
13,193
13,289
13,388
13,562
13,643
13,807
13,771
13,739
13,669
13,763
13,571
13,693
36,918
13,530
13,304
13,381
13,498
13,278
13,137
13,868
13,727
13,677
13,369
13,590
13,947
13,197
13,159
13,642
13,537
13,847
13,686
13,894
13,592
13,714
13,513
13,514
13,295
13,174
25,1024
13,1026
13,968
13,719
13,283
13,265
13,339
19,761
13,309
13,749
13,738
13,153
13,411
45,313
13,892
13,566
13,134
13,781
13,301
13,258
13,226
13,241
13,652
13,857
13,123
13,1009
13,178
13,59
13,476
13,1040
13,391
13,93
13,190
13,330
13,1177
13,891
13,471
13,172
13,1182
13,792
13,221
13,692
13,1195
13,1034
13,291
13,770
13,678
13,1098
13,773
47,1015
12,909
13,554
38,547
13,1100
13,449
13,932
13,586
13,526
13,482
13,429
13,1165
13,207
13,315
13,418
13,979
13,580
13,558
13,653
13,905
13,601
13,490
13,210
13,545
13,276
13,1091
13,393
13,171
13,831
13,522
15,333
13,816
13,893
30,541
13,389
13,618
13,536
23,684
13,824
13,484
13,637
13,867
13,519
13,323
13,360
13,474
13,1248
13,228
13,310
13,182
13,529
13,849
13,813
13,588
13,926
13,499
13,305
13,843
13,1169
13,441
13,368
13,194
13,655
13,437
13,1084
13,290
13,753
13,340
13,912
13,141
13,256
13,1253
13,1305
13,1291
44,1306
13,274
13,400
13,204
13,273
13,468
13,638
13,445
13,904
13,786
13,384
13,803
13,314
13,689
13,737
13,760
13,408
13,364
13,534
13,187
13,902
13,747
13,1041
13,587
13,275
13,1063
13,634
13,746
13,464
13,1273
13,440
13,247
13,462
13,406
13,582
32,169
13,858
13,1097
13,245
13,1268
13,1223
13,1062
13,252
13,220
13,132
13,940
13,149
13,463
13,969
13,506
13,1217
13,261
13,96
13,156
13,328
13,155
13,60
13,30
13,5
13,51
13,80
13,180
13,98
13,166
13,44
20,28
13,85
13,48
13,392
13,170
13,136
13,606
13,1312
13,1309
13,1310
13,1316
13,1314
13,1315
13,1313
13,1319
52,1318
13,125
36,504
13,371
13,648
13,627
13,165
13,897
13,107
13,188
13,1078
13,375
13,264
13,284
33,214
13,1193
13,1206
13,1263
13,312
13,192
13,203
13,177
13,377
13,251
13,976
13,630
13,144
13,250
13,890
13,650
13,569
13,199
13,202
13,201
13,164
13,50
13,205
13,95
13,576
13,579
13,1207
13,124
13,614
13,175
13,139
13,374
13,52
13,23
13,13
13,65
13,756
13,61
39,84
13,109
13,162
13,54
13,14
13,7
13,1325
13,25
13,47
13,76
13,34
13,319
13,1170
13,186
13,128
13,148
13,493
13,112
13,32
13,403
13,195
13,33
13,127
13,1330
13,22
33,45
13,1321
13,3
13,29
13,119
13,176
13,299
13,147
13,63
13,548
13,183
13,217
13,198
13,111
13,37
13,55
13,75
13,73
13,41
13,38
13,1335
13,1320
13,189
5,66
13,1329
13,86
13,143
13,2
13,12
13,26
13,163
13,79
13,91
13,106
13,31
13,18
5,62
33,40
13,230
13,78
13,151
13,64
13,89
13,74
13,629
13,584
13,1327
15,1328
13,100
13,116
13,53
13,140
44,71
13,158
13,1107
13,239
13,56
13,88
13,724
13,302
13,94
13,337
13,11
13,1334
13,1324
13,99
13,114
13,10
13,9
13,21
13,1331
13,70
13,154
13,110
13,87
13,17
13,224
13,168
13,486
13,321
13,551
13,1145
13,179
13,248
13,257
13,81
13,1095
13,160
13,864
13,350
13,130
13,46
13,942
1,131
13,97
13,972
13,1048
13,216
13,105
13,939
13,272
13,209
13,487
13,270
13,103
13,138
13,36
13,49
13,1311
13,69
13,57
13,101
13,219
13,77
13,72
13,121
13,35
13,122
13,19
13,457
13,294
13,24
13,115
13,104
13,126
13,68
13,742
13,129
13,20
13,15
13,1333
13,90
13,1323
13,58
13,1326
13,1336
13,1
13,1093
13,521
9,16
9,108
47,43
9,42
9,173
9,133
9,4
9,240
45,135
9,118
9,82
33,92
33,1332
45,1222
51,1013
33,39
33,67
52,6
33,27
33,1317
33,903
33,1322
33,102
44,8
51,117
33,167
33,83
52,184
