181,667
153,680
38,672
8,649
150,652
190,651
136,634
74,671
118,669
159,660
102,510
134,656
21,631
146,647
172,598
148,594
39,682
111,107
170,515
108,405
122,138
108,474
119,481
10,519
145,507
42,552
145,639
74,646
117,495
95,617
124,553
5,658
155,616
95,527
167,584
185,543
19,535
142,654
140,583
74,558
57,636
114,664
92,608
126,655
108,666
120,653
24,629
83,676
68,599
124,560
1,601
74,358
108,644
106,446
109,678
74,71
142,633
153,588
42,145
93,395
47,234
35,550
186,426
74,485
192,430
53,429
70,374
155,302
185,129
188,308
74,327
74,416
74,82
115,257
63,8
44,52
17,489
176,152
73,143
77,421
126,587
74,612
23,579
106,623
175,565
74,90
125,486
9,600
47,452
74,378
39,534
162,549
19,352
149,195
12,432
185,353
77,454
167,417
38,473
58,546
74,363
55,330
4,216
108,228
67,427
54,491
74,536
161,453
11,410
95,400
132,541
155,334
99,350
125,555
36,595
13,663
73,637
3,650
91,643
74,563
44,657
74,508
112,681
80,662
63,372
141,626
74,404
10,590
74,513
125,465
154,478
77,447
155,246
174,611
43,613
167,554
7,580
74,566
160,529
184,568
74,476
157,597
74,591
44,551
74,521
54,574
113,573
139,562
45,585
34,511
89,537
74,412
164,632
164,592
18,576
16,578
46,610
60,642
74,615
63,487
63,533
76,530
11,497
6,455
32,544
71,556
96,630
86,531
182,456
140,479
29,268
135,517
129,282
102,422
155,444
69,509
121,351
75,218
71,329
158,326
60,420
141,451
33,518
73,461
170,394
147,528
133,437
95,324
57,548
162,213
155,202
37,645
155,624
39,496
74,460
42,226
144,545
81,204
154,356
84,377
179,127
74,270
105,159
74,217
82,73
63,249
78,291
51,449
63,337
44,72
74,40
118,442
74,459
74,64
106,364
74,419
74,101
74,439
19,609
67,577
48,561
44,606
8,684
98,532
108,618
74,538
92,614
74,581
77,525
11,559
74,539
69,540
144,214
74,677
30,635
22,564
72,607
62,596
66,431
78,492
75,665
187,409
155,297
63,406
108,141
74,462
74,340
84,488
74,522
174,418
20,467
173,475
69,307
155,493
108,381
77,296
74,231
63,120
72,285
40,277
44,391
11,56
63,211
107,524
90,122
73,362
169,271
74,498
154,298
74,503
74,247
85,463
102,86
159,441
64,567
79,28
74,283
97,317
65,266
75,506
85,117
74,184
74,433
41,361
74,483
71,336
94,342
78,322
69,345
3,79
74,280
106,241
116,436
65,178
14,259
74,237
74,162
74,132
59,424
163,256
31,411
74,80
138,371
100,97
177,229
191,166
74,390
74,413
186,325
153,526
2,179
25,286
106,457
56,67
104,466
63,490
73,393
49,575
108,369
79,379
184,471
73,176
154,289
74,398
71,253
74,232
74,512
88,621
74,49
74,288
63,240
108,207
151,276
74,320
66,124
73,542
74,458
105,335
152,239
74,469
22,220
73,354
103,105
8,294
73,279
123,375
184,275
106,470
180,435
74,382
74,384
74,401
74,516
67,161
108,263
74,206
84,386
74,316
15,209
158,125
73,258
74,75
74,331
74,370
86,244
28,160
165,198
106,48
70,205
63,248
77,357
74,494
87,200
74,281
64,272
184,168
74,365
74,373
69,151
166,328
74,265
63,119
52,227
63,43
186,60
63,30
7,188
171,110
101,34
71,438
74,287
127,167
70,238
74,434
74,181
143,158
137,41
69,189
128,100
74,299
63,304
108,113
189,389
74,224
74,278
74,501
130,675
53,679
74,619
74,245
77,500
74,480
71,520
186,686
155,640
74,628
74,589
74,502
74,45
74,402
74,104
74,20
106,319
77,53
170,255
74,332
74,355
155,225
74,22
74,292
74,313
74,685
73,368
61,423
63,54
75,84
74,348
94,215
74,586
154,264
74,55
74,338
153,203
74,315
27,482
74,11
74,273
185,174
74,343
178,499
74,66
74,408
74,383
74,468
74,208
74,472
70,146
66,106
74,102
74,314
74,89
74,61
74,221
184,318
74,261
70,210
74,121
52,222
66,144
63,76
69,157
50,149
74,26
74,196
74,59
74,135
26,284
74,260
74,91
108,17
74,194
104,3
73,99
182,235
74,171
74,301
74,445
74,477
74,366
70,47
74,83
74,312
74,115
84,62
74,192
74,183
74,165
74,150
110,37
108,93
108,219
108,13
74,251
168,341
182,236
73,77
74,156
74,155
74,295
74,116
74,359
69,230
74,109
156,163
74,262
63,95
74,128
74,24
74,4
108,223
74,344
74,387
184,137
74,88
74,290
71,118
74,103
74,311
74,51
74,32
74,164
74,68
74,415
74,133
74,175
74,33
74,191
74,254
74,112
74,193
74,243
66,428
74,199
74,269
74,131
74,323
182,440
74,443
74,310
74,58
74,2
74,142
74,514
74,333
74,5
74,339
187,274
74,10
74,360
74,180
74,139
74,16
74,186
74,94
74,108
74,380
74,367
74,153
179,154
185,92
183,190
186,300
74,136
74,35
70,98
74,504
74,267
74,425
74,19
74,185
74,388
185,134
74,250
74,85
74,252
106,15
74,25
74,27
108,14
74,233
74,197
74,38
186,57
74,396
74,126
74,182
74,170
74,39
74,148
74,303
74,78
184,87
186,114
184,130
191,50
74,31
74,44
74,81
74,392
74,638
74,407
74,173
74,399
74,111
74,7
74,172
74,12
74,187
108,397
186,212
68,9
184,23
74,177
74,46
185,346
74,21
180,42
108,147
74,123
74,18
74,293
74,74
74,29
74,140
74,604
74,376
74,622
131,347
74,670
108,523
189,464
74,661
74,321
74,602
74,582
74,96
74,36
186,683
74,69
74,625
74,570
74,448
74,659
74,648
74,414
74,63
74,620
74,385
185,603
74,572
184,593
74,309
74,505
74,484
74,668
74,674
74,547
182,169
74,571
184,242
74,557
74,70
177,641
182,403
108,627
74,349
74,1
74,569
108,201
74,6
74,305
74,673
185,450
74,605
106,306
108,65
