169,374
210,735
208,664
99,665
107,710
99,704
71,660
208,326
55,699
158,672
41,650
81,602
98,356
244,540
112,667
99,599
167,617
112,638
130,716
194,695
180,655
177,693
71,555
177,627
177,697
33,696
116,621
93,588
174,604
180,589
27,132
4,570
99,259
111,289
134,401
46,571
60,56
131,622
200,568
177,493
170,728
145,647
103,709
115,734
46,670
33,629
176,714
114,715
218,700
121,686
177,720
104,712
187,579
193,536
161,631
33,541
205,293
46,637
101,733
45,731
64,633
202,657
208,603
101,616
46,576
236,479
148,572
132,598
234,452
81,587
188,724
136,623
182,727
45,708
177,711
236,674
198,651
236,600
195,713
123,565
205,702
102,701
208,634
210,684
115,654
171,669
198,630
129,680
130,543
172,510
130,492
177,594
177,561
186,721
116,546
33,641
196,258
186,535
243,460
97,688
177,642
109,692
33,433
177,517
11,521
177,440
153,485
206,482
33,624
149,325
57,564
174,529
135,620
109,530
182,575
175,26
194,671
133,658
23,321
31,656
160,628
224,524
177,538
22,478
177,126
33,380
62,198
67,218
56,367
195,430
197,416
33,409
220,539
203,498
152,652
164,368
162,515
93,648
118,501
95,406
13,109
103,509
115,673
114,668
33,593
64,698
7,690
67,542
105,608
185,488
228,646
148,581
45,606
217,679
238,722
143,247
67,96
189,360
192,534
46,338
96,580
166,643
226,619
157,551
141,459
58,601
137,613
173,442
113,516
21,456
225,46
142,591
108,188
201,508
177,649
189,103
175,424
54,322
207,553
204,566
5,635
12,585
70,502
29,717
165,597
112,489
83,659
33,514
88,560
201,499
9,567
100,497
120,388
122,494
127,145
70,398
20,473
33,435
156,413
64,486
181,454
216,531
71,662
220,389
75,339
159,528
110,470
150,120
130,309
203,429
168,436
241,420
218,396
200,350
6,507
160,372
112,294
33,184
65,242
237,385
178,300
1,487
127,618
67,523
25,316
67,370
61,466
183,450
177,65
52,395
138,519
245,513
168,36
17,58
219,45
170,563
61,160
50,677
61,644
139,544
73,490
28,547
209,341
163,353
45,462
211,60
33,74
177,245
177,153
199,586
72,506
181,449
146,314
196,477
188,238
124,329
169,511
33,392
33,549
200,432
101,362
177,504
174,292
214,505
8,394
2,277
210,354
42,554
230,230
15,471
14,422
165,483
242,268
62,343
190,11
104,330
43,9
147,423
66,129
3,481
127,178
227,290
171,225
223,439
228,119
168,31
79,166
118,111
33,170
26,324
170,550
48,315
33,124
29,375
10,303
218,61
59,146
119,384
209,319
30,200
232,219
239,279
64,311
126,467
246,469
177,444
128,453
162,127
31,334
144,455
66,274
221,227
18,239
50,474
21,237
46,37
154,297
78,148
64,226
172,157
33,224
33,128
168,520
21,661
33,345
33,7
160,23
131,203
51,251
40,241
165,196
162,183
177,234
62,426
151,313
168,271
168,141
33,270
34,182
177,105
47,191
74,265
42,295
165,215
69,181
142,147
201,197
19,348
236,573
36,552
208,605
207,415
47,537
44,443
201,512
33,386
125,557
235,412
80,390
33,522
168,187
48,363
89,189
147,558
146,12
129,70
33,451
33,427
177,441
46,491
140,468
29,205
177,342
33,556
64,318
144,287
169,359
177,28
121,138
33,403
141,140
168,100
165,161
64,13
28,6
84,4
106,33
33,16
33,192
82,59
228,64
51,261
212,82
43,52
46,276
39,149
184,142
33,43
237,387
168,102
33,114
215,173
94,5
177,266
177,222
33,280
117,32
177,465
33,582
236,437
215,425
85,336
33,233
209,211
86,361
33,286
237,495
171,636
191,382
37,400
177,607
52,480
55,484
33,323
168,337
16,185
92,331
229,272
32,344
33,383
151,162
48,17
33,136
236,244
33,418
38,615
168,463
236,283
24,545
33,496
76,86
33,291
86,236
63,41
147,320
148,90
222,168
162,257
50,377
46,1
91,112
33,29
63,263
33,116
62,177
33,47
155,475
177,121
33,327
33,216
213,55
47,448
171,308
179,332
168,137
46,206
66,10
77,592
66,457
35,199
52,317
182,107
33,164
61,369
160,249
177,404
50,106
33,248
33,306
168,378
54,373
33,737
53,685
168,405
33,125
33,458
46,421
33,626
33,22
46,262
76,408
33,93
33,340
33,123
168,476
171,518
33,333
33,75
33,92
182,175
33,683
33,229
216,25
48,104
49,40
50,24
36,718
33,51
33,101
33,464
51,569
87,666
46,610
33,574
33,639
33,675
33,625
177,632
46,221
68,73
33,730
82,726
46,676
33,115
242,682
240,691
236,472
34,736
33,596
33,583
33,577
228,500
236,611
33,612
33,252
33,201
86,30
33,21
33,19
33,89
33,91
33,209
33,366
46,88
171,281
33,223
47,195
236,307
48,118
21,68
33,35
86,328
33,38
52,379
33,50
78,194
84,256
90,80
238,288
33,139
33,298
236,193
46,304
33,357
33,85
33,44
33,143
33,27
179,95
33,407
33,278
33,445
86,584
179,364
33,365
33,253
182,67
236,446
33,152
33,208
33,110
168,335
182,431
147,376
33,310
50,42
33,346
33,172
33,165
243,381
33,156
155,240
33,231
33,371
234,135
182,72
33,113
33,167
33,217
33,18
33,15
33,186
33,169
33,144
86,48
33,34
168,207
33,2
240,84
179,267
181,246
181,393
33,243
233,299
171,414
33,8
33,83
46,3
33,351
33,63
33,179
33,352
33,57
33,81
178,108
177,202
33,503
33,411
33,402
33,154
33,264
178,461
33,204
33,133
33,312
168,447
33,49
33,296
179,213
241,235
33,122
33,284
33,355
46,174
231,190
33,347
33,39
33,260
33,214
33,62
33,210
33,134
242,87
33,77
33,250
33,79
33,130
33,20
33,117
33,97
68,254
33,131
245,180
33,159
33,419
179,54
33,94
33,98
33,53
33,255
33,71
33,158
33,176
33,275
178,397
182,228
46,150
239,723
33,548
33,76
242,527
182,706
177,438
33,562
177,732
33,66
235,78
33,725
237,578
33,703
182,410
33,434
33,707
236,694
33,349
33,705
33,533
33,719
33,417
33,689
33,220
33,399
236,729
33,559
236,155
236,678
236,302
33,687
33,358
33,609
33,526
33,273
33,681
33,653
33,525
33,212
33,640
177,595
236,69
33,590
33,99
33,14
236,663
33,232
236,305
182,614
33,301
33,151
238,391
182,285
33,532
236,428
33,645
33,269
33,163
182,171
177,282
