27,135
18,167
2,130
9,219
8,278
42,276
27,223
63,192
22,162
17,325
65,201
62,287
50,343
30,265
22,299
12,319
5,235
13,382
18,341
14,141
8,123
13,182
9,381
5,304
11,395
25,418
8,378
18,448
16,222
5,298
9,349
27,449
62,396
20,87
46,406
51,76
62,455
12,405
8,364
9,397
14,311
30,458
13,463
30,473
62,467
25,13
30,36
13,215
62,153
8,344
62,432
42,438
14,371
42,322
5,279
22,216
62,194
25,307
30,294
63,121
63,208
11,470
46,421
24,474
22,54
62,6
25,52
30,303
8,138
33,224
62,380
62,433
25,63
24,110
62,331
58,379
33,315
24,35
63,353
8,246
33,321
62,360
30,317
33,392
30,146
62,372
58,269
13,180
63,460
30,387
14,206
33,189
8,273
22,383
30,231
30,357
63,242
19,476
33,258
20,237
62,184
62,106
63,103
30,115
20,114
63,156
33,295
30,89
62,462
46,339
62,61
7,176
62,79
63,97
63,197
13,165
14,318
22,227
25,290
22,270
39,388
8,301
56,400
62,284
20,232
30,267
62,347
11,257
33,183
56,332
7,209
7,255
14,291
25,217
56,327
30,384
30,158
42,456
25,239
30,316
56,359
33,305
5,8
33,342
30,60
43,401
62,336
30,323
33,187
30,233
30,252
25,157
51,101
30,124
30,296
63,171
62,72
63,49
8,179
66,127
30,109
56,57
6,113
33,37
63,166
62,147
56,86
62,45
25,111
30,82
62,186
62,102
7,33
33,168
30,71
63,51
20,320
25,66
62,75
44,172
25,408
56,12
63,454
63,361
33,466
62,338
62,414
12,160
34,459
9,354
8,461
56,434
33,11
39,425
22,377
30,398
63,435
11,285
7,328
30,90
56,196
30,281
30,253
20,211
30,203
35,272
30,329
39,247
63,429
30,345
30,245
19,236
30,370
30,373
51,148
39,261
63,251
20,250
56,404
24,170
30,243
54,326
56,140
41,205
9,260
14,221
63,126
30,154
33,155
22,14
36,293
63,375
62,202
19,42
56,297
30,367
63,175
25,362
63,145
8,210
20,150
37,151
30,200
19,161
30,83
45,96
30,207
25,213
19,137
30,214
30,330
62,104
30,108
25,59
63,313
7,85
63,47
63,95
33,136
30,228
30,68
33,44
9,300
20,366
56,363
25,457
63,465
7,444
44,346
63,259
23,283
30,144
34,142
20,174
27,314
56,193
22,149
56,164
39,262
27,356
30,185
20,81
33,92
63,107
30,229
22,129
56,70
7,84
7,352
63,77
63,99
19,351
30,306
39,58
63,139
62,248
30,119
54,152
56,238
30,181
63,374
25,254
42,302
57,134
63,310
32,169
39,451
19,427
16,73
25,67
52,26
9,46
30,178
33,391
46,266
63,440
43,424
63,422
56,348
62,416
45,7
47,478
62,32
19,280
56,1
30,376
63,275
30,439
30,389
30,446
46,407
63,472
10,218
7,204
7,241
63,264
19,274
60,105
63,100
15,177
56,282
63,125
56,368
48,442
30,34
29,369
63,420
26,355
59,244
15,98
32,234
33,249
45,337
66,324
19,308
33,402
37,212
7,292
63,413
45,65
61,56
30,195
31,230
53,9
7,415
30,94
30,394
20,15
20,277
30,286
47,118
43,120
30,436
25,417
30,64
27,78
67,74
55,220
46,426
41,477
57,271
56,410
36,365
63,334
5,335
18,412
35,288
63,112
28,132
11,464
25,256
43,431
1,358
22,173
55,268
59,131
52,447
30,468
9,199
63,289
63,471
19,445
16,163
30,430
53,27
58,21
28,80
62,423
17,93
7,191
9,50
7,69
21,240
60,122
22,39
27,159
22,5
55,31
5,40
20,23
39,263
26,4
8,225
26,411
67,312
24,469
25,190
14,399
30,333
6,437
7,62
48,128
41,198
64,390
30,25
22,30
10,24
48,17
27,55
26,143
1,450
20,385
3,419
29,41
6,20
28,428
7,133
55,117
59,226
5,453
25,91
4,53
14,43
62,48
53,22
63,18
31,88
52,116
66,16
35,38
64,188
63,309
49,403
7,29
29,340
61,350
49,441
7,393
9,3
39,452
6,443
28,19
49,28
40,386
17,2
38,409
23,475
27,10
