16,135
11,167
2,130
6,219
5,278
23,276
16,223
32,192
14,162
10,325
33,201
32,287
26,343
18,265
14,299
7,319
4,235
7,382
11,341
7,141
5,123
7,182
6,381
4,304
6,395
16,418
5,378
11,448
9,222
4,298
6,349
16,449
32,396
12,87
24,406
26,76
32,455
7,405
5,364
6,397
7,311
18,458
7,463
18,473
32,467
16,13
18,36
7,215
32,153
5,344
32,432
23,438
7,371
23,322
4,279
14,216
32,194
16,307
18,294
32,121
32,208
6,470
24,421
15,474
14,54
32,6
16,52
18,303
5,138
19,224
32,380
32,433
16,63
15,110
32,331
30,379
19,315
15,35
32,353
5,246
19,321
32,360
18,317
19,392
18,146
32,372
30,269
7,180
32,460
18,387
7,206
19,189
5,273
14,383
18,231
18,357
32,242
12,476
19,258
12,237
32,184
32,106
32,103
18,115
12,114
32,156
19,295
18,89
32,462
24,339
32,61
5,176
32,79
32,97
32,197
7,165
7,318
14,227
16,290
14,270
22,388
5,301
29,400
32,284
12,232
18,267
32,347
6,257
19,183
29,332
5,209
5,255
7,291
16,217
29,327
18,384
18,158
23,456
16,239
18,316
29,359
19,305
4,8
19,342
18,60
24,401
32,336
18,323
19,187
18,233
18,252
16,157
26,101
18,124
18,296
32,171
32,72
32,49
5,179
33,127
18,109
29,57
5,113
19,37
32,166
32,147
29,86
32,45
16,111
18,82
32,186
32,102
5,33
19,168
18,71
32,51
12,320
16,66
32,75
24,172
16,408
29,12
32,454
32,361
19,466
32,338
32,414
7,160
20,459
6,354
5,461
29,434
19,11
22,425
14,377
18,398
32,435
6,285
5,328
18,90
29,196
18,281
18,253
12,211
18,203
20,272
18,329
22,247
32,429
18,345
18,245
12,236
18,370
18,373
26,148
22,261
32,251
12,250
29,404
15,170
18,243
28,326
29,140
23,205
6,260
7,221
32,126
18,154
19,155
14,14
20,293
32,375
32,202
12,42
29,297
18,367
32,175
16,362
32,145
5,210
12,150
21,151
18,200
12,161
18,83
24,96
18,207
16,213
12,137
18,214
18,330
32,104
18,108
16,59
32,313
5,85
32,47
32,95
19,136
18,228
18,68
19,44
6,300
12,366
29,363
16,457
32,465
5,444
24,346
32,259
15,283
18,144
20,142
12,174
16,314
29,193
14,149
29,164
22,262
16,356
18,185
12,81
19,92
32,107
18,229
14,129
29,70
5,84
5,352
32,77
32,99
12,351
18,306
22,58
32,139
32,248
18,119
28,152
29,238
18,181
32,374
16,254
23,302
29,134
32,310
19,169
22,451
12,427
9,73
16,67
27,26
6,46
18,178
19,391
24,266
32,440
24,424
32,422
29,348
32,416
24,7
25,478
32,32
12,280
29,1
18,376
32,275
18,439
18,389
18,446
24,407
32,472
6,218
5,204
5,241
32,264
12,274
31,105
32,100
8,177
29,282
32,125
29,368
25,442
18,34
17,369
32,420
16,355
30,244
8,98
19,234
19,249
24,337
33,324
12,308
19,402
21,212
5,292
32,413
24,65
31,56
18,195
18,230
27,9
5,415
18,94
18,394
12,15
12,277
18,286
25,118
24,120
18,436
16,417
18,64
16,78
33,74
28,220
24,426
23,477
29,271
29,410
20,365
32,334
4,335
11,412
20,288
32,112
16,132
6,464
16,256
24,431
1,358
14,173
28,268
30,131
27,447
18,468
6,199
32,289
32,471
12,445
9,163
18,430
27,27
30,21
16,80
32,423
10,93
5,191
6,50
5,69
13,240
31,122
14,39
16,159
14,5
28,31
4,40
12,23
22,263
16,4
5,225
16,411
33,312
15,469
16,190
7,399
18,333
5,437
5,62
25,128
23,198
33,390
18,25
14,30
6,24
25,17
16,55
16,143
1,450
12,385
3,419
17,41
5,20
16,428
5,133
28,117
30,226
4,453
16,91
3,53
7,43
32,48
27,22
32,18
18,88
27,116
33,16
20,38
33,188
32,309
26,403
5,29
17,340
31,350
26,441
5,393
6,3
22,452
5,443
16,19
26,28
22,386
10,2
21,409
15,475
16,10
