3,1206
34,1208
35,1210
34,1064
35,1219
6,1236
35,703
37,1232
34,1207
27,1157
17,1199
3,1082
27,1112
33,1212
27,1095
18,889
37,1144
17,1227
27,876
27,1118
37,1005
27,954
27,1089
35,1042
33,561
37,1087
36,591
27,1223
9,1139
27,928
4,1222
3,908
27,784
14,1077
27,891
27,1056
27,912
7,1228
27,1215
27,655
10,946
27,970
27,996
24,532
27,581
3,485
36,722
1,751
18,829
27,1192
37,1194
27,514
27,831
22,1197
27,633
26,967
35,500
27,1030
19,952
1,386
27,1221
18,880
26,1032
26,1166
26,1001
27,697
17,1133
20,659
26,993
34,1163
26,1196
33,1053
27,520
27,978
27,1204
28,1147
10,798
26,981
34,1101
20,850
22,1060
20,1153
18,1079
26,1195
26,1022
26,1010
20,1205
26,1116
26,636
1,701
26,1052
26,927
26,602
26,522
26,1094
5,853
26,351
26,745
26,811
19,1067
19,583
27,772
26,1086
26,863
26,716
9,564
10,385
26,816
26,725
26,580
26,1231
26,1176
10,882
35,411
27,660
15,920
26,913
18,374
9,288
36,631
26,683
38,393
20,518
27,621
27,400
27,577
26,1046
26,667
26,1114
26,554
26,456
35,723
19,720
19,953
11,959
21,1122
26,937
26,1058
26,543
26,982
26,578
10,791
26,511
35,1049
14,740
20,1098
8,692
15,727
24,593
35,427
26,415
22,493
34,430
10,1115
17,841
26,1031
26,919
10,861
19,1217
1,1224
26,1161
1,773
26,823
26,565
26,626
14,1120
22,991
26,979
26,1076
26,1182
26,526
26,1008
26,894
26,830
28,969
26,947
27,999
26,1105
26,704
26,512
26,428
19,612
26,486
26,744
26,1132
26,466
22,842
26,980
26,1063
26,817
18,1029
26,775
26,568
23,681
26,730
12,781
26,851
26,1068
27,762
26,608
47,729
26,690
26,1141
26,944
13,767
26,611
19,930
26,1016
26,549
26,1121
26,609
26,790
26,865
26,825
27,1143
26,1047
24,845
26,984
26,1119
26,888
22,590
26,843
26,708
26,641
26,685
7,574
22,1211
26,1225
26,642
26,1198
26,1202
26,1226
35,698
26,972
17,1051
26,1156
17,1184
26,837
19,684
26,1177
26,713
26,1229
26,1164
17,1126
28,801
26,924
26,917
26,1216
26,1235
26,1218
26,1158
26,872
26,1209
26,1185
26,1136
26,916
26,1017
26,1234
26,1138
35,1036
26,1104
26,1220
16,709
26,1175
26,800
26,1088
26,921
19,584
17,465
26,1146
17,1169
26,918
26,962
26,1142
26,788
26,1055
26,1129
26,765
26,1128
26,802
19,629
26,777
19,1075
27,1018
26,669
26,896
26,824
26,938
26,529
26,388
26,792
26,854
26,535
35,1069
20,878
26,1180
26,810
23,1170
27,1171
26,285
26,915
26,1151
26,1092
23,652
15,1154
26,1168
26,334
26,1173
1,645
26,412
26,657
26,846
26,503
10,995
26,318
26,866
26,1109
26,983
1,910
26,1125
26,809
26,1145
26,625
26,505
20,732
26,1004
26,771
26,968
26,1024
26,855
26,956
23,743
26,1083
26,1045
26,1131
26,640
18,933
26,524
26,1165
26,1000
26,760
26,1174
26,617
26,1187
10,955
26,884
26,904
26,1048
26,752
26,844
26,536
26,632
26,1044
26,1200
21,587
26,1034
26,828
17,1123
6,717
26,813
26,869
26,974
26,1003
26,840
26,1090
26,1135
26,1084
26,769
1,1040
35,964
26,502
26,1021
26,1106
26,754
26,1006
44,1113
10,966
26,832
26,594
26,682
26,691
26,618
27,1137
26,1189
26,1002
26,712
26,1213
26,793
25,961
26,895
26,1230
26,1214
26,677
26,348
26,1178
26,936
19,934
26,932
26,1188
26,395
26,734
15,1152
26,1111
27,997
13,1043
26,758
2,906
26,676
26,903
31,646
26,1148
26,925
26,668
26,1071
26,949
26,1140
26,540
26,875
22,322
20,735
26,747
26,544
26,390
36,1097
26,1183
26,569
26,941
26,702
45,893
26,582
6,647
26,1059
26,1134
26,768
26,960
26,858
26,929
17,990
26,672
29,1130
26,1020
26,864
26,551
26,282
26,601
26,886
27,513
26,449
26,1110
26,623
26,988
26,779
26,736
19,572
26,1124
26,320
26,586
26,275
26,384
26,812
26,592
20,635
26,380
26,1167
26,1062
26,746
26,883
10,1033
20,506
26,958
26,852
26,976
26,494
26,562
26,497
26,898
26,527
25,870
43,731
26,530
19,787
26,987
35,794
26,897
26,573
26,1093
26,733
26,689
26,403
26,501
20,822
26,1054
26,902
26,821
26,627
26,662
26,780
26,671
23,710
26,445
26,839
26,539
26,566
26,1023
26,948
26,1149
26,877
26,686
24,890
26,867
26,911
26,885
26,776
26,973
20,1014
26,1091
26,1072
26,567
26,1028
26,1027
26,1080
26,498
1,695
26,600
26,940
26,488
26,496
26,558
26,556
26,408
26,432
26,439
26,437
26,674
26,795
26,1057
26,1150
26,579
26,576
26,738
26,441
26,422
26,198
26,93
26,95
26,286
26,489
26,257
26,157
26,236
26,311
26,477
26,806
26,696
26,610
26,994
20,724
26,458
26,860
26,596
26,1099
26,785
26,820
26,1009
26,504
26,1107
26,835
26,826
26,805
26,679
26,656
26,763
26,541
26,721
26,1061
26,418
26,650
26,753
26,649
26,766
26,874
26,750
26,922
26,957
26,783
26,926
26,807
26,1085
26,899
26,847
26,943
26,1100
26,986
26,670
30,764
26,654
26,510
26,665
26,818
26,387
26,862
26,588
26,658
26,827
26,310
26,375
26,680
26,394
26,223
26,1038
26,571
26,705
26,473
26,247
26,749
26,620
26,129
26,86
26,232
26,280
26,315
26,484
26,675
26,538
26,545
26,459
26,302
26,172
26,255
19,343
26,434
26,333
26,1015
26,585
26,971
26,546
26,859
26,624
26,507
26,266
26,209
26,349
1,219
26,517
26,443
26,435
26,292
26,104
26,354
26,552
1,542
26,164
26,214
26,188
26,151
26,297
26,347
26,737
26,550
26,416
26,848
26,360
1,371
27,598
26,352
20,267
26,338
26,128
26,433
26,487
26,834
26,296
26,871
26,977
26,799
26,856
26,1041
26,1073
26,475
26,139
26,833
26,401
26,1070
26,350
26,604
26,321
39,471
26,85
26,98
26,312
26,189
26,234
26,242
26,560
26,190
26,367
26,357
26,225
46,206
26,238
26,328
26,180
26,341
26,589
26,362
26,303
26,379
26,460
26,84
26,246
40,261
26,326
26,786
26,638
26,1103
26,256
26,942
18,814
26,399
26,548
26,218
26,173
26,193
26,141
26,143
26,279
26,277
26,78
26,63
26,313
26,363
26,105
26,472
26,220
26,688
26,605
26,323
26,421
26,1162
26,442
26,905
26,426
26,91
26,797
26,452
26,366
26,340
26,892
26,719
26,327
26,1190
26,998
26,228
26,224
26,210
26,254
26,339
26,474
26,715
26,270
26,121
26,213
26,186
26,289
26,202
26,290
26,252
26,378
26,112
26,308
26,156
26,273
26,836
7,1096
26,204
26,230
26,265
26,65
26,881
26,229
26,448
26,163
26,222
26,97
26,171
26,89
26,755
26,69
19,335
26,88
26,678
26,287
26,241
26,179
26,127
26,140
26,276
26,212
26,203
26,492
26,200
26,476
26,92
26,353
26,547
26,165
26,262
25,317
26,570
26,192
26,184
26,531
26,615
26,653
10,346
26,796
26,329
26,324
26,849
26,240
26,300
26,248
26,417
26,306
26,344
26,634
26,185
26,616
26,307
26,707
26,178
26,301
26,628
26,243
26,939
26,907
26,450
26,409
26,414
26,272
26,161
26,446
26,482
26,1159
26,706
26,253
26,264
26,490
26,951
26,603
26,423
26,398
26,413
26,1127
26,613
26,365
41,444
26,463
26,170
26,259
26,274
26,137
26,94
26,174
26,169
26,71
26,64
26,258
26,516
26,382
26,183
26,208
48,480
26,108
26,138
26,838
26,368
26,700
20,176
26,103
26,249
26,109
26,250
26,117
26,742
26,931
26,131
26,373
26,110
26,130
26,56
26,211
26,99
26,464
26,694
26,757
26,1155
26,1026
26,756
25,1025
26,622
26,1035
26,714
26,639
26,356
26,759
26,316
26,396
19,607
26,1181
26,739
26,559
26,533
26,1108
26,508
26,521
26,644
26,761
26,1065
26,619
26,331
26,661
10,606
26,168
26,455
26,614
26,741
26,555
26,406
26,782
26,525
26,519
26,726
26,963
46,231
26,693
26,673
26,804
26,1037
26,914
26,453
26,534
26,381
26,563
26,391
26,372
26,770
26,597
26,803
26,887
26,965
26,748
26,945
26,553
26,336
26,425
26,778
26,528
26,819
26,537
26,1201
26,1012
26,1013
26,950
26,451
26,599
26,278
26,495
26,637
26,728
26,361
26,467
26,901
26,330
26,197
26,975
26,1039
26,1203
26,461
26,868
26,1233
26,342
26,293
26,575
10,1019
26,291
26,181
26,195
27,111
26,216
26,251
20,648
26,436
26,457
26,364
26,470
26,392
26,808
26,478
26,900
26,389
26,1007
26,1172
26,1193
26,36
26,66
25,13
26,74
26,37
26,124
39,35
26,58
26,22
26,177
26,75
26,30
26,45
26,39
26,43
26,53
26,115
26,664
26,125
26,199
26,40
26,73
26,15
26,989
26,61
26,23
26,33
26,383
26,299
26,19
26,20
26,28
26,10
26,50
26,42
26,52
26,55
26,102
26,404
26,284
26,447
26,126
26,215
26,76
26,245
8,175
26,440
26,595
26,410
26,509
26,217
26,44
26,149
26,1066
26,304
26,499
26,332
26,298
26,194
26,227
26,419
24,1186
26,1078
26,167
26,54
26,152
26,187
26,221
26,81
20,1081
26,233
26,114
26,260
22,57
26,483
26,150
32,294
26,370
26,24
26,132
26,3
26,144
26,5
26,7
26,1237
26,9
26,4
26,70
26,2
26,79
26,153
26,14
26,72
26,25
26,8
26,21
26,26
42,51
26,17
26,1238
26,47
26,27
26,424
26,120
26,122
26,134
26,789
26,909
26,397
26,182
26,481
26,630
17,454
26,100
26,101
26,283
26,133
26,207
26,59
26,239
26,268
26,159
26,281
26,62
26,337
26,49
26,718
26,83
26,118
26,191
26,16
26,491
26,146
26,87
26,469
26,123
26,82
26,515
26,80
26,557
26,68
26,295
26,1191
26,879
26,666
26,325
26,992
26,420
26,462
26,1074
26,355
26,136
26,358
26,269
26,67
17,271
26,1117
26,1160
26,438
26,244
26,11
26,18
26,235
26,155
26,237
26,305
26,402
25,116
26,148
26,263
26,34
26,145
26,166
26,205
39,405
26,41
26,985
26,107
26,154
26,923
26,314
22,345
26,113
26,158
26,815
26,142
20,77
26,468
25,377
26,135
26,119
26,29
26,106
26,147
26,1050
26,196
26,1102
26,857
26,479
26,376
26,1179
26,1011
26,687
26,711
26,429
26,699
26,935
26,201
26,873
26,319
26,60
26,162
26,651
26,90
26,369
26,663
26,309
26,643
26,523
26,160
26,48
26,407
26,774
26,226
26,38
26,6
26,359
26,431
26,12
26,32
26,1
26,46
35,31
37,96
