1,825
16,1225
19,1247
19,1178
1,1182
16,1177
16,1222
1,996
1,1236
16,1239
19,1061
19,546
16,1097
16,1246
1,1112
1,856
1,1055
16,1185
16,1244
16,1046
16,1167
16,446
1,971
16,1229
1,1232
16,1224
1,987
1,1206
19,1184
16,520
1,1253
1,1179
1,968
16,1252
1,1077
16,1238
1,932
19,1191
19,1176
1,1085
16,619
16,988
16,913
19,1139
1,1140
16,1205
19,568
16,1223
1,1022
19,1148
19,414
1,776
16,670
19,1218
16,1168
19,1133
16,1195
19,667
19,804
1,623
19,964
16,1128
18,1159
1,632
1,865
1,783
19,586
16,843
19,1157
1,976
16,979
1,1033
15,1111
16,949
1,947
16,871
16,755
16,1132
19,516
1,502
16,322
1,1102
6,1180
16,901
16,937
16,848
16,1221
16,391
19,889
16,1203
18,1153
16,1169
16,535
16,1090
16,739
1,874
19,867
1,982
1,744
19,759
16,1149
1,407
16,1110
16,1109
1,1240
19,955
1,462
1,1227
1,727
16,558
2,1065
19,1219
16,1213
1,1135
16,1151
16,1241
1,615
16,1141
1,607
16,1173
1,270
16,752
18,765
16,1114
3,1188
1,767
1,894
18,594
1,1198
1,842
16,296
16,832
1,970
2,823
16,641
1,1142
16,785
16,773
16,725
16,1129
16,421
2,1117
1,1175
16,1234
1,1200
16,1230
1,1040
16,1212
19,1174
1,521
16,926
16,669
19,868
16,251
16,1171
16,1158
1,1120
16,466
16,927
1,675
1,552
4,940
19,792
1,1093
1,1044
1,455
1,571
16,981
16,953
9,510
2,1197
1,1030
16,1025
16,1026
1,1087
16,935
1,345
1,1215
7,529
16,1056
16,898
16,777
1,365
16,1201
3,1242
1,1235
1,951
19,756
16,797
16,610
16,1143
16,341
16,748
16,651
1,816
16,980
16,808
16,719
16,423
1,908
16,1125
16,1154
16,896
16,966
16,303
7,880
16,628
1,318
16,1181
1,1095
1,1138
16,872
16,1013
16,1192
16,1237
19,499
16,914
16,1243
16,794
16,1051
16,1103
1,1052
19,531
16,828
16,1163
16,1152
13,604
2,1228
2,385
1,1122
16,509
16,1194
19,1189
16,1116
8,1131
12,663
1,668
16,775
11,681
16,1001
16,995
16,1210
16,830
16,1127
16,1170
1,905
16,1130
16,1211
13,1078
16,409
16,1084
13,977
14,271
16,638
19,873
16,393
16,1193
16,1119
2,1092
16,672
16,699
16,403
3,892
16,1164
16,1049
2,1012
10,1249
16,1006
16,938
16,761
16,969
16,847
16,350
16,354
11,430
16,406
16,899
11,637
16,1126
16,993
16,1183
16,974
19,386
16,674
1,1144
16,1081
1,989
16,973
16,355
16,572
16,608
16,442
16,213
16,189
16,1220
16,286
1,272
16,513
2,309
16,850
16,508
16,852
16,737
16,944
16,1094
16,434
16,844
16,401
16,357
16,684
16,923
16,612
16,1079
16,702
19,616
16,720
16,500
16,860
16,321
16,791
16,904
16,811
16,717
16,232
16,734
16,1024
16,707
16,424
16,1075
16,729
16,269
16,747
16,602
16,790
1,419
16,538
16,240
16,360
16,362
16,489
16,273
16,329
16,1072
16,460
16,382
16,465
16,812
16,353
16,344
16,786
16,802
16,593
16,855
16,829
16,566
16,963
16,473
16,264
16,1156
16,965
16,554
16,1108
16,1136
16,939
16,408
16,343
16,585
16,447
16,262
16,916
16,936
16,858
16,550
16,439
16,461
2,247
16,644
1,945
16,718
16,486
16,338
16,551
16,664
16,478
16,528
16,577
16,656
16,870
5,1104
2,960
16,284
16,849
16,443
16,1004
16,781
16,250
16,879
16,691
16,763
16,706
16,1039
16,925
16,517
16,714
16,787
16,771
16,1050
16,220
16,890
16,692
16,503
16,1002
16,768
16,622
16,613
16,1123
16,475
16,324
16,745
16,1106
16,437
16,749
16,950
16,1187
16,754
1,713
16,1038
16,545
16,626
16,911
16,328
15,295
16,780
16,640
16,1034
16,203
16,201
13,444
16,441
16,560
16,840
16,857
16,959
16,582
16,736
16,906
16,900
2,511
16,798
16,770
16,1209
16,793
16,313
16,690
16,245
16,339
2,361
9,1003
16,796
16,620
16,415
16,716
16,351
16,288
16,396
16,305
16,789
16,479
16,603
16,530
16,834
16,310
16,555
16,693
16,268
16,910
16,526
16,817
16,1009
16,678
16,864
16,590
19,595
16,564
16,753
16,494
16,553
16,377
16,534
16,533
16,156
16,519
1,962
16,459
16,405
16,598
16,882
16,346
16,1019
16,398
16,512
16,1216
16,676
16,1186
16,639
16,501
16,922
16,1214
16,467
16,1035
16,1199
16,665
16,609
16,575
16,1029
16,983
16,601
1,381
16,199
16,645
16,492
16,930
16,687
16,998
16,347
16,282
16,741
16,1059
16,348
16,801
16,333
16,371
16,686
16,751
16,482
16,778
16,304
16,758
16,624
16,1060
16,184
16,174
16,204
16,562
16,1076
16,1172
16,760
16,319
1,234
16,853
16,942
16,1071
16,231
16,541
16,683
16,374
16,248
16,450
16,671
16,1010
1,573
16,182
16,148
16,1070
16,420
16,611
16,642
16,866
16,1018
16,722
16,402
16,144
16,81
16,158
16,180
16,312
16,334
16,135
16,958
16,515
16,428
16,155
16,113
16,146
16,118
16,139
16,173
16,196
16,138
16,218
16,862
16,1053
16,818
16,655
16,703
16,788
16,440
16,631
16,918
16,588
16,657
16,967
16,694
16,557
20,648
16,1047
16,934
16,306
16,367
16,876
16,505
16,289
16,316
16,984
16,618
16,1005
16,1100
16,454
16,1099
16,723
16,539
16,779
16,715
16,652
16,221
16,277
16,1020
16,799
16,731
16,1226
16,412
16,543
16,281
16,477
16,764
16,1000
16,659
16,294
16,456
16,504
16,822
16,358
16,733
16,851
16,827
16,1115
16,433
16,567
16,302
16,1107
16,366
16,359
16,1037
16,861
16,757
16,1165
16,885
16,774
16,909
16,952
16,330
16,845
16,488
16,1101
16,480
16,730
16,1063
16,709
16,394
16,831
16,742
16,743
16,810
16,915
16,1086
16,1150
16,666
16,524
16,833
16,795
16,819
16,649
16,917
16,507
16,411
16,311
16,416
16,314
16,495
16,474
16,746
16,425
16,1091
16,1096
16,721
16,1098
2,807
2,581
16,1008
16,634
13,711
16,308
16,336
16,895
1,836
16,1088
16,673
16,565
16,1146
16,1067
16,1137
16,946
16,1105
16,1204
16,370
16,451
16,929
16,536
16,893
16,331
16,498
16,547
16,696
16,436
16,682
16,954
16,1054
16,978
16,888
16,704
16,265
16,469
16,679
16,735
16,379
16,726
16,540
2,712
16,375
16,387
16,225
16,293
16,238
16,1048
16,592
16,578
16,903
16,1202
16,661
16,1166
16,383
16,1021
16,496
16,576
16,1155
16,869
16,803
16,327
16,907
16,589
16,1023
16,1162
16,897
16,636
16,491
16,453
16,548
16,468
16,838
16,485
16,732
16,878
16,1124
16,487
16,471
16,1118
16,1042
16,766
16,591
16,580
16,629
16,584
16,991
16,650
16,762
16,826
16,1069
16,912
16,369
16,997
16,606
16,373
16,242
16,332
16,452
16,404
16,902
16,556
16,212
16,859
16,532
16,633
16,990
16,689
16,323
16,214
16,563
16,839
19,256
16,1036
16,1073
16,449
2,1082
1,1031
16,614
16,708
16,527
16,384
16,941
16,400
16,349
16,685
16,846
16,325
16,887
16,627
16,597
16,948
16,646
16,260
16,368
16,291
16,472
16,975
1,740
16,986
13,388
16,630
16,587
16,418
2,884
16,933
16,579
16,806
16,992
16,464
16,92
16,215
16,417
16,202
16,654
16,257
16,399
16,643
16,1217
16,985
16,1017
16,463
16,600
16,1134
16,207
16,972
16,596
16,292
16,635
16,280
16,660
16,337
16,863
16,1043
16,647
16,583
16,1007
16,542
16,700
16,1064
1,490
16,800
16,710
16,1014
16,677
16,569
16,919
16,999
16,470
16,522
16,724
16,617
16,1058
16,784
16,301
16,181
16,924
16,431
16,931
16,883
16,782
16,920
16,680
16,886
16,599
16,653
16,1190
16,422
16,805
16,621
16,1028
16,192
16,881
16,380
16,352
16,891
16,1041
16,525
16,769
16,243
16,875
16,957
16,484
16,658
16,1068
16,326
16,820
16,435
16,1032
16,317
16,276
16,427
16,943
16,290
16,570
16,476
16,320
16,497
16,662
16,410
16,523
16,815
16,824
16,364
16,506
16,274
16,413
16,226
16,395
16,854
16,481
16,169
16,224
16,397
16,209
16,307
16,152
16,71
16,76
11,1290
16,86
16,194
16,688
16,356
2,258
16,544
16,124
16,1062
16,122
16,176
16,429
16,340
16,1207
16,197
16,140
16,537
16,1045
16,1147
16,1089
16,1066
16,342
16,445
16,1080
16,198
16,205
16,363
16,625
16,1208
16,559
16,728
16,574
16,821
16,921
16,1113
16,695
16,254
16,103
1,85
16,219
16,90
16,101
16,168
16,95
16,772
16,78
16,46
16,120
16,137
16,300
16,94
16,372
16,928
16,93
16,151
1,261
16,77
16,55
16,514
16,279
1,131
16,154
16,244
16,217
16,104
16,30
16,10
16,74
16,110
16,88
16,68
1,132
16,57
16,87
16,36
16,116
16,193
16,43
16,1273
16,62
16,1276
16,22
16,1284
16,1277
16,24
16,1279
16,19
16,41
16,7
16,34
16,1298
16,1289
16,48
16,18
16,115
16,21
16,141
16,1283
16,6
16,1278
16,2
18,14
16,159
16,191
16,53
16,84
16,1272
16,190
16,20
16,1297
16,1282
16,1291
16,42
16,1145
16,26
16,13
16,1015
16,392
2,750
16,241
16,298
16,73
16,432
16,1260
16,1255
16,1254
16,1258
2,1259
16,1264
16,1257
16,1261
16,1256
16,1263
16,1262
16,701
16,252
16,438
16,837
16,249
16,227
16,253
16,206
16,179
16,235
16,170
16,458
16,267
16,239
16,275
16,956
16,278
16,236
16,89
16,51
16,61
16,44
16,216
16,283
16,483
16,255
16,47
16,50
16,39
16,153
16,3
1,38
16,69
16,12
16,315
16,11
16,1270
16,54
16,163
16,188
16,223
16,112
16,809
16,67
16,29
16,149
16,58
16,1275
16,106
16,56
16,233
16,97
16,1285
16,1271
16,1286
16,79
16,4
16,59
16,100
16,1299
16,1057
16,1161
16,1268
16,91
16,63
16,1245
16,128
16,123
16,605
16,83
1,389
18,147
16,814
16,178
16,25
16,177
16,70
16,160
16,493
16,164
16,426
16,167
16,33
16,31
16,1274
16,1281
16,166
16,35
16,1266
16,1294
16,60
16,105
16,15
16,107
16,102
16,80
16,1265
16,72
16,8
16,17
16,5
16,23
16,186
16,65
16,1292
16,45
2,1
16,16
16,1295
16,52
16,37
16,1280
16,1296
16,1293
16,1288
16,1267
16,165
16,9
16,1269
16,285
16,195
16,1287
16,187
16,108
16,136
16,49
16,121
16,64
16,161
16,222
16,175
16,1233
16,877
16,994
16,549
16,126
16,183
16,561
16,130
16,119
16,96
2,109
16,28
1,66
16,117
16,27
16,82
16,127
16,75
16,40
16,150
16,208
16,98
16,145
16,143
18,1160
16,211
16,297
2,99
16,1011
2,172
2,32
16,1300
16,378
17,1121
17,287
17,237
17,133
17,200
17,335
17,114
17,518
17,1027
17,705
17,1016
1,210
1,835
1,129
18,157
1,246
19,230
19,1074
16,738
16,1083
1,457
19,259
16,697
16,142
16,1231
16,1250
1,171
1,448
16,1248
16,1251
16,698
19,813
19,1196
1,266
1,841
16,228
16,299
16,111
1,376
1,134
1,961
1,229
1,390
16,125
16,263
19,185
1,162
