73,667
62,680
20,672
4,649
62,652
74,651
56,634
30,671
47,669
62,660
38,510
56,656
10,631
60,647
68,598
61,594
20,682
42,107
67,515
39,405
49,138
39,474
47,481
6,519
60,507
22,552
60,639
30,646
46,495
34,617
50,553
2,658
62,616
34,527
66,584
73,543
10,535
58,654
57,583
30,558
27,636
43,664
33,608
52,655
39,666
48,653
12,629
30,676
30,599
50,560
1,601
30,358
39,644
39,446
40,678
30,71
58,633
62,588
22,145
33,395
23,234
19,550
73,426
30,485
76,430
24,429
30,374
62,302
73,129
73,308
30,327
30,416
30,82
44,257
30,8
22,52
9,489
70,152
30,143
30,421
52,587
30,612
12,579
39,623
69,565
30,90
51,486
5,600
23,452
30,378
20,534
64,549
10,352
61,195
6,432
73,353
30,454
66,417
20,473
27,546
30,363
25,330
1,216
39,228
30,427
25,491
30,536
63,453
6,410
34,400
55,541
62,334
37,350
51,555
19,595
7,663
30,637
1,650
32,643
30,563
22,657
30,508
42,681
30,662
30,372
57,626
30,404
6,590
30,513
51,465
62,478
30,447
62,246
69,611
22,613
66,554
4,580
30,566
62,529
73,568
30,476
62,597
30,591
22,551
30,521
25,574
43,573
57,562
22,585
18,511
32,537
30,412
65,632
65,592
9,576
9,578
22,610
29,642
30,615
30,487
30,533
30,530
6,497
3,455
18,544
30,556
35,630
31,531
73,456
57,479
16,268
56,517
53,282
38,422
62,444
30,509
48,351
30,218
30,329
62,326
29,420
57,451
18,518
30,461
67,394
61,528
56,437
34,324
27,548
64,213
62,202
19,645
62,624
20,496
30,460
22,226
59,545
30,204
62,356
31,377
72,127
30,270
38,159
30,217
30,73
30,249
30,291
24,449
30,337
22,72
30,40
47,442
30,459
30,64
39,364
30,419
30,101
30,439
10,609
30,577
23,561
22,606
4,684
36,532
39,618
30,538
33,614
30,581
30,525
6,559
30,539
30,540
59,214
30,677
16,635
11,564
30,607
29,596
30,431
30,492
30,665
73,409
62,297
30,406
39,141
30,462
30,340
31,488
30,522
69,418
10,467
68,475
30,307
62,493
39,381
30,296
30,231
30,120
30,285
21,277
22,391
6,56
30,211
39,524
32,122
30,362
66,271
30,498
62,298
30,503
30,247
31,463
38,86
62,441
30,567
30,28
30,283
36,317
30,266
30,506
31,117
30,184
30,433
21,361
30,483
30,336
34,342
30,322
30,345
1,79
30,280
39,241
45,436
30,178
7,259
30,237
30,162
30,132
28,424
64,256
17,411
30,80
57,371
37,97
71,229
75,166
30,390
30,413
73,325
62,526
1,179
13,286
39,457
26,67
38,466
30,490
30,393
23,575
39,369
30,379
73,471
30,176
62,289
30,398
30,253
30,232
30,512
32,621
30,49
30,288
30,240
39,207
62,276
30,320
30,124
30,542
30,458
38,335
62,239
30,469
11,220
30,354
38,105
4,294
30,279
49,375
73,275
39,470
73,435
30,382
30,384
30,401
30,516
30,161
39,263
30,206
31,386
30,316
8,209
62,125
30,258
30,75
30,331
30,370
31,244
15,160
65,198
39,48
30,205
30,248
30,357
30,494
31,200
30,281
30,272
73,168
30,365
30,373
30,151
65,328
30,265
30,119
24,227
30,43
73,60
30,30
4,188
67,110
37,34
30,438
30,287
52,167
30,238
30,434
30,181
58,158
56,41
30,189
53,100
30,299
30,304
39,113
73,389
30,224
30,278
30,501
54,675
24,679
30,619
30,245
30,500
30,480
30,520
73,686
62,640
30,628
30,589
30,502
30,45
30,402
30,104
30,20
39,319
30,53
67,255
30,332
30,355
62,225
30,22
30,292
30,313
30,685
30,368
29,423
30,54
30,84
30,348
34,215
30,586
62,264
30,55
30,338
62,203
30,315
14,482
30,11
30,273
73,174
30,343
71,499
30,66
30,408
30,383
30,468
30,208
30,472
30,146
30,106
30,102
30,314
30,89
30,61
30,221
73,318
30,261
30,210
30,121
24,222
30,144
30,76
30,157
24,149
30,26
30,196
30,59
30,135
14,284
30,260
30,91
39,17
30,194
38,3
30,99
73,235
30,171
30,301
30,445
30,477
30,366
30,47
30,83
30,312
30,115
31,62
30,192
30,183
30,165
30,150
41,37
39,93
39,219
39,13
30,251
66,341
73,236
30,77
30,156
30,155
30,295
30,116
30,359
30,230
30,109
62,163
30,262
30,95
30,128
30,24
30,4
39,223
30,344
30,387
73,137
30,88
30,290
30,118
30,103
30,311
30,51
30,32
30,164
30,68
30,415
30,133
30,175
30,33
30,191
30,254
30,112
30,193
30,243
30,428
30,199
30,269
30,131
30,323
73,440
30,443
30,310
30,58
30,2
30,142
30,514
30,333
30,5
30,339
73,274
30,10
30,360
30,180
30,139
30,16
30,186
30,94
30,108
30,380
30,367
30,153
72,154
73,92
73,190
73,300
30,136
30,35
30,98
30,504
30,267
30,425
30,19
30,185
30,388
73,134
30,250
30,85
30,252
39,15
30,25
30,27
39,14
30,233
30,197
30,38
73,57
30,396
30,126
30,182
30,170
30,39
30,148
30,303
30,78
73,87
73,114
73,130
75,50
30,31
30,44
30,81
30,392
30,638
30,407
30,173
30,399
30,111
30,7
30,172
30,12
30,187
39,397
73,212
30,9
73,23
30,177
30,46
73,346
30,21
73,42
39,147
30,123
30,18
30,293
30,74
30,29
30,140
30,604
30,376
30,622
54,347
30,670
39,523
73,464
30,661
30,321
30,602
30,582
30,96
30,36
73,683
30,69
30,625
30,570
30,448
30,659
30,648
30,414
30,63
30,620
30,385
73,603
30,572
73,593
30,309
30,505
30,484
30,668
30,674
30,547
73,169
30,571
73,242
30,557
30,70
71,641
73,403
39,627
30,349
30,1
30,569
39,201
30,6
30,305
30,673
73,450
30,605
39,306
39,65
