3,1206
29,1208
30,1210
29,1064
30,1219
6,1236
30,703
31,1232
29,1207
23,1157
14,1199
3,1082
23,1112
28,1212
23,1095
15,889
31,1144
14,1227
23,876
23,1118
31,1005
23,954
23,1089
30,1042
28,561
31,1087
31,591
23,1223
9,1139
23,928
4,1222
3,908
23,784
13,1077
23,891
23,1056
23,912
7,1228
23,1215
23,655
10,946
23,970
23,996
20,532
23,581
3,485
31,722
1,751
15,829
23,1192
31,1194
23,514
23,831
19,1197
23,633
22,967
30,500
23,1030
16,952
1,386
23,1221
15,880
22,1032
22,1166
22,1001
23,697
14,1133
17,659
22,993
29,1163
22,1196
28,1053
23,520
23,978
23,1204
23,1147
10,798
22,981
29,1101
17,850
19,1060
17,1153
15,1079
22,1195
22,1022
22,1010
17,1205
22,1116
22,636
1,701
22,1052
22,927
22,602
22,522
22,1094
5,853
22,351
22,745
22,811
16,1067
16,583
23,772
22,1086
22,863
22,716
9,564
10,385
22,816
22,725
22,580
22,1231
22,1176
10,882
30,411
23,660
14,920
22,913
15,374
9,288
31,631
22,683
32,393
17,518
23,621
23,400
23,577
22,1046
22,667
22,1114
22,554
22,456
30,723
16,720
16,953
11,959
18,1122
22,937
22,1058
22,543
22,982
22,578
10,791
22,511
30,1049
13,740
17,1098
8,692
14,727
20,593
30,427
22,415
19,493
29,430
10,1115
14,841
22,1031
22,919
10,861
16,1217
1,1224
22,1161
1,773
22,823
22,565
22,626
13,1120
19,991
22,979
22,1076
22,1182
22,526
22,1008
22,894
22,830
23,969
22,947
23,999
22,1105
22,704
22,512
22,428
16,612
22,486
22,744
22,1132
22,466
19,842
22,980
22,1063
22,817
15,1029
22,775
22,568
20,681
22,730
12,781
22,851
22,1068
23,762
22,608
41,729
22,690
22,1141
22,944
13,767
22,611
16,930
22,1016
22,549
22,1121
22,609
22,790
22,865
22,825
23,1143
22,1047
20,845
22,984
22,1119
22,888
19,590
22,843
22,708
22,641
22,685
7,574
19,1211
22,1225
22,642
22,1198
22,1202
22,1226
30,698
22,972
14,1051
22,1156
14,1184
22,837
16,684
22,1177
22,713
22,1229
22,1164
14,1126
23,801
22,924
22,917
22,1216
22,1235
22,1218
22,1158
22,872
22,1209
22,1185
22,1136
22,916
22,1017
22,1234
22,1138
30,1036
22,1104
22,1220
14,709
22,1175
22,800
22,1088
22,921
16,584
14,465
22,1146
14,1169
22,918
22,962
22,1142
22,788
22,1055
22,1129
22,765
22,1128
22,802
16,629
22,777
16,1075
23,1018
22,669
22,896
22,824
22,938
22,529
22,388
22,792
22,854
22,535
30,1069
17,878
22,1180
22,810
20,1170
23,1171
22,285
22,915
22,1151
22,1092
20,652
14,1154
22,1168
22,334
22,1173
1,645
22,412
22,657
22,846
22,503
10,995
22,318
22,866
22,1109
22,983
1,910
22,1125
22,809
22,1145
22,625
22,505
17,732
22,1004
22,771
22,968
22,1024
22,855
22,956
20,743
22,1083
22,1045
22,1131
22,640
15,933
22,524
22,1165
22,1000
22,760
22,1174
22,617
22,1187
10,955
22,884
22,904
22,1048
22,752
22,844
22,536
22,632
22,1044
22,1200
18,587
22,1034
22,828
14,1123
6,717
22,813
22,869
22,974
22,1003
22,840
22,1090
22,1135
22,1084
22,769
1,1040
30,964
22,502
22,1021
22,1106
22,754
22,1006
38,1113
10,966
22,832
22,594
22,682
22,691
22,618
23,1137
22,1189
22,1002
22,712
22,1213
22,793
21,961
22,895
22,1230
22,1214
22,677
22,348
22,1178
22,936
16,934
22,932
22,1188
22,395
22,734
14,1152
22,1111
23,997
13,1043
22,758
2,906
22,676
22,903
26,646
22,1148
22,925
22,668
22,1071
22,949
22,1140
22,540
22,875
19,322
17,735
22,747
22,544
22,390
31,1097
22,1183
22,569
22,941
22,702
39,893
22,582
6,647
22,1059
22,1134
22,768
22,960
22,858
22,929
14,990
22,672
24,1130
22,1020
22,864
22,551
22,282
22,601
22,886
23,513
22,449
22,1110
22,623
22,988
22,779
22,736
16,572
22,1124
22,320
22,586
22,275
22,384
22,812
22,592
17,635
22,380
22,1167
22,1062
22,746
22,883
10,1033
17,506
22,958
22,852
22,976
22,494
22,562
22,497
22,898
22,527
21,870
37,731
22,530
16,787
22,987
30,794
22,897
22,573
22,1093
22,733
22,689
22,403
22,501
17,822
22,1054
22,902
22,821
22,627
22,662
22,780
22,671
20,710
22,445
22,839
22,539
22,566
22,1023
22,948
22,1149
22,877
22,686
20,890
22,867
22,911
22,885
22,776
22,973
17,1014
22,1091
22,1072
22,567
22,1028
22,1027
22,1080
22,498
1,695
22,600
22,940
22,488
22,496
22,558
22,556
22,408
22,432
22,439
22,437
22,674
22,795
22,1057
22,1150
22,579
22,576
22,738
22,441
22,422
22,198
22,93
22,95
22,286
22,489
22,257
22,157
22,236
22,311
22,477
22,806
22,696
22,610
22,994
17,724
22,458
22,860
22,596
22,1099
22,785
22,820
22,1009
22,504
22,1107
22,835
22,826
22,805
22,679
22,656
22,763
22,541
22,721
22,1061
22,418
22,650
22,753
22,649
22,766
22,874
22,750
22,922
22,957
22,783
22,926
22,807
22,1085
22,899
22,847
22,943
22,1100
22,986
22,670
25,764
22,654
22,510
22,665
22,818
22,387
22,862
22,588
22,658
22,827
22,310
22,375
22,680
22,394
22,223
22,1038
22,571
22,705
22,473
22,247
22,749
22,620
22,129
22,86
22,232
22,280
22,315
22,484
22,675
22,538
22,545
22,459
22,302
22,172
22,255
16,343
22,434
22,333
22,1015
22,585
22,971
22,546
22,859
22,624
22,507
22,266
22,209
22,349
1,219
22,517
22,443
22,435
22,292
22,104
22,354
22,552
1,542
22,164
22,214
22,188
22,151
22,297
22,347
22,737
22,550
22,416
22,848
22,360
1,371
23,598
22,352
17,267
22,338
22,128
22,433
22,487
22,834
22,296
22,871
22,977
22,799
22,856
22,1041
22,1073
22,475
22,139
22,833
22,401
22,1070
22,350
22,604
22,321
33,471
22,85
22,98
22,312
22,189
22,234
22,242
22,560
22,190
22,367
22,357
22,225
40,206
22,238
22,328
22,180
22,341
22,589
22,362
22,303
22,379
22,460
22,84
22,246
34,261
22,326
22,786
22,638
22,1103
22,256
22,942
15,814
22,399
22,548
22,218
22,173
22,193
22,141
22,143
22,279
22,277
22,78
22,63
22,313
22,363
22,105
22,472
22,220
22,688
22,605
22,323
22,421
22,1162
22,442
22,905
22,426
22,91
22,797
22,452
22,366
22,340
22,892
22,719
22,327
22,1190
22,998
22,228
22,224
22,210
22,254
22,339
22,474
22,715
22,270
22,121
22,213
22,186
22,289
22,202
22,290
22,252
22,378
22,112
22,308
22,156
22,273
22,836
7,1096
22,204
22,230
22,265
22,65
22,881
22,229
22,448
22,163
22,222
22,97
22,171
22,89
22,755
22,69
16,335
22,88
22,678
22,287
22,241
22,179
22,127
22,140
22,276
22,212
22,203
22,492
22,200
22,476
22,92
22,353
22,547
22,165
22,262
21,317
22,570
22,192
22,184
22,531
22,615
22,653
10,346
22,796
22,329
22,324
22,849
22,240
22,300
22,248
22,417
22,306
22,344
22,634
22,185
22,616
22,307
22,707
22,178
22,301
22,628
22,243
22,939
22,907
22,450
22,409
22,414
22,272
22,161
22,446
22,482
22,1159
22,706
22,253
22,264
22,490
22,951
22,603
22,423
22,398
22,413
22,1127
22,613
22,365
35,444
22,463
22,170
22,259
22,274
22,137
22,94
22,174
22,169
22,71
22,64
22,258
22,516
22,382
22,183
22,208
42,480
22,108
22,138
22,838
22,368
22,700
17,176
22,103
22,249
22,109
22,250
22,117
22,742
22,931
22,131
22,373
22,110
22,130
22,56
22,211
22,99
22,464
22,694
22,757
22,1155
22,1026
22,756
21,1025
22,622
22,1035
22,714
22,639
22,356
22,759
22,316
22,396
16,607
22,1181
22,739
22,559
22,533
22,1108
22,508
22,521
22,644
22,761
22,1065
22,619
22,331
22,661
10,606
22,168
22,455
22,614
22,741
22,555
22,406
22,782
22,525
22,519
22,726
22,963
40,231
22,693
22,673
22,804
22,1037
22,914
22,453
22,534
22,381
22,563
22,391
22,372
22,770
22,597
22,803
22,887
22,965
22,748
22,945
22,553
22,336
22,425
22,778
22,528
22,819
22,537
22,1201
22,1012
22,1013
22,950
22,451
22,599
22,278
22,495
22,637
22,728
22,361
22,467
22,901
22,330
22,197
22,975
22,1039
22,1203
22,461
22,868
22,1233
22,342
22,293
22,575
10,1019
22,291
22,181
22,195
23,111
22,216
22,251
17,648
22,436
22,457
22,364
22,470
22,392
22,808
22,478
22,900
22,389
22,1007
22,1172
22,1193
22,36
22,66
21,13
22,74
22,37
22,124
33,35
22,58
22,22
22,177
22,75
22,30
22,45
22,39
22,43
22,53
22,115
22,664
22,125
22,199
22,40
22,73
22,15
22,989
22,61
22,23
22,33
22,383
22,299
22,19
22,20
22,28
22,10
22,50
22,42
22,52
22,55
22,102
22,404
22,284
22,447
22,126
22,215
22,76
22,245
8,175
22,440
22,595
22,410
22,509
22,217
22,44
22,149
22,1066
22,304
22,499
22,332
22,298
22,194
22,227
22,419
20,1186
22,1078
22,167
22,54
22,152
22,187
22,221
22,81
17,1081
22,233
22,114
22,260
19,57
22,483
22,150
27,294
22,370
22,24
22,132
22,3
22,144
22,5
22,7
22,1237
22,9
22,4
22,70
22,2
22,79
22,153
22,14
22,72
22,25
22,8
22,21
22,26
36,51
22,17
22,1238
22,47
22,27
22,424
22,120
22,122
22,134
22,789
22,909
22,397
22,182
22,481
22,630
14,454
22,100
22,101
22,283
22,133
22,207
22,59
22,239
22,268
22,159
22,281
22,62
22,337
22,49
22,718
22,83
22,118
22,191
22,16
22,491
22,146
22,87
22,469
22,123
22,82
22,515
22,80
22,557
22,68
22,295
22,1191
22,879
22,666
22,325
22,992
22,420
22,462
22,1074
22,355
22,136
22,358
22,269
22,67
14,271
22,1117
22,1160
22,438
22,244
22,11
22,18
22,235
22,155
22,237
22,305
22,402
21,116
22,148
22,263
22,34
22,145
22,166
22,205
33,405
22,41
22,985
22,107
22,154
22,923
22,314
19,345
22,113
22,158
22,815
22,142
17,77
22,468
21,377
22,135
22,119
22,29
22,106
22,147
22,1050
22,196
22,1102
22,857
22,479
22,376
22,1179
22,1011
22,687
22,711
22,429
22,699
22,935
22,201
22,873
22,319
22,60
22,162
22,651
22,90
22,369
22,663
22,309
22,643
22,523
22,160
22,48
22,407
22,774
22,226
22,38
22,6
22,359
22,431
22,12
22,32
22,1
22,46
30,31
31,96
