192,667
162,680
38,672
8,649
159,652
202,651
145,634
78,671
127,669
169,660
108,510
143,656
21,631
155,647
182,598
157,594
39,682
120,107
180,515
116,405
131,138
117,474
128,481
10,519
154,507
42,552
154,639
78,646
126,495
101,617
133,553
5,658
165,616
101,527
177,584
196,543
19,535
151,654
149,583
78,558
58,636
123,664
97,608
135,655
116,666
129,653
24,629
88,676
71,599
133,560
1,601
78,358
116,644
113,446
118,678
78,71
151,633
162,588
42,145
99,395
47,234
35,550
197,426
78,485
204,430
54,429
74,374
165,302
196,129
200,308
78,327
78,416
78,82
124,257
65,8
44,52
17,489
187,152
77,143
81,421
135,587
78,612
23,579
113,623
186,565
78,90
134,486
9,600
47,452
78,378
39,534
172,549
19,352
158,195
12,432
196,353
82,454
177,417
38,473
59,546
78,363
56,330
4,216
116,228
70,427
55,491
78,536
171,453
11,410
101,400
141,541
165,334
105,350
134,555
36,595
13,663
77,637
3,650
96,643
78,563
44,657
78,508
121,681
85,662
65,372
150,626
78,404
10,590
78,513
134,465
164,478
81,447
165,246
185,611
43,613
177,554
7,580
78,566
170,529
195,568
78,476
167,597
78,591
44,551
78,521
55,574
122,573
148,562
45,585
34,511
94,537
78,412
174,632
174,592
18,576
16,578
46,610
61,642
78,615
66,487
65,533
80,530
11,497
6,455
32,544
75,556
102,630
91,531
193,456
149,479
29,268
144,517
138,282
109,422
165,444
73,509
130,351
79,218
75,329
168,326
62,420
150,451
33,518
77,461
180,394
156,528
142,437
101,324
58,548
172,213
165,202
37,645
165,624
39,496
78,460
42,226
153,545
86,204
164,356
89,377
190,127
78,270
112,159
78,217
87,73
65,249
83,291
51,449
65,337
44,72
78,40
127,442
78,459
78,64
113,364
78,419
78,101
78,439
19,609
70,577
48,561
44,606
8,684
104,532
117,618
78,538
98,614
78,581
82,525
11,559
78,539
72,540
153,214
78,677
30,635
22,564
76,607
64,596
69,431
83,492
79,665
199,409
165,297
65,406
116,141
78,462
78,340
89,488
78,522
184,418
20,467
183,475
72,307
165,493
117,381
81,296
78,231
65,120
76,285
40,277
44,391
11,56
65,211
115,524
95,122
77,362
179,271
78,498
164,298
78,503
78,247
90,463
108,86
169,441
67,567
84,28
78,283
103,317
68,266
79,506
90,117
78,184
78,433
41,361
78,483
75,336
100,342
83,322
73,345
3,79
78,280
113,241
125,436
68,178
14,259
78,237
78,162
78,132
60,424
173,256
31,411
78,80
147,371
106,97
188,229
203,166
78,390
78,413
198,325
163,526
2,179
25,286
113,457
57,67
111,466
65,490
77,393
49,575
116,369
84,379
195,471
77,176
164,289
78,398
75,253
78,232
78,512
93,621
78,49
78,288
65,240
117,207
160,276
78,320
69,124
77,542
78,458
112,335
161,239
78,469
22,220
77,354
110,105
8,294
77,279
132,375
195,275
113,470
191,435
78,382
78,384
78,401
78,516
70,161
117,263
78,206
89,386
78,316
15,209
168,125
77,258
78,75
78,331
78,370
91,244
28,160
175,198
113,48
74,205
65,248
81,357
78,494
92,200
78,281
67,272
195,168
78,365
78,373
73,151
176,328
78,265
65,119
53,227
65,43
197,60
65,30
7,188
181,110
107,34
75,438
78,287
136,167
74,238
78,434
78,181
152,158
146,41
72,189
137,100
78,299
65,304
116,113
201,389
78,224
78,278
78,501
139,675
54,679
78,619
78,245
81,500
78,480
75,520
197,686
165,640
78,628
78,589
78,502
78,45
78,402
78,104
78,20
113,319
81,53
180,255
78,332
78,355
165,225
78,22
78,292
78,313
78,685
77,368
63,423
65,54
79,84
78,348
100,215
78,586
164,264
78,55
78,338
163,203
78,315
27,482
78,11
78,273
196,174
78,343
189,499
78,66
78,408
78,383
78,468
78,208
78,472
74,146
69,106
78,102
78,314
78,89
78,61
78,221
195,318
78,261
74,210
78,121
52,222
69,144
65,76
73,157
50,149
78,26
78,196
78,59
78,135
26,284
78,260
78,91
116,17
78,194
111,3
77,99
193,235
78,171
78,301
78,445
78,477
78,366
74,47
78,83
78,312
78,115
89,62
78,192
78,183
78,165
78,150
119,37
116,93
116,219
116,13
78,251
178,341
193,236
77,77
78,156
78,155
78,295
78,116
78,359
72,230
78,109
166,163
78,262
65,95
78,128
78,24
78,4
116,223
78,344
78,387
195,137
78,88
78,290
75,118
78,103
78,311
78,51
78,32
78,164
78,68
78,415
78,133
78,175
78,33
78,191
78,254
78,112
78,193
78,243
69,428
78,199
78,269
78,131
78,323
193,440
78,443
78,310
78,58
78,2
78,142
78,514
78,333
78,5
78,339
199,274
78,10
78,360
78,180
78,139
78,16
78,186
78,94
78,108
78,380
78,367
78,153
190,154
196,92
194,190
197,300
78,136
78,35
74,98
78,504
78,267
78,425
78,19
78,185
78,388
196,134
78,250
78,85
78,252
114,15
78,25
78,27
116,14
78,233
78,197
78,38
198,57
78,396
78,126
78,182
78,170
78,39
78,148
78,303
78,78
195,87
197,114
195,130
203,50
78,31
78,44
78,81
78,392
78,638
78,407
78,173
78,399
78,111
78,7
78,172
78,12
78,187
116,397
197,212
71,9
195,23
78,177
78,46
196,346
78,21
191,42
116,147
78,123
78,18
78,293
78,74
78,29
78,140
78,604
78,376
78,622
140,347
78,670
116,523
201,464
78,661
78,321
78,602
78,582
78,96
78,36
197,683
78,69
78,625
78,570
78,448
78,659
78,648
78,414
78,63
78,620
78,385
196,603
78,572
195,593
78,309
78,505
78,484
78,668
78,674
78,547
193,169
78,571
195,242
78,557
78,70
188,641
193,403
116,627
78,349
78,1
78,569
116,201
78,6
78,305
78,673
196,450
78,605
113,306
116,65
