12,135
8,167
2,130
5,219
5,278
16,276
12,223
24,192
11,162
8,325
25,201
24,287
19,343
13,265
11,299
6,319
4,235
6,382
8,341
6,141
5,123
6,182
5,381
4,304
5,395
12,418
5,378
8,448
7,222
4,298
5,349
12,449
24,396
9,87
17,406
19,76
24,455
6,405
5,364
5,397
6,311
13,458
6,463
13,473
24,467
12,13
13,36
6,215
24,153
5,344
24,432
16,438
6,371
16,322
4,279
11,216
24,194
12,307
13,294
24,121
24,208
5,470
17,421
11,474
11,54
24,6
12,52
13,303
5,138
13,224
24,380
24,433
12,63
11,110
24,331
22,379
13,315
11,35
24,353
5,246
13,321
24,360
13,317
13,392
13,146
24,372
22,269
6,180
24,460
13,387
6,206
13,189
5,273
11,383
13,231
13,357
24,242
9,476
13,258
9,237
24,184
24,106
24,103
13,115
9,114
24,156
13,295
13,89
24,462
17,339
24,61
5,176
24,79
24,97
24,197
6,165
6,318
11,227
12,290
11,270
16,388
5,301
21,400
24,284
9,232
13,267
24,347
5,257
13,183
21,332
5,209
5,255
6,291
12,217
21,327
13,384
13,158
16,456
12,239
13,316
21,359
13,305
4,8
13,342
13,60
17,401
24,336
13,323
13,187
13,233
13,252
12,157
19,101
13,124
13,296
24,171
24,72
24,49
5,179
25,127
13,109
21,57
5,113
13,37
24,166
24,147
21,86
24,45
12,111
13,82
24,186
24,102
5,33
13,168
13,71
24,51
9,320
12,66
24,75
17,172
12,408
21,12
24,454
24,361
13,466
24,338
24,414
6,160
14,459
5,354
5,461
21,434
13,11
16,425
11,377
13,398
24,435
5,285
5,328
13,90
21,196
13,281
13,253
9,211
13,203
14,272
13,329
16,247
24,429
13,345
13,245
9,236
13,370
13,373
19,148
16,261
24,251
9,250
21,404
11,170
13,243
21,326
21,140
16,205
5,260
6,221
24,126
13,154
13,155
11,14
14,293
24,375
24,202
9,42
21,297
13,367
24,175
12,362
24,145
5,210
9,150
15,151
13,200
9,161
13,83
17,96
13,207
12,213
9,137
13,214
13,330
24,104
13,108
12,59
24,313
5,85
24,47
24,95
13,136
13,228
13,68
13,44
5,300
9,366
21,363
12,457
24,465
5,444
17,346
24,259
11,283
13,144
14,142
9,174
12,314
21,193
11,149
21,164
16,262
12,356
13,185
9,81
13,92
24,107
13,229
11,129
21,70
5,84
5,352
24,77
24,99
9,351
13,306
16,58
24,139
24,248
13,119
21,152
21,238
13,181
24,374
12,254
16,302
21,134
24,310
13,169
16,451
9,427
7,73
12,67
20,26
5,46
13,178
13,391
17,266
24,440
17,424
24,422
21,348
24,416
17,7
18,478
24,32
9,280
21,1
13,376
24,275
13,439
13,389
13,446
17,407
24,472
5,218
5,204
5,241
24,264
9,274
23,105
24,100
7,177
21,282
24,125
21,368
18,442
13,34
13,369
24,420
12,355
22,244
7,98
13,234
13,249
17,337
25,324
9,308
13,402
15,212
5,292
24,413
17,65
23,56
13,195
13,230
20,9
5,415
13,94
13,394
9,15
9,277
13,286
18,118
17,120
13,436
12,417
13,64
12,78
25,74
21,220
17,426
16,477
21,271
21,410
14,365
24,334
4,335
8,412
14,288
24,112
12,132
5,464
12,256
17,431
1,358
11,173
21,268
22,131
20,447
13,468
5,199
24,289
24,471
9,445
7,163
13,430
20,27
22,21
12,80
24,423
8,93
5,191
5,50
5,69
10,240
23,122
11,39
12,159
11,5
21,31
4,40
9,23
16,263
12,4
5,225
12,411
25,312
11,469
12,190
6,399
13,333
5,437
5,62
18,128
16,198
25,390
13,25
11,30
5,24
18,17
12,55
12,143
1,450
9,385
3,419
13,41
5,20
12,428
5,133
21,117
22,226
4,453
12,91
3,53
6,43
24,48
20,22
24,18
13,88
20,116
25,16
14,38
25,188
24,309
19,403
5,29
13,340
23,350
19,441
5,393
5,3
16,452
5,443
12,19
19,28
16,386
8,2
15,409
11,475
12,10
