28,753
27,746
30,76
17,762
21,775
29,512
25,668
35,486
21,706
27,696
38,758
38,699
6,780
20,260
6,711
24,691
11,499
20,796
33,45
35,130
6,206
17,89
14,669
43,632
38,735
25,703
36,724
36,790
17,756
37,782
11,754
18,169
3,777
6,716
36,759
39,761
16,123
4,755
21,774
17,663
27,661
29,788
34,583
23,511
36,739
14,694
11,577
17,690
42,606
5,752
17,767
26,747
46,685
17,383
38,766
13,63
20,713
4,468
21,127
34,679
30,741
11,750
36,672
12,619
36,727
46,742
15,693
12,722
35,717
45,714
30,528
12,504
38,608
14,660
14,510
36,605
36,698
12,728
26,634
29,635
38,526
1,574
29,502
6,417
34,372
40,537
42,473
29,432
36,544
12,282
26,589
26,337
12,557
34,224
34,710
11,721
17,626
36,385
36,529
38,405
33,395
30,426
38,617
21,595
36,671
8,552
32,515
38,666
5,667
46,551
5,615
34,603
25,683
23,522
6,569
14,680
46,505
12,627
17,516
12,723
30,686
38,466
36,719
4,725
38,689
30,637
36,564
30,568
25,286
36,306
20,464
20,453
42,436
37,313
20,28
27,329
26,77
27,218
38,268
38,494
38,440
38,514
38,449
30,769
26,378
26,65
26,783
38,598
6,700
25,625
38,720
38,654
32,662
30,452
36,597
14,256
27,438
31,105
10,240
47,673
14,590
38,612
28,638
33,533
4,622
46,565
33,563
38,664
36,506
4,670
26,692
26,675
38,348
37,541
33,381
38,459
12,584
30,618
20,548
6,546
43,650
3,384
34,408
27,358
26,312
12,779
6,27
41,642
33,718
26,441
34,740
37,592
39,300
38,518
36,227
37,211
35,628
37,213
2,99
10,443
35,639
4,677
3,35
46,155
38,392
36,195
38,98
38,174
10,30
19,462
36,237
38,393
36,422
35,226
33,542
13,298
6,376
36,294
38,305
21,580
41,198
22,331
22,336
36,134
35,192
37,315
36,196
41,682
32,540
38,591
22,148
28,391
21,271
39,547
41,567
6,653
37,704
34,418
33,280
36,630
39,415
25,463
4,687
23,594
38,357
35,360
43,434
38,550
12,629
12,536
6,490
26,368
22,140
27,520
15,125
36,302
26,458
46,11
29,100
36,517
17,141
6,343
21,480
22,308
25,325
30,461
12,245
36,623
42,531
12,364
38,497
30,521
11,534
34,684
20,460
4,601
24,620
10,543
38,715
38,139
38,420
36,212
19,142
21,610
19,651
36,586
4,151
29,425
17,423
6,508
44,73
35,401
31,347
37,539
35,498
29,399
34,561
37,538
39,640
36,621
38,487
38,475
26,649
26,562
37,575
36,571
38,611
38,316
27,648
12,633
46,712
36,442
36,613
26,407
37,350
38,409
35,554
12,410
9,489
4,122
7,176
4,448
38,607
29,501
38,695
13,614
46,532
38,446
36,560
39,301
37,194
38,205
18,207
14,162
38,582
37,335
36,168
5,143
29,208
4,369
39,103
34,588
38,573
38,397
46,281
43,555
38,248
36,307
19,344
38,108
5,25
4,332
12,279
4,362
5,230
34,55
38,12
36,363
38,530
38,323
12,81
38,373
38,513
38,545
32,328
28,527
24,173
38,375
38,152
39,394
12,219
36,359
38,604
24,479
38,341
37,587
32,299
36,330
10,241
32,234
36,370
26,471
36,600
36,503
36,412
3,636
4,467
4,658
4,674
4,193
38,470
36,36
37,8
38,201
36,20
32,246
38,214
22,69
38,435
4,292
38,437
17,295
4,225
12,197
36,317
4,238
38,356
36,112
38,94
38,297
33,60
39,95
46,183
26,342
38,43
4,85
36,191
38,274
17,215
38,189
48,164
37,175
38,101
46,19
38,167
36,411
6,239
4,760
46,652
12,86
4,396
36,365
5,380
38,107
35,229
36,153
35,377
36,158
30,456
36,293
36,483
38,137
36,172
4,252
6,52
38,190
41,304
38,303
36,257
4,314
22,146
36,171
36,92
6,91
19,382
31,79
4,414
38,185
36,145
38,147
38,265
37,113
38,150
36,7
4,129
36,242
39,26
36,138
46,309
39,477
39,157
46,184
36,41
3,10
38,136
4,254
27,2
10,126
38,154
38,61
19,266
4,3
31,144
46,71
4,128
36,272
38,439
8,178
38,121
38,102
4,643
4,339
6,324
36,83
29,80
4,88
38,296
38,288
36,259
46,6
38,42
36,495
39,232
36,163
36,1
36,366
4,4
38,261
9,29
36,119
36,519
36,289
38,419
36,51
36,48
36,402
38,22
36,54
17,40
38,97
38,333
36,32
12,578
6,602
4,131
36,135
38,57
36,132
36,18
38,14
38,179
38,275
36,349
38,283
6,455
38,481
36,285
38,210
38,59
38,104
36,9
37,263
38,39
36,284
38,220
36,5
38,233
36,264
4,223
38,222
36,398
36,576
4,451
38,231
38,253
24,374
36,16
4,556
4,277
38,367
38,244
38,44
36,114
36,353
36,318
6,90
38,120
36,186
36,523
4,249
38,118
46,68
38,93
36,64
38,404
22,267
36,250
18,310
4,361
37,430
4,177
38,72
36,371
36,78
6,270
38,273
39,31
38,47
36,62
36,17
38,96
36,161
46,74
38,334
36,46
4,156
36,116
36,23
4,75
39,56
38,216
18,326
36,255
38,67
36,37
36,478
38,278
36,159
4,209
38,379
38,200
36,509
38,319
38,235
36,447
46,221
36,228
36,188
36,702
38,49
38,269
36,133
38,87
4,428
36,688
36,581
36,596
36,389
38,655
38,553
46,599
36,549
38,641
36,570
36,124
39,646
36,579
36,388
36,676
38,624
4,678
36,705
29,287
46,482
45,387
4,525
46,491
38,492
38,485
36,558
38,400
40,406
38,416
36,390
4,465
6,665
6,450
39,165
6,322
36,496
36,320
36,170
36,354
36,352
4,431
36,58
36,243
36,340
36,559
36,444
36,609
36,457
36,403
39,507
36,276
4,476
36,38
4,202
36,351
36,355
46,433
38,111
36,109
38,338
36,50
36,182
38,203
4,33
36,386
36,474
36,795
36,701
36,781
36,262
38,792
36,794
6,793
36,770
36,290
36,115
6,524
41,34
36,13
38,21
4,15
36,708
46,797
6,737
6,736
36,180
36,786
38,773
36,745
36,771
38,734
36,709
36,731
36,772
36,251
36,743
36,236
36,748
36,749
36,798
36,787
46,445
36,187
36,217
46,732
46,493
6,566
6,657
46,656
6,454
36,427
6,585
6,535
46,659
36,697
36,149
36,84
36,789
6,321
7,744
6,488
36,106
36,199
6,82
6,751
36,429
46,616
36,785
36,593
36,778
36,469
36,765
46,484
36,738
36,204
40,311
36,733
36,726
46,327
46,729
46,345
36,258
36,730
46,707
36,631
6,768
6,500
6,644
6,791
36,110
36,681
46,166
36,764
46,424
36,757
36,413
6,647
36,784
36,472
46,763
46,776
6,572
6,66
36,53
6,117
36,645
46,70
6,247
6,346
6,181
6,24
36,291
6,421
6,160
