6,89
7,112
8,33
2,49
8,80
1,113
9,41
1,120
2,65
9,81
10,168
1,67
7,76
2,29
8,189
1,104
9,122
3,75
8,23
8,87
9,121
8,96
8,82
1,28
8,140
8,92
8,117
8,272
8,50
9,102
8,148
9,107
8,68
8,162
8,85
9,56
9,98
3,97
1,60
8,146
8,161
8,22
8,235
9,84
8,20
8,95
8,201
9,42
8,79
8,101
9,70
9,69
9,105
9,58
8,78
8,200
8,55
8,115
8,40
8,88
8,209
8,57
8,114
9,34
8,156
8,77
8,47
8,27
8,91
8,93
8,190
2,63
7,45
8,240
8,138
8,66
8,171
8,26
8,46
8,61
8,31
8,90
9,35
8,15
8,59
7,25
8,232
8,271
8,62
8,19
8,71
8,268
8,244
7,247
8,175
8,264
8,133
8,109
1,43
9,127
8,248
8,249
9,254
8,198
8,221
8,218
8,181
9,158
8,233
8,74
9,5
8,106
8,110
8,126
8,267
1,257
8,3
7,94
7,170
8,119
8,183
8,216
9,178
9,202
9,179
8,172
8,2
2,212
9,224
9,118
9,180
9,13
8,73
9,86
4,261
9,30
9,225
8,160
9,154
8,103
4,228
2,37
9,217
9,124
3,153
8,111
9,182
8,83
9,108
2,166
9,32
9,197
9,184
9,164
4,125
8,53
9,36
8,208
9,152
9,236
8,177
8,203
9,219
9,130
4,129
9,187
9,196
8,48
9,173
7,193
8,100
7,17
9,137
4,252
8,147
9,139
9,195
7,151
7,64
7,207
8,188
9,222
7,215
9,234
9,205
3,143
9,211
9,21
8,51
8,54
3,157
2,131
9,255
9,256
9,223
9,134
9,144
8,231
9,199
8,176
8,220
7,270
9,149
9,185
9,210
2,136
9,260
9,167
8,259
9,123
9,262
7,194
3,52
9,214
9,241
7,132
9,204
8,237
9,44
9,169
8,229
9,159
9,10
7,163
9,7
1,239
9,243
9,269
9,266
3,227
9,186
8,145
8,238
9,213
8,191
9,245
9,18
3,38
9,258
8,250
9,230
3,242
9,251
8,246
3,141
3,135
8,165
8,174
8,253
3,265
3,155
9,273
4,1
8,150
9,142
9,192
8,72
3,4
9,9
9,128
7,263
9,206
2,14
8,24
4,226
9,12
8,99
8,116
9,39
9,16
8,8
8,6
5,11
