6,462
6,334
6,437
6,570
7,596
6,564
6,213
6,405
6,374
6,419
7,415
6,357
6,403
6,396
6,295
6,291
6,394
6,414
6,603
6,527
6,493
6,263
6,382
6,439
6,339
6,387
6,363
6,255
6,207
6,337
6,362
6,408
6,298
6,401
6,253
6,356
6,384
6,413
6,368
6,317
6,286
6,325
6,389
6,488
6,432
6,297
6,257
6,379
7,388
6,311
6,573
6,453
7,391
6,509
6,407
6,380
6,395
6,134
6,423
6,463
7,305
6,179
7,233
6,468
6,404
6,452
6,461
6,321
6,443
7,445
6,385
6,381
6,429
6,377
6,544
6,517
6,543
3,434
6,557
6,524
7,569
7,538
6,539
6,560
6,568
6,498
6,410
6,265
6,276
6,520
6,326
6,549
6,536
6,597
6,446
7,608
6,282
6,307
6,426
9,537
7,571
6,598
7,360
7,402
6,607
7,440
7,427
7,430
6,469
7,361
7,567
6,559
6,555
6,599
7,457
6,575
7,578
6,422
6,167
6,260
6,482
7,467
7,523
6,474
7,518
6,460
7,485
7,466
7,484
7,478
6,476
12,458
7,604
7,616
6,398
6,561
6,358
7,315
7,438
7,456
6,546
6,565
6,455
7,352
7,448
7,375
7,424
6,487
7,450
6,181
6,617
6,470
7,428
6,320
7,481
7,601
7,581
7,412
7,496
7,500
7,505
7,610
6,492
7,591
6,586
7,503
7,605
7,472
7,519
7,522
6,441
7,347
6,247
7,587
6,600
7,525
7,589
7,313
7,551
7,308
7,281
7,563
7,491
6,324
6,494
6,431
7,535
7,506
7,489
7,471
7,486
7,531
7,270
7,508
6,365
7,582
7,261
7,572
7,206
7,333
7,201
7,444
7,238
7,532
6,244
7,515
7,228
7,590
7,274
7,275
7,293
6,214
7,550
7,355
7,300
7,367
7,376
7,372
7,553
7,230
7,222
7,310
7,198
7,435
7,383
7,169
7,287
7,548
7,272
7,386
7,204
7,306
7,364
7,335
7,354
7,359
7,514
7,199
6,436
7,323
7,399
8,177
7,235
7,328
7,521
7,547
7,196
7,256
7,417
8,301
7,187
7,231
7,353
7,421
7,473
7,454
7,344
7,219
7,322
7,397
7,371
8,400
7,237
7,449
7,366
7,451
8,442
6,285
7,176
7,545
7,269
7,280
7,409
7,416
7,172
7,420
6,192
6,223
7,392
7,530
7,507
7,585
7,584
8,528
7,574
7,350
7,533
7,369
5,592
7,162
7,343
7,232
7,259
7,346
7,224
7,211
7,502
7,227
7,266
7,327
7,243
7,252
7,378
8,197
7,290
7,215
7,248
7,314
7,336
7,342
7,296
7,288
7,338
7,370
7,168
7,225
7,229
7,279
7,292
7,341
7,318
7,526
7,241
7,249
7,110
7,216
7,283
7,475
7,542
7,299
7,490
7,351
7,240
7,303
7,656
7,330
7,329
7,316
7,319
7,294
7,271
7,579
7,529
7,411
8,497
7,309
7,390
7,234
7,312
7,254
7,264
7,418
7,111
7,251
7,149
7,146
7,128
7,138
7,178
7,191
7,166
7,96
7,593
7,103
7,139
7,144
7,217
7,210
7,208
7,194
7,158
7,153
6,159
7,157
7,140
7,104
7,566
7,101
7,130
7,556
7,125
7,480
7,106
7,145
7,425
7,459
7,107
7,245
7,332
7,331
7,203
7,189
5,477
7,117
7,170
7,302
7,115
7,349
7,273
7,122
7,226
7,513
7,340
7,501
7,594
7,595
7,534
7,611
7,161
7,156
7,221
7,123
7,180
7,188
7,127
7,108
7,82
7,588
7,160
7,70
7,541
7,193
7,202
7,183
7,209
7,246
7,133
7,174
7,200
7,182
7,348
7,433
7,464
7,583
7,465
7,554
7,576
7,602
7,606
7,147
7,218
7,483
7,53
7,447
7,504
7,552
7,609
7,540
7,580
7,577
7,258
7,406
7,615
7,612
7,620
7,619
7,63
7,499
7,129
7,562
7,164
7,81
7,61
7,190
7,236
7,155
7,220
7,5
7,11
7,49
7,284
7,345
7,479
7,510
7,653
7,495
7,262
7,267
8,242
7,250
7,660
7,558
7,304
7,34
7,32
7,126
7,12
7,18
7,77
7,25
7,23
7,95
7,47
7,36
8,88
7,121
7,31
7,33
7,118
7,87
7,175
7,185
7,69
7,28
7,30
7,114
7,72
7,119
7,20
8,19
5,85
3,26
7,24
7,98
7,56
5,38
7,21
7,22
7,86
7,43
7,73
7,75
7,65
7,44
7,79
7,74
7,116
7,105
7,55
7,58
7,135
7,93
7,154
7,165
7,57
7,278
7,212
7,124
7,137
7,52
7,120
7,68
7,71
7,143
7,60
7,163
7,195
7,39
7,59
7,268
7,131
7,92
7,91
7,67
7,42
7,64
7,89
8,6
7,3
7,14
7,99
7,41
7,35
7,141
7,7
7,9
7,16
7,136
7,277
7,15
7,8
7,50
7,90
7,48
7,184
7,51
7,37
7,1
7,2
7,4
7,13
7,46
7,151
7,171
7,186
7,173
7,239
7,29
7,27
7,112
7,97
7,66
7,83
7,152
7,17
7,10
7,76
7,54
7,373
7,142
7,150
7,113
7,205
7,148
7,80
7,102
7,109
7,40
7,62
7,94
7,84
7,45
5,655
5,659
7,393
7,650
7,613
4,649
7,516
7,289
5,647
11,621
11,614
11,511
11,100
11,636
10,622
11,626
10,632
11,634
11,642
11,624
11,633
11,646
11,623
11,631
10,635
10,641
10,643
10,630
11,628
11,625
11,648
10,638
10,644
11,640
5,627
10,645
5,639
5,629
4,637
2,132
8,662
1,661
6,652
7,658
1,657
2,654
5,618
8,651
2,512
2,78
