15,89
17,112
18,33
6,49
19,80
3,113
28,41
3,120
5,65
28,81
32,168
2,67
16,76
7,29
22,189
3,104
31,122
9,75
22,23
22,87
31,121
22,96
22,82
2,28
22,140
22,92
22,117
22,272
22,50
31,102
22,148
31,107
22,68
22,162
22,85
31,56
31,98
9,97
3,60
22,146
22,161
22,22
20,235
25,84
22,20
22,95
22,201
31,42
22,79
22,101
31,70
25,69
31,105
31,58
22,78
22,200
22,55
22,115
22,40
22,88
22,209
22,57
22,114
31,34
22,156
22,77
22,47
22,27
22,91
22,93
22,190
6,63
16,45
19,240
22,138
22,66
22,171
22,26
22,46
22,61
22,31
22,90
31,35
22,15
22,59
16,25
22,232
22,271
22,62
22,19
22,71
22,268
22,244
17,247
22,175
22,264
22,133
22,109
1,43
31,127
22,248
22,249
31,254
22,198
22,221
21,218
22,181
31,158
20,233
21,74
31,5
22,106
22,110
22,126
22,267
1,257
22,3
17,94
17,170
22,119
22,183
22,216
30,178
31,202
31,179
21,172
20,2
5,212
31,224
31,118
31,180
25,13
20,73
31,86
12,261
30,30
31,225
22,160
31,154
22,103
12,228
6,37
31,217
30,124
8,153
22,111
31,182
22,83
30,108
6,166
31,32
31,197
31,184
31,164
13,125
22,53
31,36
20,208
26,152
31,236
22,177
22,203
28,219
31,130
12,129
31,187
30,196
22,48
25,173
17,193
22,100
17,17
31,137
12,252
20,147
30,139
31,195
17,151
17,64
17,207
20,188
31,222
17,215
31,234
30,205
8,143
31,211
31,21
22,51
22,54
8,157
6,131
31,255
25,256
31,223
31,134
31,144
20,231
30,199
22,176
22,220
17,270
31,149
25,185
31,210
4,136
31,260
31,167
22,259
30,123
31,262
17,194
8,52
25,214
31,241
17,132
31,204
20,237
31,44
30,169
20,229
31,159
31,10
17,163
31,7
2,239
29,243
31,269
25,266
11,227
30,186
22,145
20,238
31,213
22,191
31,245
25,18
8,38
28,258
22,250
25,230
11,242
27,251
23,246
8,141
11,135
23,165
20,174
20,253
11,265
11,155
31,273
12,1
20,150
31,142
31,192
18,72
10,4
30,9
30,128
16,263
30,206
4,14
20,24
13,226
29,12
24,99
22,116
27,39
30,16
22,8
22,6
14,11
