10,833
10,565
19,831
10,845
13,640
20,769
18,767
10,682
10,739
7,713
7,797
10,832
19,732
10,762
13,691
9,642
10,756
20,795
10,367
17,711
2,776
13,810
10,671
10,607
20,747
15,822
9,318
13,494
21,669
7,853
9,847
10,818
10,751
15,114
20,687
12,793
21,731
20,608
4,559
4,645
10,707
10,353
10,839
12,771
20,543
13,750
12,723
10,322
10,689
18,763
10,817
19,714
10,709
12,802
10,676
10,746
15,653
20,598
10,573
16,184
12,748
20,179
4,782
12,638
9,675
10,571
10,761
10,579
21,595
13,485
19,304
15,646
15,719
20,778
20,619
19,672
15,615
19,734
10,555
20,764
10,774
10,848
13,668
13,677
20,216
10,212
4,695
10,685
20,305
10,820
14,605
10,686
10,826
10,787
19,841
19,789
13,825
12,819
13,840
6,704
12,416
19,792
20,850
12,829
10,575
10,790
16,712
13,814
10,737
10,740
10,532
10,170
20,568
10,588
20,48
10,550
10,566
10,754
16,547
13,843
10,718
10,725
12,816
19,849
13,806
10,661
10,842
10,437
20,824
9,429
10,652
10,462
10,259
10,518
19,94
10,524
12,19
10,109
15,479
12,478
10,567
10,9
20,326
10,246
20,604
4,618
10,692
20,226
9,422
13,558
20,766
13,267
19,639
14,445
20,800
19,17
13,378
19,727
9,418
10,770
10,328
21,706
12,384
21,374
10,253
13,643
10,234
12,345
10,854
10,670
10,830
8,59
10,131
18,681
4,745
15,852
20,696
13,834
10,779
10,773
13,637
4,708
19,610
10,683
10,512
3,557
10,520
10,654
10,625
10,611
15,626
13,499
10,563
15,393
12,634
19,587
13,589
21,651
10,535
17,562
13,678
19,743
10,585
19,757
20,622
12,788
8,693
10,530
10,118
15,442
10,702
10,703
10,721
10,541
10,656
10,755
4,684
10,781
8,516
12,627
10,644
10,722
20,453
19,522
9,255
10,556
10,423
10,657
10,796
12,837
10,309
12,443
10,600
10,552
14,803
10,738
10,597
12,663
19,617
10,574
12,635
10,591
20,649
11,716
19,705
10,623
12,780
13,641
10,760
12,694
4,580
12,724
10,630
20,458
10,799
10,648
10,759
19,658
10,667
10,477
20,504
4,551
10,592
10,741
10,513
10,472
10,544
10,596
20,459
10,469
10,167
9,444
13,515
20,377
12,338
10,2
13,8
12,435
10,295
10,528
15,401
19,386
10,380
19,534
12,385
13,249
14,55
4,381
9,427
10,483
10,362
1,388
10,390
21,475
10,317
10,144
10,468
12,237
5,187
12,484
12,315
10,449
10,564
10,726
10,465
10,481
12,599
10,700
10,578
14,620
10,323
12,749
10,583
13,116
10,577
12,594
10,768
10,394
10,343
19,169
2,433
10,329
10,344
10,199
4,744
10,283
10,398
10,265
10,506
10,222
10,519
8,655
10,81
12,440
10,375
13,349
12,330
10,526
19,498
12,662
10,650
4,493
10,432
10,266
10,365
10,276
10,12
10,136
10,229
19,68
4,368
10,90
10,133
10,476
10,364
12,537
10,279
12,402
10,209
20,132
7,141
10,348
4,400
10,570
10,614
10,680
10,542
10,452
4,51
20,32
12,193
18,715
12,511
10,593
10,752
19,473
10,569
10,601
16,492
10,502
10,501
19,404
19,327
10,730
10,728
10,697
10,572
10,447
7,391
10,436
10,497
10,742
10,508
10,673
19,772
13,699
19,688
10,733
10,586
10,431
10,603
10,500
10,523
10,214
20,263
10,576
13,293
20,42
19,306
4,439
19,221
13,126
10,122
20,41
10,134
10,233
19,92
10,121
13,270
10,357
4,185
10,56
10,448
4,303
20,514
19,308
10,406
12,335
10,49
10,257
10,609
10,415
10,236
20,584
10,67
10,366
10,482
19,66
10,142
10,710
10,173
10,110
10,190
10,161
10,413
20,127
10,180
10,271
10,313
13,138
20,546
10,290
10,147
19,231
19,23
10,631
19,616
10,488
10,346
20,208
10,521
10,268
10,387
4,33
10,1
10,302
10,311
10,347
10,213
22,93
20,392
10,399
10,296
19,549
10,128
10,188
10,529
10,242
10,53
10,79
10,165
10,43
10,403
10,621
10,430
4,582
20,495
10,227
19,505
20,291
13,525
10,503
10,679
10,456
10,215
20,218
10,461
10,171
10,319
10,203
10,517
10,420
10,510
10,355
10,333
10,331
13,467
10,86
19,735
10,82
10,480
10,613
10,647
10,354
10,466
10,441
10,228
10,111
10,352
10,341
10,359
10,463
10,105
10,260
10,24
10,256
20,280
10,324
10,264
10,117
13,112
10,297
19,4
10,240
10,189
13,160
10,106
19,14
13,211
20,88
10,27
10,130
10,289
10,159
19,225
10,31
10,272
12,16
10,65
10,149
10,332
10,207
13,172
19,219
10,244
10,561
10,312
10,241
10,252
4,247
12,278
10,371
10,250
10,548
10,428
10,195
10,275
10,64
10,232
10,300
10,168
10,298
10,337
10,307
10,358
10,238
10,104
10,340
10,101
10,36
20,301
10,316
10,334
10,137
10,123
10,356
10,61
10,163
10,54
4,140
10,98
10,44
10,220
10,47
10,285
10,373
10,230
10,206
10,784
10,855
10,539
19,861
10,28
10,808
10,720
4,450
10,46
10,851
10,785
10,99
10,181
13,152
10,108
10,97
10,277
10,192
10,813
10,70
10,5
10,22
10,659
10,857
10,660
13,15
10,859
10,166
10,314
5,178
4,828
10,83
10,407
13,248
19,197
10,273
10,201
19,531
10,860
10,157
10,396
10,120
10,821
10,701
10,286
10,805
10,777
10,823
10,632
10,612
10,84
10,419
10,674
10,624
10,815
10,336
10,125
10,858
10,507
10,801
13,835
13,536
10,758
10,698
10,150
20,553
13,491
20,412
10,665
10,287
10,154
10,235
10,310
10,91
10,451
13,269
10,540
10,666
10,85
10,405
10,370
10,460
10,581
10,471
10,414
10,408
10,274
10,446
10,496
10,261
10,434
19,35
10,25
10,360
10,89
10,45
10,487
10,177
10,74
13,425
10,664
10,155
13,143
10,129
10,527
10,58
10,243
10,145
10,6
10,490
10,113
10,75
10,103
10,38
10,62
10,80
10,205
10,18
4,254
10,115
10,148
13,223
10,151
10,37
10,294
10,29
10,69
10,198
10,162
10,164
3,489
10,636
10,383
10,282
10,438
10,602
10,633
4,95
10,417
10,409
10,204
10,538
10,509
10,71
10,457
10,382
10,426
10,339
10,96
10,350
10,554
10,690
10,76
10,411
4,376
10,196
10,284
10,474
10,454
13,153
10,202
10,13
10,124
10,239
10,245
10,455
4,135
10,52
10,258
10,320
10,397
10,395
10,224
10,156
10,78
10,158
1,102
10,183
13,545
10,533
10,3
10,372
10,174
10,7
4,50
13,379
13,107
4,119
10,60
10,20
10,200
10,470
4,26
10,73
10,139
7,281
10,191
10,194
10,72
5,77
10,34
10,210
13,176
10,57
10,606
4,838
13,836
10,560
4,765
13,351
4,63
10,844
4,629
4,811
13,421
10,464
13,827
10,717
10,175
10,809
10,410
10,590
13,846
10,363
13,804
10,783
10,251
10,39
4,486
13,856
10,40
10,182
10,812
10,369
10,146
10,262
13,342
4,807
10,736
4,217
10,753
10,791
10,288
10,786
10,325
4,87
10,424
4,729
10,186
10,299
10,798
10,628
13,100
10,321
10,21
10,775
13,292
4,10
13,794
13,389
13,30
13,361
13,11
