17,712
17,728
17,737
27,724
17,701
17,600
42,618
17,508
17,646
17,654
17,656
18,505
17,719
17,739
17,643
17,669
17,664
17,504
43,686
17,616
17,729
17,677
42,596
17,633
42,734
41,718
17,715
17,723
17,702
42,545
17,685
17,671
17,722
27,571
17,406
17,720
17,512
17,756
17,735
43,727
17,370
17,546
17,364
17,427
17,621
42,564
17,351
17,521
25,632
17,732
43,687
17,659
10,526
17,604
17,731
23,705
9,615
17,601
25,506
17,672
17,714
17,611
17,644
42,708
42,479
17,648
17,559
17,588
17,547
42,710
17,667
17,581
18,469
17,553
19,647
42,636
17,638
17,562
17,688
17,585
42,520
17,262
17,630
17,560
15,613
17,419
17,699
17,476
17,590
17,456
17,529
17,570
17,623
25,662
21,272
17,401
17,524
41,403
8,609
42,321
17,346
17,649
17,645
15,386
14,368
17,661
17,652
24,706
17,461
65,284
17,625
42,550
11,586
42,670
17,634
17,610
18,703
3,543
27,683
40,352
22,721
42,568
42,363
17,208
17,535
63,541
17,379
42,497
11,418
31,528
17,444
39,640
17,695
17,607
17,655
17,591
55,680
17,573
17,673
38,696
35,593
71,400
12,709
17,658
2,657
17,540
17,446
17,393
60,319
53,453
17,660
42,438
17,462
53,507
33,744
29,675
17,287
5,264
17,192
4,484
17,679
53,347
22,460
12,605
14,390
46,382
28,405
17,236
20,454
7,578
7,247
42,488
39,378
30,522
54,407
53,425
53,502
17,330
42,373
54,276
53,483
54,285
17,274
53,435
53,491
19,249
16,415
54,515
53,441
17,514
59,374
53,486
54,327
65,381
54,377
53,487
53,429
54,574
58,542
54,463
53,525
54,450
54,455
17,493
17,220
53,238
54,320
53,243
53,413
17,387
53,316
53,354
54,443
42,492
37,397
17,189
7,412
42,150
68,404
53,248
54,537
17,241
53,385
54,299
53,211
26,408
53,232
53,306
48,430
54,464
53,577
53,494
13,567
17,258
53,384
53,255
54,627
53,235
53,270
53,181
53,177
54,532
53,594
51,608
5,421
17,296
53,383
53,694
53,414
4,503
54,411
53,556
53,442
54,513
53,361
54,642
61,209
53,329
53,348
54,325
54,475
53,227
54,449
53,283
54,436
53,307
54,239
53,162
54,266
53,434
57,212
53,297
54,196
53,184
53,301
53,223
53,345
53,259
54,500
54,197
34,490
54,579
53,554
53,392
53,641
54,576
53,480
53,228
54,290
53,288
54,253
65,372
54,440
54,350
54,225
53,375
53,252
50,278
53,176
54,598
53,575
54,395
36,626
54,472
54,416
53,231
53,206
54,595
54,240
56,628
54,561
54,268
54,582
17,277
54,275
53,154
54,201
54,603
53,185
53,750
53,747
54,755
54,745
54,758
53,653
54,760
53,757
54,753
53,742
53,748
54,752
54,746
54,749
54,751
43,743
55,761
17,523
54,552
17,527
54,467
47,332
54,549
54,451
54,530
53,353
53,366
53,221
53,359
54,256
53,322
53,555
53,254
54,280
53,202
54,485
17,291
54,237
70,355
54,300
54,424
53,340
54,519
53,580
53,459
54,389
54,614
54,282
53,544
65,265
53,433
1,380
53,289
53,589
53,305
53,439
54,651
53,311
53,309
53,637
54,639
53,445
53,224
53,668
53,344
53,597
53,587
53,251
54,207
54,315
53,230
54,631
53,195
53,312
54,295
53,698
17,516
53,388
54,313
54,612
53,399
53,509
54,563
53,367
53,583
53,557
53,409
53,716
53,398
54,394
54,622
53,432
53,437
53,465
53,635
53,458
53,410
62,293
53,468
53,539
17,267
53,334
69,349
54,343
54,362
53,428
65,606
53,338
54,302
53,260
53,242
62,357
54,308
54,342
53,518
53,717
53,331
54,182
53,175
54,279
53,261
53,365
53,689
53,510
53,551
54,423
53,304
42,326
54,318
53,726
53,697
54,269
54,681
53,707
53,317
53,617
53,693
6,692
54,629
54,725
53,730
53,676
53,496
53,323
53,666
54,736
54,691
54,733
54,569
53,682
54,665
54,489
53,538
42,548
17,402
53,599
53,481
66,263
69,452
53,572
53,482
54,584
54,558
53,498
53,213
54,501
53,200
53,391
53,376
54,624
53,704
53,324
53,678
53,273
53,360
4,180
54,470
53,690
54,198
65,333
53,740
54,466
53,471
53,328
53,294
53,188
53,286
53,448
53,203
54,193
54,244
17,592
53,684
53,565
53,663
53,536
54,298
17,137
54,336
54,341
53,166
53,229
53,310
54,271
53,199
53,763
53,764
54,754
53,149
53,191
54,257
17,194
53,499
64,110
17,292
53,426
49,369
53,477
54,602
54,219
53,422
53,478
53,358
53,142
54,711
53,533
53,126
53,431
54,417
54,64
53,112
54,172
54,65
53,114
53,25
54,218
53,81
54,741
54,122
53,23
53,46
53,152
53,566
54,30
53,70
51,123
42,179
53,76
53,100
54,7
53,214
53,128
54,473
53,447
53,335
53,650
53,19
53,51
53,770
53,40
54,98
53,26
53,173
54,132
54,120
53,700
53,738
54,303
53,215
54,155
53,713
53,281
51,141
53,140
53,5
53,79
53,15
54,115
53,337
54,420
53,54
53,127
67,102
53,31
53,69
53,517
54,67
53,216
53,8
53,33
53,74
53,29
54,55
53,14
54,89
53,32
53,84
54,28
53,72
26,1
14,47
53,3
54,41
53,97
54,90
53,6
53,39
53,133
53,82
54,762
53,11
54,27
53,21
53,125
53,765
54,44
53,769
54,43
53,768
54,135
53,183
53,190
53,68
53,161
53,159
53,124
53,92
53,234
53,168
53,246
43,147
54,531
53,134
52,66
53,153
53,106
53,60
53,77
53,20
53,22
53,2
53,10
53,93
49,45
53,109
54,101
54,78
53,131
54,58
53,157
53,144
53,24
53,103
53,35
1,146
53,62
54,48
53,18
54,767
53,13
53,87
54,36
54,17
53,37
51,63
53,83
53,9
53,16
53,42
54,136
54,766
54,339
54,205
54,71
53,396
53,178
53,52
54,222
54,356
53,116
36,107
53,474
53,96
53,511
54,534
53,314
53,204
54,138
53,91
53,151
53,50
71,139
53,148
32,88
53,38
53,111
54,80
54,86
53,210
53,61
53,12
53,117
53,73
53,186
53,75
54,620
54,105
53,165
53,85
53,104
54,187
53,163
53,121
54,95
53,169
53,108
54,56
53,143
36,164
53,113
54,129
42,233
52,226
52,759
53,619
52,94
52,59
52,49
52,119
52,34
52,4
52,160
52,250
52,495
45,158
52,245
53,457
52,171
52,217
26,170
52,57
52,99
17,53
44,674
44,371
17,145
17,118
17,167
17,174
17,156
43,130
