1,825
3,1225
4,1247
4,1178
1,1182
3,1177
3,1222
1,996
1,1236
3,1239
4,1061
4,546
3,1097
3,1246
1,1112
1,856
1,1055
3,1185
3,1244
3,1046
3,1167
3,446
1,971
3,1229
1,1232
3,1224
1,987
1,1206
4,1184
3,520
1,1253
1,1179
1,968
3,1252
1,1077
3,1238
1,932
4,1191
4,1176
1,1085
3,619
3,988
3,913
4,1139
1,1140
3,1205
4,568
3,1223
1,1022
4,1148
4,414
1,776
3,670
4,1218
3,1168
4,1133
3,1195
4,667
4,804
1,623
4,964
3,1128
4,1159
1,632
1,865
1,783
4,586
3,843
4,1157
1,976
3,979
1,1033
3,1111
3,949
1,947
3,871
3,755
3,1132
4,516
1,502
3,322
1,1102
2,1180
3,901
3,937
3,848
3,1221
3,391
4,889
3,1203
4,1153
3,1169
3,535
3,1090
3,739
1,874
4,867
1,982
1,744
4,759
3,1149
1,407
3,1110
3,1109
1,1240
4,955
1,462
1,1227
1,727
3,558
1,1065
4,1219
3,1213
1,1135
3,1151
3,1241
1,615
3,1141
1,607
3,1173
1,270
3,752
4,765
3,1114
1,1188
1,767
1,894
4,594
1,1198
1,842
3,296
3,832
1,970
1,823
3,641
1,1142
3,785
3,773
3,725
3,1129
3,421
1,1117
1,1175
3,1234
1,1200
3,1230
1,1040
3,1212
4,1174
1,521
3,926
3,669
4,868
3,251
3,1171
3,1158
1,1120
3,466
3,927
1,675
1,552
1,940
4,792
1,1093
1,1044
1,455
1,571
3,981
3,953
3,510
1,1197
1,1030
3,1025
3,1026
1,1087
3,935
1,345
1,1215
3,529
3,1056
3,898
3,777
1,365
3,1201
1,1242
1,1235
1,951
4,756
3,797
3,610
3,1143
3,341
3,748
3,651
1,816
3,980
3,808
3,719
3,423
1,908
3,1125
3,1154
3,896
3,966
3,303
3,880
3,628
1,318
3,1181
1,1095
1,1138
3,872
3,1013
3,1192
3,1237
4,499
3,914
3,1243
3,794
3,1051
3,1103
1,1052
4,531
3,828
3,1163
3,1152
3,604
1,1228
1,385
1,1122
3,509
3,1194
4,1189
3,1116
3,1131
3,663
1,668
3,775
3,681
3,1001
3,995
3,1210
3,830
3,1127
3,1170
1,905
3,1130
3,1211
3,1078
3,409
3,1084
3,977
3,271
3,638
4,873
3,393
3,1193
3,1119
1,1092
3,672
3,699
3,403
1,892
3,1164
3,1049
1,1012
3,1249
3,1006
3,938
3,761
3,969
3,847
3,350
3,354
3,430
3,406
3,899
3,637
3,1126
3,993
3,1183
3,974
4,386
3,674
1,1144
3,1081
1,989
3,973
3,355
3,572
3,608
3,442
3,213
3,189
3,1220
3,286
1,272
3,513
1,309
3,850
3,508
3,852
3,737
3,944
3,1094
3,434
3,844
3,401
3,357
3,684
3,923
3,612
3,1079
3,702
4,616
3,720
3,500
3,860
3,321
3,791
3,904
3,811
3,717
3,232
3,734
3,1024
3,707
3,424
3,1075
3,729
3,269
3,747
3,602
3,790
1,419
3,538
3,240
3,360
3,362
3,489
3,273
3,329
3,1072
3,460
3,382
3,465
3,812
3,353
3,344
3,786
3,802
3,593
3,855
3,829
3,566
3,963
3,473
3,264
3,1156
3,965
3,554
3,1108
3,1136
3,939
3,408
3,343
3,585
3,447
3,262
3,916
3,936
3,858
3,550
3,439
3,461
1,247
3,644
1,945
3,718
3,486
3,338
3,551
3,664
3,478
3,528
3,577
3,656
3,870
2,1104
1,960
3,284
3,849
3,443
3,1004
3,781
3,250
3,879
3,691
3,763
3,706
3,1039
3,925
3,517
3,714
3,787
3,771
3,1050
3,220
3,890
3,692
3,503
3,1002
3,768
3,622
3,613
3,1123
3,475
3,324
3,745
3,1106
3,437
3,749
3,950
3,1187
3,754
1,713
3,1038
3,545
3,626
3,911
3,328
3,295
3,780
3,640
3,1034
3,203
3,201
3,444
3,441
3,560
3,840
3,857
3,959
3,582
3,736
3,906
3,900
1,511
3,798
3,770
3,1209
3,793
3,313
3,690
3,245
3,339
1,361
3,1003
3,796
3,620
3,415
3,716
3,351
3,288
3,396
3,305
3,789
3,479
3,603
3,530
3,834
3,310
3,555
3,693
3,268
3,910
3,526
3,817
3,1009
3,678
3,864
3,590
4,595
3,564
3,753
3,494
3,553
3,377
3,534
3,533
3,156
3,519
1,962
3,459
3,405
3,598
3,882
3,346
3,1019
3,398
3,512
3,1216
3,676
3,1186
3,639
3,501
3,922
3,1214
3,467
3,1035
3,1199
3,665
3,609
3,575
3,1029
3,983
3,601
1,381
3,199
3,645
3,492
3,930
3,687
3,998
3,347
3,282
3,741
3,1059
3,348
3,801
3,333
3,371
3,686
3,751
3,482
3,778
3,304
3,758
3,624
3,1060
3,184
3,174
3,204
3,562
3,1076
3,1172
3,760
3,319
1,234
3,853
3,942
3,1071
3,231
3,541
3,683
3,374
3,248
3,450
3,671
3,1010
1,573
3,182
3,148
3,1070
3,420
3,611
3,642
3,866
3,1018
3,722
3,402
3,144
3,81
3,158
3,180
3,312
3,334
3,135
3,958
3,515
3,428
3,155
3,113
3,146
3,118
3,139
3,173
3,196
3,138
3,218
3,862
3,1053
3,818
3,655
3,703
3,788
3,440
3,631
3,918
3,588
3,657
3,967
3,694
3,557
4,648
3,1047
3,934
3,306
3,367
3,876
3,505
3,289
3,316
3,984
3,618
3,1005
3,1100
3,454
3,1099
3,723
3,539
3,779
3,715
3,652
3,221
3,277
3,1020
3,799
3,731
3,1226
3,412
3,543
3,281
3,477
3,764
3,1000
3,659
3,294
3,456
3,504
3,822
3,358
3,733
3,851
3,827
3,1115
3,433
3,567
3,302
3,1107
3,366
3,359
3,1037
3,861
3,757
3,1165
3,885
3,774
3,909
3,952
3,330
3,845
3,488
3,1101
3,480
3,730
3,1063
3,709
3,394
3,831
3,742
3,743
3,810
3,915
3,1086
3,1150
3,666
3,524
3,833
3,795
3,819
3,649
3,917
3,507
3,411
3,311
3,416
3,314
3,495
3,474
3,746
3,425
3,1091
3,1096
3,721
3,1098
1,807
1,581
3,1008
3,634
3,711
3,308
3,336
3,895
1,836
3,1088
3,673
3,565
3,1146
3,1067
3,1137
3,946
3,1105
3,1204
3,370
3,451
3,929
3,536
3,893
3,331
3,498
3,547
3,696
3,436
3,682
3,954
3,1054
3,978
3,888
3,704
3,265
3,469
3,679
3,735
3,379
3,726
3,540
1,712
3,375
3,387
3,225
3,293
3,238
3,1048
3,592
3,578
3,903
3,1202
3,661
3,1166
3,383
3,1021
3,496
3,576
3,1155
3,869
3,803
3,327
3,907
3,589
3,1023
3,1162
3,897
3,636
3,491
3,453
3,548
3,468
3,838
3,485
3,732
3,878
3,1124
3,487
3,471
3,1118
3,1042
3,766
3,591
3,580
3,629
3,584
3,991
3,650
3,762
3,826
3,1069
3,912
3,369
3,997
3,606
3,373
3,242
3,332
3,452
3,404
3,902
3,556
3,212
3,859
3,532
3,633
3,990
3,689
3,323
3,214
3,563
3,839
4,256
3,1036
3,1073
3,449
1,1082
1,1031
3,614
3,708
3,527
3,384
3,941
3,400
3,349
3,685
3,846
3,325
3,887
3,627
3,597
3,948
3,646
3,260
3,368
3,291
3,472
3,975
1,740
3,986
3,388
3,630
3,587
3,418
1,884
3,933
3,579
3,806
3,992
3,464
3,92
3,215
3,417
3,202
3,654
3,257
3,399
3,643
3,1217
3,985
3,1017
3,463
3,600
3,1134
3,207
3,972
3,596
3,292
3,635
3,280
3,660
3,337
3,863
3,1043
3,647
3,583
3,1007
3,542
3,700
3,1064
1,490
3,800
3,710
3,1014
3,677
3,569
3,919
3,999
3,470
3,522
3,724
3,617
3,1058
3,784
3,301
3,181
3,924
3,431
3,931
3,883
3,782
3,920
3,680
3,886
3,599
3,653
3,1190
3,422
3,805
3,621
3,1028
3,192
3,881
3,380
3,352
3,891
3,1041
3,525
3,769
3,243
3,875
3,957
3,484
3,658
3,1068
3,326
3,820
3,435
3,1032
3,317
3,276
3,427
3,943
3,290
3,570
3,476
3,320
3,497
3,662
3,410
3,523
3,815
3,824
3,364
3,506
3,274
3,413
3,226
3,395
3,854
3,481
3,169
3,224
3,397
3,209
3,307
3,152
3,71
3,76
3,1290
3,86
3,194
3,688
3,356
1,258
3,544
3,124
3,1062
3,122
3,176
3,429
3,340
3,1207
3,197
3,140
3,537
3,1045
3,1147
3,1089
3,1066
3,342
3,445
3,1080
3,198
3,205
3,363
3,625
3,1208
3,559
3,728
3,574
3,821
3,921
3,1113
3,695
3,254
3,103
1,85
3,219
3,90
3,101
3,168
3,95
3,772
3,78
3,46
3,120
3,137
3,300
3,94
3,372
3,928
3,93
3,151
1,261
3,77
3,55
3,514
3,279
1,131
3,154
3,244
3,217
3,104
3,30
3,10
3,74
3,110
3,88
3,68
1,132
3,57
3,87
3,36
3,116
3,193
3,43
3,1273
3,62
3,1276
3,22
3,1284
3,1277
3,24
3,1279
3,19
3,41
3,7
3,34
3,1298
3,1289
3,48
3,18
3,115
3,21
3,141
3,1283
3,6
3,1278
3,2
4,14
3,159
3,191
3,53
3,84
3,1272
3,190
3,20
3,1297
3,1282
3,1291
3,42
3,1145
3,26
3,13
3,1015
3,392
1,750
3,241
3,298
3,73
3,432
3,1260
3,1255
3,1254
3,1258
1,1259
3,1264
3,1257
3,1261
3,1256
3,1263
3,1262
3,701
3,252
3,438
3,837
3,249
3,227
3,253
3,206
3,179
3,235
3,170
3,458
3,267
3,239
3,275
3,956
3,278
3,236
3,89
3,51
3,61
3,44
3,216
3,283
3,483
3,255
3,47
3,50
3,39
3,153
3,3
1,38
3,69
3,12
3,315
3,11
3,1270
3,54
3,163
3,188
3,223
3,112
3,809
3,67
3,29
3,149
3,58
3,1275
3,106
3,56
3,233
3,97
3,1285
3,1271
3,1286
3,79
3,4
3,59
3,100
3,1299
3,1057
3,1161
3,1268
3,91
3,63
3,1245
3,128
3,123
3,605
3,83
1,389
4,147
3,814
3,178
3,25
3,177
3,70
3,160
3,493
3,164
3,426
3,167
3,33
3,31
3,1274
3,1281
3,166
3,35
3,1266
3,1294
3,60
3,105
3,15
3,107
3,102
3,80
3,1265
3,72
3,8
3,17
3,5
3,23
3,186
3,65
3,1292
3,45
1,1
3,16
3,1295
3,52
3,37
3,1280
3,1296
3,1293
3,1288
3,1267
3,165
3,9
3,1269
3,285
3,195
3,1287
3,187
3,108
3,136
3,49
3,121
3,64
3,161
3,222
3,175
3,1233
3,877
3,994
3,549
3,126
3,183
3,561
3,130
3,119
3,96
1,109
3,28
1,66
3,117
3,27
3,82
3,127
3,75
3,40
3,150
3,208
3,98
3,145
3,143
4,1160
3,211
3,297
1,99
3,1011
1,172
1,32
3,1300
3,378
3,1121
3,287
3,237
3,133
3,200
3,335
3,114
3,518
3,1027
3,705
3,1016
1,210
1,835
1,129
4,157
1,246
4,230
4,1074
3,738
3,1083
1,457
4,259
3,697
3,142
3,1231
3,1250
1,171
1,448
3,1248
3,1251
3,698
4,813
4,1196
1,266
1,841
3,228
3,299
3,111
1,376
1,134
1,961
1,229
1,390
3,125
3,263
4,185
1,162
