12,135
8,167
2,130
5,219
5,278
15,276
12,223
21,192
11,162
8,325
22,201
21,287
17,343
12,265
11,299
6,319
4,235
6,382
8,341
6,141
5,123
6,182
5,381
4,304
5,395
12,418
5,378
8,448
7,222
4,298
5,349
12,449
21,396
9,87
15,406
17,76
21,455
6,405
5,364
5,397
6,311
12,458
6,463
12,473
21,467
12,13
12,36
6,215
21,153
5,344
21,432
15,438
6,371
15,322
4,279
11,216
21,194
12,307
12,294
21,121
21,208
5,470
15,421
11,474
11,54
21,6
12,52
12,303
5,138
12,224
21,380
21,433
12,63
11,110
21,331
19,379
12,315
11,35
21,353
5,246
12,321
21,360
12,317
12,392
12,146
21,372
19,269
6,180
21,460
12,387
6,206
12,189
5,273
11,383
12,231
12,357
21,242
9,476
12,258
9,237
21,184
21,106
21,103
12,115
9,114
21,156
12,295
12,89
21,462
15,339
21,61
5,176
21,79
21,97
21,197
6,165
6,318
11,227
12,290
11,270
15,388
5,301
19,400
21,284
9,232
12,267
21,347
5,257
12,183
19,332
5,209
5,255
6,291
12,217
19,327
12,384
12,158
15,456
12,239
12,316
19,359
12,305
4,8
12,342
12,60
15,401
21,336
12,323
12,187
12,233
12,252
12,157
17,101
12,124
12,296
21,171
21,72
21,49
5,179
22,127
12,109
19,57
5,113
12,37
21,166
21,147
19,86
21,45
12,111
12,82
21,186
21,102
5,33
12,168
12,71
21,51
9,320
12,66
21,75
15,172
12,408
19,12
21,454
21,361
12,466
21,338
21,414
6,160
13,459
5,354
5,461
19,434
12,11
15,425
11,377
12,398
21,435
5,285
5,328
12,90
19,196
12,281
12,253
9,211
12,203
13,272
12,329
15,247
21,429
12,345
12,245
9,236
12,370
12,373
17,148
15,261
21,251
9,250
19,404
11,170
12,243
19,326
19,140
15,205
5,260
6,221
21,126
12,154
12,155
11,14
13,293
21,375
21,202
9,42
19,297
12,367
21,175
12,362
21,145
5,210
9,150
14,151
12,200
9,161
12,83
15,96
12,207
12,213
9,137
12,214
12,330
21,104
12,108
12,59
21,313
5,85
21,47
21,95
12,136
12,228
12,68
12,44
5,300
9,366
19,363
12,457
21,465
5,444
15,346
21,259
11,283
12,144
13,142
9,174
12,314
19,193
11,149
19,164
15,262
12,356
12,185
9,81
12,92
21,107
12,229
11,129
19,70
5,84
5,352
21,77
21,99
9,351
12,306
15,58
21,139
21,248
12,119
19,152
19,238
12,181
21,374
12,254
15,302
19,134
21,310
12,169
15,451
9,427
7,73
12,67
18,26
5,46
12,178
12,391
15,266
21,440
15,424
21,422
19,348
21,416
15,7
16,478
21,32
9,280
19,1
12,376
21,275
12,439
12,389
12,446
15,407
21,472
5,218
5,204
5,241
21,264
9,274
20,105
21,100
7,177
19,282
21,125
19,368
16,442
12,34
12,369
21,420
12,355
19,244
7,98
12,234
12,249
15,337
22,324
9,308
12,402
14,212
5,292
21,413
15,65
20,56
12,195
12,230
18,9
5,415
12,94
12,394
9,15
9,277
12,286
16,118
15,120
12,436
12,417
12,64
12,78
22,74
19,220
15,426
15,477
19,271
19,410
13,365
21,334
4,335
8,412
13,288
21,112
12,132
5,464
12,256
15,431
1,358
11,173
19,268
19,131
18,447
12,468
5,199
21,289
21,471
9,445
7,163
12,430
18,27
19,21
12,80
21,423
8,93
5,191
5,50
5,69
10,240
20,122
11,39
12,159
11,5
19,31
4,40
9,23
15,263
12,4
5,225
12,411
22,312
11,469
12,190
6,399
12,333
5,437
5,62
16,128
15,198
22,390
12,25
11,30
5,24
16,17
12,55
12,143
1,450
9,385
3,419
12,41
5,20
12,428
5,133
19,117
19,226
4,453
12,91
3,53
6,43
21,48
18,22
21,18
12,88
18,116
22,16
13,38
22,188
21,309
17,403
5,29
12,340
20,350
17,441
5,393
5,3
15,452
5,443
12,19
17,28
15,386
8,2
14,409
11,475
12,10
