45,753
44,746
47,76
25,762
31,775
46,512
39,668
56,486
31,706
44,696
63,758
62,699
8,780
30,260
8,711
36,691
15,499
30,796
53,45
56,130
8,206
24,89
21,669
73,632
62,735
39,703
59,724
60,790
25,756
61,782
15,754
27,169
4,777
8,716
57,759
66,761
23,123
5,755
31,774
24,663
43,661
46,788
55,583
34,511
60,739
21,694
15,577
26,690
71,606
7,752
25,767
41,747
77,685
24,383
62,766
20,63
30,713
5,468
31,127
54,679
47,741
15,750
60,672
19,619
60,727
77,742
22,693
18,722
56,717
75,714
47,528
16,504
63,608
21,660
21,510
60,605
60,698
16,728
42,634
46,635
62,526
1,574
46,502
8,417
55,372
68,537
71,473
46,432
60,544
18,282
41,589
41,337
18,557
54,224
54,710
15,721
24,626
57,385
58,529
63,405
53,395
49,426
64,617
31,595
60,671
10,552
51,515
62,666
7,667
77,551
7,615
54,603
39,683
35,522
8,569
21,680
77,505
18,627
25,516
18,723
49,686
64,466
60,719
6,725
63,689
47,637
60,564
48,568
39,286
60,306
30,464
30,453
71,436
61,313
30,28
44,329
41,77
43,218
63,268
63,494
63,440
63,514
64,449
47,769
40,378
41,65
40,783
63,598
8,700
39,625
63,720
62,654
51,662
47,452
57,597
21,256
43,438
50,105
14,240
78,673
21,590
64,612
45,638
53,533
6,622
77,565
53,563
64,664
60,506
6,670
41,692
41,675
62,348
61,541
53,381
64,459
17,584
48,618
30,548
8,546
72,650
4,384
54,408
43,358
40,312
18,779
8,27
70,642
53,718
41,441
55,740
61,592
65,300
64,518
57,227
61,211
56,628
61,213
2,99
13,443
56,639
5,677
4,35
77,155
64,392
60,195
64,98
64,174
13,30
29,462
58,237
63,393
58,422
56,226
53,542
20,298
8,376
60,294
62,305
31,580
69,198
33,331
33,336
60,134
56,192
61,315
58,196
69,682
51,540
62,591
32,148
45,391
31,271
65,547
69,567
8,653
61,704
54,418
52,280
60,630
65,415
39,463
5,687
34,594
63,357
56,360
72,434
64,550
18,629
17,536
8,490
41,368
32,140
44,520
22,125
60,302
41,458
77,11
46,100
60,517
25,141
8,343
31,480
33,308
39,325
47,461
17,245
60,623
71,531
16,364
63,497
48,521
15,534
55,684
30,460
5,601
37,620
14,543
62,715
63,139
64,420
60,212
28,142
31,610
29,651
60,586
6,151
46,425
25,423
8,508
74,73
56,401
50,347
61,539
56,498
46,399
54,561
61,538
65,640
58,621
64,487
63,475
41,649
41,562
61,575
60,571
64,611
63,316
43,648
17,633
77,712
59,442
60,613
41,407
61,350
64,409
56,554
18,410
12,489
6,122
9,176
6,448
62,607
46,501
63,695
20,614
77,532
62,446
60,560
65,301
61,194
62,205
27,207
21,162
64,582
61,335
60,168
7,143
46,208
5,369
65,103
54,588
63,573
64,397
77,281
72,555
63,248
60,307
28,344
64,108
7,25
6,332
18,279
6,362
7,230
54,55
63,12
59,363
62,530
63,323
17,81
62,373
62,513
63,545
51,328
45,527
38,173
63,375
64,152
65,394
16,219
60,359
62,604
36,479
62,341
61,587
51,299
60,330
13,241
51,234
60,370
42,471
60,600
59,503
60,412
3,636
6,467
6,658
6,674
6,193
63,470
57,36
61,8
62,201
60,20
51,246
64,214
33,69
63,435
6,292
63,437
24,295
5,225
17,197
60,317
6,238
64,356
59,112
64,94
64,297
52,60
65,95
77,183
40,342
63,43
6,85
60,191
63,274
25,215
63,189
79,164
61,175
63,101
77,19
63,167
60,411
8,239
6,760
77,652
17,86
5,396
60,365
7,380
63,107
56,229
60,153
56,377
60,158
48,456
60,293
58,483
64,137
58,172
5,252
8,52
64,190
69,304
64,303
60,257
6,314
32,146
60,171
60,92
8,91
28,382
50,79
5,414
63,185
60,145
63,147
63,265
61,113
63,150
60,7
6,129
60,242
65,26
60,138
77,309
65,477
65,157
77,184
60,41
3,10
64,136
5,254
43,2
14,126
62,154
63,61
28,266
6,3
50,144
77,71
6,128
60,272
64,439
11,178
64,121
63,102
6,643
6,339
8,324
60,83
46,80
6,88
63,296
63,288
60,259
77,6
64,42
60,495
65,232
60,163
60,1
60,366
5,4
63,261
12,29
60,119
60,519
60,289
62,419
60,51
60,48
60,402
63,22
58,54
25,40
63,97
63,333
60,32
18,578
8,602
6,131
60,135
62,57
60,132
60,18
62,14
63,179
64,275
60,349
63,283
8,455
63,481
60,285
64,210
63,59
63,104
60,9
61,263
63,39
60,284
62,220
59,5
63,233
59,264
6,223
63,222
60,398
60,576
6,451
64,231
64,253
36,374
60,16
6,556
5,277
64,367
64,244
64,44
60,114
60,353
60,318
8,90
63,120
60,186
60,523
6,249
64,118
77,68
64,93
60,64
64,404
32,267
60,250
27,310
6,361
61,430
6,177
64,72
60,371
59,78
8,270
63,273
65,31
64,47
60,62
60,17
63,96
58,161
77,74
63,334
60,46
6,156
60,116
60,23
6,75
65,56
63,216
27,326
60,255
62,67
60,37
60,478
64,278
60,159
5,209
63,379
64,200
60,509
64,319
64,235
60,447
77,221
60,228
59,188
60,702
63,49
64,269
60,133
63,87
6,428
60,688
60,581
60,596
58,389
63,655
63,553
77,599
60,549
64,641
60,570
60,124
65,646
60,579
60,388
57,676
64,624
6,678
59,705
46,287
77,482
76,387
6,525
77,491
64,492
64,485
59,558
63,400
67,406
63,416
60,390
6,465
8,665
8,450
65,165
8,322
60,496
60,320
60,170
60,354
60,352
6,431
60,58
60,243
60,340
60,559
60,444
60,609
60,457
60,403
65,507
60,276
6,476
57,38
6,202
60,351
60,355
77,433
63,111
60,109
63,338
60,50
60,182
63,203
6,33
60,386
60,474
60,795
60,701
60,781
60,262
64,792
60,794
8,793
60,770
60,290
60,115
8,524
70,34
60,13
63,21
6,15
60,708
77,797
8,737
8,736
60,180
60,786
64,773
60,745
60,771
63,734
60,709
60,731
59,772
60,251
60,743
60,236
60,748
60,749
60,798
60,787
77,445
60,187
60,217
77,732
77,493
8,566
8,657
77,656
8,454
60,427
8,585
8,535
77,659
60,697
58,149
60,84
60,789
8,321
9,744
8,488
60,106
60,199
8,82
8,751
60,429
77,616
60,785
60,593
60,778
60,469
60,765
77,484
60,738
60,204
67,311
60,733
60,726
77,327
77,729
77,345
60,258
60,730
77,707
60,631
8,768
8,500
8,644
8,791
60,110
60,681
77,166
60,764
77,424
59,757
60,413
8,647
60,784
60,472
77,763
77,776
8,572
8,66
60,53
8,117
60,645
77,70
8,247
8,346
8,181
8,24
60,291
8,421
8,160
