221,667
189,680
44,672
9,649
186,652
235,651
170,634
97,671
151,669
198,660
131,510
168,656
26,631
182,647
211,598
184,594
45,682
144,107
209,515
139,405
155,138
141,474
152,481
12,519
181,507
49,552
180,639
99,646
150,495
124,617
157,553
5,658
193,616
124,527
206,584
227,543
23,535
176,654
174,583
97,558
69,636
147,664
120,608
160,655
139,666
153,653
30,629
110,676
84,599
157,560
1,601
97,358
140,644
136,446
142,678
96,71
176,633
189,588
49,145
122,395
55,234
41,550
229,426
97,485
237,430
64,429
89,374
193,302
227,129
233,308
97,327
97,416
97,82
148,257
76,8
51,52
21,489
216,152
95,143
103,421
160,587
97,612
29,579
136,623
215,565
96,90
158,486
11,600
56,452
97,378
45,534
201,549
23,352
185,195
16,432
227,353
104,454
206,417
44,473
70,546
98,363
66,330
4,216
139,228
83,427
65,491
97,536
200,453
14,410
124,400
166,541
194,334
128,350
158,555
42,595
17,663
94,637
3,650
119,643
96,563
52,657
96,508
145,681
107,662
76,372
175,626
97,404
13,590
97,513
159,465
192,478
103,447
193,246
214,611
50,613
206,554
7,580
97,566
199,529
226,568
96,476
196,597
97,591
51,551
97,521
65,574
146,573
173,562
53,585
40,511
117,537
97,412
203,632
203,592
22,576
20,578
54,610
72,642
97,615
77,487
76,533
102,530
14,497
6,455
38,544
91,556
125,630
114,531
222,456
174,479
35,268
169,517
163,282
132,422
193,444
87,509
154,351
101,218
92,329
197,326
73,420
175,451
39,518
94,461
209,394
183,528
167,437
124,324
68,548
201,213
193,202
43,645
194,624
46,496
97,460
49,226
178,545
108,204
192,356
111,377
219,127
97,270
135,159
97,217
109,73
76,249
105,291
60,449
76,337
52,72
96,40
151,442
97,459
96,64
136,364
97,419
97,101
97,439
24,609
82,577
57,561
52,606
9,684
127,532
141,618
97,538
121,614
97,581
104,525
14,559
96,539
85,540
179,214
97,677
36,635
27,564
93,607
75,596
81,431
105,492
100,665
232,409
194,297
76,406
139,141
97,462
96,340
112,488
97,522
213,418
25,467
212,475
86,307
193,493
141,381
103,296
97,231
76,120
93,285
47,277
52,391
15,56
76,211
138,524
118,122
94,362
208,271
97,498
192,298
97,503
96,247
113,463
131,86
198,441
78,567
106,28
96,283
126,317
80,266
100,506
113,117
97,184
99,433
48,361
96,483
92,336
123,342
105,322
87,345
3,79
97,280
136,241
149,436
80,178
18,259
96,237
96,162
96,132
71,424
202,256
37,411
97,80
172,371
129,97
217,229
236,166
96,390
97,413
231,325
190,526
2,179
31,286
136,457
67,67
134,466
76,490
94,393
58,575
140,369
106,379
225,471
94,176
192,289
97,398
91,253
97,232
97,512
116,621
97,49
97,288
76,240
141,207
187,276
97,320
81,124
94,542
97,458
135,335
188,239
96,469
28,220
94,354
133,105
10,294
94,279
156,375
226,275
136,470
220,435
97,382
97,384
97,401
97,516
82,161
141,263
97,206
112,386
97,316
19,209
197,125
94,258
96,75
97,331
97,370
114,244
34,160
204,198
136,48
90,205
76,248
103,357
97,494
115,200
97,281
79,272
226,168
97,365
97,373
88,151
205,328
96,265
76,119
62,227
76,43
229,60
76,30
8,188
210,110
130,34
91,438
96,287
161,167
90,238
97,434
97,181
177,158
171,41
86,189
162,100
97,299
76,304
139,113
234,389
97,224
97,278
96,501
164,675
63,679
96,619
97,245
103,500
97,480
91,520
229,686
193,640
97,628
97,589
96,502
98,45
97,402
97,104
97,20
136,319
103,53
209,255
97,332
97,355
194,225
97,22
97,292
96,313
97,685
94,368
74,423
76,54
100,84
97,348
123,215
98,586
192,264
96,55
97,338
191,203
97,315
33,482
97,11
97,273
228,174
97,343
218,499
97,66
97,408
97,383
97,468
97,208
97,472
89,146
81,106
97,102
97,314
97,89
96,61
96,221
226,318
97,261
89,210
96,121
61,222
81,144
76,76
88,157
59,149
97,26
97,196
96,59
97,135
32,284
97,260
97,91
139,17
97,194
134,3
94,99
223,235
97,171
97,301
97,445
96,477
97,366
89,47
97,83
96,312
96,115
111,62
97,192
97,183
97,165
96,150
143,37
139,93
139,219
139,13
96,251
207,341
223,236
94,77
97,156
97,155
97,295
97,116
97,359
85,230
97,109
195,163
97,262
76,95
97,128
97,24
97,4
139,223
97,344
96,387
226,137
96,88
96,290
91,118
97,103
97,311
97,51
97,32
97,164
96,68
97,415
97,133
97,175
97,33
97,191
96,254
96,112
96,193
97,243
81,428
97,199
97,269
97,131
97,323
222,440
97,443
97,310
97,58
97,2
97,142
97,514
97,333
97,5
97,339
232,274
97,10
96,360
97,180
96,139
97,16
97,186
96,94
97,108
97,380
99,367
97,153
219,154
228,92
224,190
230,300
97,136
97,35
90,98
97,504
96,267
97,425
97,19
97,185
96,388
227,134
97,250
97,85
97,252
137,15
97,25
97,27
139,14
97,233
97,197
97,38
231,57
97,396
97,126
96,182
97,170
97,39
97,148
97,303
97,78
225,87
230,114
226,130
236,50
96,31
96,44
97,81
96,392
97,638
97,407
97,173
97,399
96,111
97,7
97,172
97,12
96,187
139,397
229,212
84,9
226,23
97,177
97,46
228,346
97,21
220,42
139,147
97,123
97,18
97,293
97,74
97,29
97,140
96,604
97,376
97,622
165,347
97,670
139,523
234,464
97,661
97,321
97,602
97,582
97,96
97,36
229,683
97,69
97,625
97,570
97,448
97,659
97,648
97,414
97,63
97,620
97,385
228,603
97,572
226,593
97,309
97,505
97,484
96,668
97,674
97,547
223,169
97,571
226,242
97,557
97,70
217,641
223,403
139,627
97,349
96,1
97,569
139,201
97,6
97,305
97,673
227,450
96,605
136,306
139,65
