85,1288
51,1285
51,1229
69,1254
15,1294
70,1290
51,1302
72,1153
48,1242
48,1262
48,1292
51,1102
51,282
51,1185
84,1240
82,998
56,1197
51,1238
79,1300
84,1168
48,1174
51,1187
51,1303
79,1299
51,1210
51,1272
70,1280
14,645
51,1247
15,1271
51,1054
51,1037
51,238
51,613
77,670
74,1156
51,823
51,1189
70,1255
51,757
51,1276
69,1230
87,1307
15,1172
51,946
60,621
51,434
14,913
74,1219
51,685
15,860
51,1209
52,365
51,682
51,1148
50,956
74,1281
83,995
21,509
15,1109
51,636
51,1047
51,540
51,563
51,958
51,438
70,1184
78,405
74,651
48,1231
50,825
75,1139
51,528
51,1146
51,1186
51,1118
74,1092
51,845
51,925
15,1235
58,1130
69,1308
66,1261
51,1068
14,1074
51,700
57,1016
50,619
51,1266
84,921
51,982
69,1232
21,399
49,1076
51,417
15,1282
44,1151
15,1226
48,1287
52,853
74,1142
71,1049
74,379
79,288
65,1056
51,859
33,826
82,794
51,809
54,1190
51,1245
51,915
21,1160
48,1183
79,1202
52,666
73,591
69,1066
51,1220
21,353
76,467
79,616
21,635
51,862
29,833
78,800
51,485
51,1297
80,1257
59,1286
44,1234
19,1104
69,1162
21,1128
69,1216
16,691
21,751
74,448
51,964
52,708
21,866
21,1127
51,1144
39,1256
21,492
21,950
51,1199
51,1289
17,1295
21,1233
51,1277
21,1030
21,469
55,916
15,1205
15,941
21,1243
50,1225
21,345
58,1133
21,999
51,1081
51,1175
51,1293
31,1129
15,626
67,428
62,1201
23,1196
14,1070
21,1181
21,1284
69,1112
21,1131
51,502
51,1006
11,721
21,1000
62,1071
15,819
21,716
21,1055
51,962
68,1249
21,1052
51,1171
21,817
34,1214
51,1163
21,1032
21,326
3,1244
21,1122
21,799
51,523
21,877
21,697
51,1221
51,991
21,840
51,1173
51,1008
4,987
21,850
51,609
21,1278
21,1304
21,1157
74,949
21,801
21,1027
21,1119
21,1192
7,1105
21,1134
46,954
51,740
21,1028
74,977
18,679
21,899
21,208
21,297
62,906
21,805
21,765
21,934
21,1298
21,1296
51,1283
21,1301
21,1218
21,1228
21,544
21,161
21,1269
21,404
21,1018
50,886
69,611
21,443
21,959
21,1085
21,253
20,667
21,473
21,450
63,695
21,402
41,287
12,378
18,994
21,856
21,764
21,1087
21,1200
64,974
21,1147
21,930
21,631
26,1136
21,503
21,989
6,1023
21,815
21,1079
21,565
21,696
21,1152
74,975
21,1115
74,615
21,213
21,923
21,1050
21,395
21,1126
21,846
21,649
21,795
21,888
21,488
21,658
5,955
21,1239
21,1159
21,430
21,790
21,785
21,908
21,1241
21,383
21,1179
79,1188
21,1265
21,1258
21,984
21,1259
51,966
21,1203
21,706
49,1215
21,358
21,420
21,269
21,1043
21,919
21,1260
21,842
21,1044
21,654
1,407
21,1161
21,1072
21,331
21,185
21,477
21,394
51,910
21,603
62,396
21,624
21,577
21,735
21,699
21,980
21,914
15,607
21,971
21,324
21,836
21,944
21,802
21,755
21,928
21,715
53,1264
21,907
21,876
21,376
21,347
21,789
21,644
21,262
21,855
21,1154
21,705
21,1208
21,496
58,804
21,546
21,837
21,472
21,986
21,922
21,191
21,527
21,869
21,1073
21,236
21,254
21,759
21,973
21,320
21,357
21,549
21,798
21,863
21,676
21,532
31,316
21,444
21,895
51,838
36,688
21,243
10,662
21,366
21,988
21,215
21,1213
21,196
21,743
21,811
21,929
21,1123
21,1251
21,1270
21,604
21,981
21,722
14,963
21,1064
21,589
21,612
21,260
21,879
21,766
21,709
21,848
21,871
21,359
51,704
21,1167
21,1275
22,285
21,873
21,717
21,841
21,887
21,844
21,750
21,573
21,1077
21,538
21,812
21,931
21,594
21,1042
21,961
21,1057
21,336
21,632
21,249
21,574
21,1108
21,672
21,690
21,281
21,517
21,1021
21,1113
21,1191
21,1031
21,227
21,657
21,470
21,880
21,550
21,1083
21,1060
21,1194
21,1029
21,481
21,633
21,306
21,322
21,211
21,200
21,233
21,997
21,720
21,882
21,872
21,454
21,1124
79,663
21,1125
21,386
21,1279
21,978
21,1088
25,1141
21,453
21,1069
21,1250
21,380
21,1114
21,990
21,421
21,835
21,414
21,768
21,425
21,1246
21,1204
21,828
21,427
21,409
21,293
21,1001
21,460
21,356
21,1022
21,1003
62,993
74,1039
21,489
21,1010
21,520
21,796
21,329
51,1035
21,936
21,1099
21,767
21,983
21,318
21,729
21,397
21,752
21,687
21,1166
30,596
21,665
27,1121
21,1143
21,1075
21,1004
21,948
21,511
21,683
21,255
21,436
21,373
21,889
21,1135
21,480
21,821
21,622
86,728
21,416
21,967
21,1007
21,553
21,385
21,985
21,992
21,661
21,308
21,924
21,1116
21,797
21,733
21,564
21,774
21,1101
21,1176
21,419
21,222
21,300
21,363
21,898
21,338
21,829
21,507
21,1094
51,1137
21,933
21,599
62,937
21,656
21,461
21,225
21,491
21,277
21,1082
21,1045
21,874
21,1117
21,839
21,583
21,598
21,263
21,458
21,452
21,852
21,832
42,465
21,1053
21,957
21,1089
21,1149
21,335
21,951
51,769
21,431
21,814
51,782
21,349
21,433
24,628
21,266
52,398
21,142
21,157
21,680
21,593
21,432
21,555
21,343
21,578
21,568
21,515
21,572
21,466
21,439
21,793
21,206
21,543
21,271
21,435
21,370
21,242
21,235
28,352
21,602
21,518
21,557
21,146
21,938
21,451
21,884
51,508
21,495
21,777
21,423
21,671
21,120
21,145
21,762
21,745
21,711
21,702
21,810
21,1120
31,1046
21,1274
51,585
37,442
21,625
21,710
21,181
21,367
21,1180
21,787
21,1267
21,707
21,426
21,854
21,1019
21,415
21,581
21,535
21,344
21,1236
21,446
31,664
21,668
43,960
21,818
21,311
21,784
21,1038
21,1017
21,917
21,1111
21,1103
21,1252
21,552
21,542
21,1065
21,834
21,1150
21,1106
21,736
21,1014
21,703
21,808
21,422
21,355
21,806
21,424
21,1158
21,1237
21,516
21,279
21,510
21,659
21,410
21,412
21,501
21,223
21,372
21,524
21,459
21,342
21,730
21,878
21,497
21,827
21,1012
21,561
21,1227
21,234
21,533
21,483
21,783
21,776
21,1090
21,1178
21,775
21,259
21,870
21,830
21,570
21,713
21,327
21,1061
21,996
21,1140
21,885
21,881
21,362
21,559
21,674
21,820
21,911
21,935
21,901
21,1212
21,970
21,280
50,1051
21,525
21,1211
21,1005
21,296
21,354
21,478
21,246
21,900
21,113
21,560
21,303
21,732
21,307
21,231
21,455
21,731
21,861
81,726
21,1020
21,788
21,1198
21,298
21,779
21,610
21,953
21,851
21,1011
21,479
21,1132
21,725
21,675
51,447
21,741
21,896
21,1086
21,150
21,237
21,401
21,531
21,512
21,694
21,268
21,361
21,244
21,494
21,382
21,325
21,608
21,1033
21,539
21,332
21,758
21,292
21,218
21,229
21,152
21,718
21,575
21,723
21,673
21,772
21,341
21,681
21,927
21,778
21,754
21,1067
21,1138
21,1059
21,647
21,413
21,567
21,232
21,822
21,920
21,791
21,1080
21,351
21,639
21,744
21,623
21,945
21,640
21,1025
21,875
21,334
21,617
21,348
21,712
21,317
21,556
21,1096
21,1110
21,1155
21,698
21,943
21,952
21,1002
21,387
21,883
21,1036
21,865
21,734
21,1164
21,748
21,1058
21,212
21,660
21,1224
21,475
21,456
21,346
21,701
21,780
21,390
21,267
21,595
21,505
21,641
21,605
21,600
21,597
21,286
21,646
21,500
21,620
21,965
21,193
21,289
21,388
21,562
21,643
21,807
20,771
21,739
21,669
21,763
21,571
21,693
58,918
21,530
21,304
21,381
21,498
21,278
21,137
21,868
21,727
21,677
21,369
21,590
21,947
21,197
21,159
21,642
21,537
21,847
21,686
21,894
21,592
21,714
21,513
21,514
21,295
21,174
40,1024
21,1026
21,968
21,719
21,283
21,265
21,339
32,761
21,309
21,749
21,738
21,153
21,411
71,313
21,892
21,566
21,134
21,781
21,301
21,258
21,226
21,241
21,652
21,857
21,123
21,1009
21,178
21,59
21,476
21,1040
21,391
21,93
21,190
21,330
21,1177
21,891
21,471
21,172
21,1182
21,792
21,221
21,692
21,1195
21,1034
21,291
21,770
21,678
21,1098
21,773
74,1015
17,909
21,554
61,547
21,1100
21,449
21,932
21,586
21,526
21,482
21,429
21,1165
21,207
21,315
21,418
21,979
21,580
21,558
21,653
21,905
21,601
21,490
21,210
21,545
21,276
21,1091
21,393
21,171
21,831
21,522
27,333
21,816
21,893
45,541
21,389
21,618
21,536
38,684
21,824
21,484
21,637
21,867
21,519
21,323
21,360
21,474
21,1248
21,228
21,310
21,182
21,529
21,849
21,813
21,588
21,926
21,499
21,305
21,843
21,1169
21,441
21,368
21,194
21,655
21,437
21,1084
21,290
21,753
21,340
21,912
21,141
21,256
21,1253
21,1305
21,1291
70,1306
21,274
21,400
21,204
21,273
21,468
21,638
21,445
21,904
21,786
21,384
21,803
21,314
21,689
21,737
21,760
21,408
21,364
21,534
21,187
21,902
21,747
21,1041
21,587
21,275
21,1063
21,634
21,746
21,464
21,1273
21,440
21,247
21,462
21,406
21,582
47,169
21,858
21,1097
21,245
21,1268
21,1223
21,1062
21,252
21,220
21,132
21,940
21,149
21,463
21,969
18,506
21,1217
21,261
21,96
21,156
21,328
21,155
21,60
21,30
21,5
21,51
21,80
21,180
21,98
21,166
21,44
35,28
21,85
21,48
21,392
21,170
21,136
21,606
21,1312
21,1309
21,1310
21,1316
21,1314
21,1315
21,1313
21,1319
85,1318
21,125
58,504
21,371
20,648
21,627
21,165
21,897
21,107
21,188
21,1078
21,375
21,264
21,284
50,214
21,1193
21,1206
21,1263
21,312
21,192
21,203
21,177
21,377
21,251
21,976
21,630
21,144
21,250
21,890
21,650
21,569
21,199
21,202
21,201
21,164
21,50
21,205
21,95
21,576
21,579
21,1207
21,124
21,614
21,175
21,139
21,374
21,52
21,23
21,13
21,65
21,756
21,61
62,84
21,109
21,162
21,54
21,14
21,7
21,1325
21,25
21,47
21,76
21,34
21,319
21,1170
21,186
21,128
21,148
21,493
21,112
21,32
21,403
21,195
21,33
21,127
21,1330
21,22
51,45
21,1321
21,3
21,29
21,119
21,176
21,299
21,147
21,63
21,548
21,183
21,217
21,198
21,111
21,37
21,55
21,75
21,73
21,41
21,38
21,1335
21,1320
21,189
9,66
21,1329
21,86
21,143
21,2
21,12
21,26
21,163
21,79
21,91
21,106
21,31
21,18
8,62
51,40
21,230
21,78
21,151
21,64
21,89
21,74
21,629
21,584
21,1327
26,1328
21,100
21,116
21,53
21,140
70,71
20,158
21,1107
21,239
21,56
21,88
21,724
21,302
21,94
21,337
21,11
21,1334
21,1324
21,99
21,114
21,10
21,9
21,21
21,1331
21,70
21,154
21,110
21,87
21,17
21,224
21,168
21,486
21,321
21,551
21,1145
21,179
21,248
21,257
21,81
21,1095
21,160
21,864
21,350
21,130
21,46
21,942
2,131
21,97
21,972
21,1048
21,216
20,105
21,939
21,272
21,209
21,487
21,270
21,103
21,138
21,36
21,49
21,1311
21,69
21,57
21,101
21,219
21,77
21,72
21,121
21,35
21,122
21,19
21,457
21,294
21,24
21,115
21,104
21,126
21,68
21,742
21,129
21,20
21,15
21,1333
21,90
21,1323
21,58
21,1326
21,1336
21,1
21,1093
21,521
13,16
13,108
74,43
13,42
13,173
13,133
13,4
13,240
71,135
13,118
13,82
51,92
51,1332
71,1222
83,1013
48,39
51,67
85,6
52,27
52,1317
51,903
51,1322
48,102
70,8
84,117
48,167
51,83
85,184
