17,833
16,565
36,831
18,845
26,640
40,769
35,767
16,682
16,739
10,713
9,797
16,832
37,732
19,762
26,691
13,642
16,756
41,795
16,367
34,711
2,776
26,810
17,671
18,607
39,747
32,822
13,318
26,494
42,669
9,853
13,847
17,818
17,751
31,114
39,687
22,793
42,731
41,608
4,559
4,645
17,707
17,353
17,839
24,771
39,543
26,750
24,723
16,322
17,689
35,763
17,817
36,714
17,709
21,802
16,676
17,746
30,653
38,598
16,573
33,184
21,748
41,179
4,782
23,638
13,675
17,571
17,761
16,579
42,595
26,485
37,304
32,646
32,719
39,778
41,619
37,672
32,615
36,734
17,555
41,764
16,774
17,848
26,668
26,677
39,216
17,212
5,695
19,685
39,305
16,820
29,605
17,686
17,826
16,787
37,841
37,789
26,825
21,819
26,840
8,704
22,416
36,792
41,850
22,829
18,575
19,790
33,712
26,814
16,737
17,740
17,532
18,170
41,568
16,588
41,48
16,550
18,566
16,754
33,547
26,843
17,718
17,725
22,816
37,849
26,806
17,661
17,842
17,437
38,824
13,429
16,652
15,462
16,259
17,518
37,94
16,524
22,19
17,109
32,479
21,478
17,567
17,9
39,326
16,246
40,604
4,618
17,692
41,226
14,422
26,558
41,766
26,267
37,639
28,445
39,800
36,17
26,378
36,727
13,418
18,770
17,328
42,706
21,384
42,374
17,253
26,643
16,234
23,345
16,854
16,670
17,830
11,59
17,131
35,681
4,745
30,852
39,696
26,834
16,779
17,773
26,637
4,708
36,610
16,683
17,512
3,557
16,520
17,654
18,625
17,611
32,626
26,499
17,563
32,393
23,634
37,587
26,589
42,651
16,535
34,562
26,678
37,743
17,585
37,757
41,622
25,788
12,693
17,530
15,118
31,442
19,702
16,703
17,721
17,541
17,656
16,755
4,684
17,781
11,516
24,627
17,644
16,722
41,453
36,522
13,255
16,556
17,423
17,657
16,796
24,837
17,309
23,443
17,600
16,552
28,803
17,738
16,597
22,663
37,617
18,574
23,635
17,591
38,649
20,716
37,705
16,623
23,780
26,641
16,760
23,694
4,580
23,724
16,630
41,458
16,799
18,648
17,759
36,658
16,667
18,477
39,504
4,551
17,592
18,741
16,513
16,472
16,544
17,596
39,459
17,469
17,167
13,444
26,515
39,377
23,338
16,2
26,8
23,435
16,295
18,528
32,401
37,386
16,380
37,534
24,385
26,249
28,55
4,381
13,427
17,483
17,362
1,388
17,390
42,475
16,317
17,144
18,468
23,237
6,187
23,484
22,315
17,449
17,564
16,726
16,465
17,481
22,599
17,700
16,578
28,620
17,323
23,749
17,583
26,116
16,577
22,594
16,768
16,394
17,343
36,169
2,433
16,329
16,344
18,199
5,744
16,283
17,398
16,265
16,506
16,222
17,519
12,655
17,81
22,440
17,375
26,349
23,330
16,526
37,498
22,662
18,650
4,493
16,432
16,266
16,365
17,276
17,12
17,136
16,229
37,68
4,368
17,90
16,133
17,476
17,364
22,537
17,279
22,402
18,209
39,132
9,141
16,348
4,400
16,570
16,614
17,680
16,542
16,452
4,51
39,32
23,193
35,715
24,511
16,593
16,752
37,473
16,569
16,601
33,492
16,502
16,501
37,404
37,327
16,730
16,728
16,697
17,572
16,447
10,391
16,436
17,497
17,742
16,508
16,673
36,772
26,699
36,688
16,733
17,586
17,431
16,603
16,500
17,523
17,214
39,263
17,576
26,293
39,42
37,306
4,439
37,221
27,126
17,122
39,41
17,134
16,233
37,92
16,121
26,270
17,357
4,185
16,56
16,448
5,303
39,514
37,308
16,406
23,335
16,49
17,257
17,609
16,415
16,236
39,584
16,67
17,366
16,482
37,66
17,142
16,710
17,173
16,110
16,190
16,161
16,413
39,127
17,180
17,271
16,313
26,138
39,546
17,290
16,147
37,231
37,23
17,631
37,616
16,488
16,346
39,208
17,521
16,268
18,387
4,33
16,1
17,302
17,311
16,347
16,213
43,93
39,392
16,399
17,296
37,549
16,128
16,188
16,529
16,242
16,53
17,79
16,165
17,43
16,403
16,621
16,430
4,582
39,495
17,227
37,505
40,291
27,525
17,503
16,679
16,456
17,215
39,218
17,461
16,171
16,319
17,203
17,517
17,420
17,510
16,355
17,333
16,331
26,467
17,86
37,735
17,82
17,480
16,613
16,647
17,354
16,466
16,441
17,228
16,111
16,352
16,341
17,359
16,463
17,105
16,260
17,24
16,256
38,280
16,324
17,264
16,117
26,112
16,297
36,4
16,240
16,189
26,160
16,106
37,14
26,211
39,88
16,27
17,130
16,289
16,159
36,225
17,31
16,272
23,16
17,65
16,149
16,332
16,207
27,172
37,219
16,244
16,561
16,312
16,241
16,252
4,247
23,278
16,371
16,250
16,548
16,428
16,195
16,275
16,64
17,232
17,300
16,168
17,298
16,337
16,307
16,358
17,238
16,104
16,340
16,101
16,36
39,301
17,316
16,334
17,137
16,123
17,356
16,61
16,163
16,54
4,140
16,98
16,44
17,220
16,47
16,285
16,373
16,230
16,206
16,784
16,855
17,539
37,861
17,28
16,808
16,720
4,450
16,46
16,851
17,785
16,99
16,181
26,152
17,108
17,97
16,277
17,192
16,813
16,70
16,5
16,22
17,659
16,857
16,660
26,15
16,859
16,166
16,314
7,178
4,828
16,83
17,407
26,248
37,197
16,273
16,201
37,531
16,860
16,157
16,396
16,120
16,821
16,701
16,286
16,805
16,777
16,823
17,632
16,612
16,84
16,419
16,674
16,624
16,815
16,336
16,125
16,858
16,507
16,801
26,835
26,536
16,758
16,698
16,150
39,553
27,491
39,412
16,665
16,287
16,154
16,235
16,310
16,91
17,451
26,269
16,540
16,666
16,85
16,405
17,370
17,460
16,581
16,471
16,414
16,408
16,274
16,446
16,496
17,261
16,434
37,35
16,25
16,360
16,89
16,45
16,487
16,177
17,74
26,425
17,664
16,155
26,143
16,129
16,527
16,58
16,243
16,145
16,6
16,490
16,113
17,75
16,103
16,38
16,62
16,80
17,205
16,18
4,254
16,115
16,148
26,223
16,151
16,37
16,294
16,29
16,69
16,198
16,162
17,164
3,489
17,636
16,383
16,282
17,438
16,602
17,633
4,95
16,417
16,409
16,204
16,538
16,509
17,71
16,457
16,382
16,426
16,339
16,96
16,350
16,554
16,690
16,76
17,411
4,376
16,196
16,284
16,474
16,454
26,153
16,202
16,13
16,124
16,239
16,245
16,455
4,135
16,52
16,258
16,320
16,397
16,395
16,224
17,156
16,78
16,158
1,102
16,183
26,545
16,533
16,3
16,372
16,174
16,7
4,50
26,379
26,107
5,119
16,60
16,20
16,200
16,470
4,26
16,73
16,139
10,281
16,191
16,194
16,72
6,77
16,34
16,210
26,176
16,57
16,606
4,838
26,836
16,560
4,765
26,351
4,63
16,844
4,629
4,811
26,421
16,464
26,827
16,717
16,175
16,809
16,410
16,590
26,846
16,363
26,804
16,783
16,251
16,39
4,486
26,856
16,40
16,182
16,812
16,369
16,146
16,262
26,342
4,807
16,736
4,217
16,753
16,791
16,288
16,786
16,325
4,87
16,424
4,729
16,186
16,299
16,798
16,628
26,100
16,321
16,21
16,775
26,292
4,10
26,794
26,389
26,30
26,361
26,11
