53,753
52,746
55,76
30,762
37,775
54,512
45,668
64,486
37,706
51,696
72,758
71,699
9,780
35,260
9,711
42,691
18,499
35,796
61,45
64,130
9,206
29,89
25,669
83,632
71,735
45,703
67,724
68,790
30,756
70,782
17,754
32,169
4,777
9,716
65,759
76,761
28,123
5,755
37,774
29,663
49,661
54,788
63,583
40,511
68,739
25,694
17,577
31,690
81,606
8,752
30,767
47,747
87,685
29,383
71,766
23,63
36,713
5,468
37,127
62,679
55,741
17,750
68,672
22,619
68,727
87,742
27,693
21,722
64,717
85,714
55,528
19,504
72,608
25,660
26,510
68,605
68,698
19,728
48,634
54,635
71,526
1,574
54,502
9,417
63,372
78,537
81,473
54,432
68,544
21,282
47,589
47,337
21,557
62,224
62,710
18,721
29,626
65,385
66,529
72,405
61,395
57,426
74,617
37,595
68,671
11,552
59,515
71,666
8,667
87,551
8,615
62,603
45,683
41,522
9,569
25,680
87,505
21,627
30,516
21,723
57,686
73,466
68,719
6,725
72,689
55,637
68,564
56,568
45,286
68,306
36,464
36,453
81,436
70,313
36,28
51,329
47,77
50,218
72,268
72,494
72,440
72,514
74,449
55,769
46,378
47,65
46,783
72,598
9,700
45,625
72,720
71,654
59,662
55,452
65,597
25,256
49,438
58,105
16,240
88,673
25,590
74,612
53,638
61,533
6,622
87,565
61,563
74,664
68,506
6,670
47,692
47,675
71,348
70,541
61,381
73,459
20,584
56,618
35,548
9,546
82,650
4,384
62,408
49,358
46,312
21,779
9,27
80,642
61,718
47,441
63,740
70,592
75,300
74,518
65,227
70,211
64,628
70,213
2,99
15,443
64,639
5,677
4,35
87,155
74,392
68,195
74,98
74,174
15,30
34,462
66,237
72,393
66,422
64,226
61,542
23,298
9,376
68,294
71,305
37,580
79,198
39,331
39,336
68,134
64,192
70,315
66,196
79,682
59,540
71,591
38,148
53,391
37,271
75,547
79,567
9,653
70,704
62,418
60,280
68,630
75,415
45,463
5,687
40,594
72,357
64,360
82,434
74,550
21,629
20,536
9,490
47,368
38,140
51,520
27,125
68,302
47,458
87,11
54,100
68,517
30,141
9,343
37,480
39,308
45,325
55,461
20,245
68,623
81,531
19,364
72,497
56,521
17,534
63,684
35,460
5,601
43,620
16,543
71,715
72,139
74,420
68,212
33,142
37,610
34,651
68,586
6,151
54,425
30,423
9,508
84,73
64,401
58,347
70,539
64,498
54,399
62,561
70,538
75,640
66,621
74,487
72,475
47,649
47,562
70,575
68,571
74,611
72,316
50,648
20,633
87,712
67,442
68,613
47,407
70,350
73,409
64,554
21,410
13,489
6,122
10,176
6,448
71,607
54,501
72,695
24,614
87,532
71,446
68,560
75,301
70,194
71,205
32,207
25,162
74,582
70,335
68,168
8,143
54,208
5,369
75,103
62,588
72,573
74,397
87,281
82,555
72,248
68,307
33,344
73,108
8,25
7,332
21,279
7,362
8,230
62,55
72,12
67,363
71,530
72,323
20,81
71,373
71,513
72,545
59,328
53,527
44,173
72,375
74,152
75,394
19,219
68,359
71,604
42,479
71,341
70,587
59,299
68,330
15,241
59,234
68,370
48,471
68,600
67,503
68,412
3,636
6,467
6,658
6,674
6,193
72,470
65,36
70,8
71,201
68,20
59,246
74,214
39,69
72,435
6,292
72,437
29,295
5,225
20,197
68,317
6,238
73,356
67,112
73,94
73,297
60,60
75,95
87,183
46,342
72,43
6,85
68,191
72,274
30,215
72,189
89,164
70,175
72,101
87,19
72,167
68,411
9,239
6,760
87,652
20,86
5,396
68,365
8,380
72,107
64,229
68,153
64,377
68,158
56,456
68,293
66,483
73,137
66,172
5,252
9,52
73,190
79,304
73,303
68,257
6,314
38,146
68,171
68,92
9,91
33,382
58,79
5,414
72,185
69,145
72,147
72,265
70,113
72,150
68,7
6,129
68,242
75,26
68,138
87,309
75,477
75,157
87,184
68,41
3,10
73,136
5,254
50,2
16,126
71,154
72,61
33,266
6,3
58,144
87,71
6,128
68,272
73,439
12,178
73,121
72,102
6,643
6,339
9,324
68,83
54,80
6,88
72,296
72,288
68,259
87,6
73,42
68,495
75,232
68,163
68,1
68,366
5,4
72,261
14,29
68,119
68,519
68,289
71,419
68,51
68,48
68,402
72,22
66,54
30,40
72,97
72,333
68,32
21,578
9,602
6,131
68,135
71,57
68,132
68,18
71,14
72,179
73,275
68,349
72,283
9,455
72,481
68,285
73,210
72,59
72,104
68,9
70,263
72,39
68,284
71,220
67,5
72,233
67,264
6,223
72,222
68,398
68,576
6,451
73,231
74,253
42,374
68,16
6,556
5,277
73,367
73,244
73,44
68,114
68,353
68,318
9,90
72,120
68,186
68,523
6,249
73,118
87,68
74,93
68,64
73,404
38,267
68,250
32,310
6,361
70,430
6,177
74,72
68,371
67,78
9,270
72,273
75,31
74,47
68,62
68,17
72,96
66,161
87,74
72,334
68,46
6,156
68,116
68,23
6,75
75,56
72,216
32,326
68,255
71,67
68,37
68,478
73,278
68,159
5,209
72,379
73,200
68,509
73,319
73,235
68,447
87,221
68,228
67,188
68,702
72,49
73,269
68,133
72,87
6,428
68,688
68,581
68,596
66,389
72,655
72,553
87,599
68,549
73,641
68,570
68,124
75,646
68,579
68,388
65,676
73,624
6,678
67,705
54,287
87,482
86,387
6,525
87,491
73,492
73,485
67,558
72,400
77,406
72,416
68,390
6,465
9,665
9,450
75,165
9,322
68,496
68,320
68,170
68,354
68,352
6,431
68,58
68,243
68,340
68,559
68,444
68,609
68,457
68,403
75,507
68,276
6,476
65,38
6,202
68,351
68,355
87,433
72,111
68,109
72,338
68,50
68,182
72,203
6,33
68,386
68,474
68,795
68,701
68,781
68,262
73,792
68,794
9,793
68,770
68,290
68,115
9,524
80,34
68,13
72,21
6,15
68,708
87,797
9,737
9,736
68,180
68,786
73,773
68,745
68,771
72,734
68,709
68,731
67,772
68,251
68,743
68,236
68,748
68,749
68,798
68,787
87,445
68,187
68,217
87,732
87,493
9,566
9,657
87,656
9,454
68,427
9,585
9,535
87,659
68,697
66,149
68,84
68,789
9,321
10,744
9,488
68,106
68,199
9,82
9,751
68,429
87,616
68,785
68,593
68,778
68,469
68,765
87,484
68,738
68,204
77,311
68,733
68,726
87,327
87,729
87,345
68,258
68,730
87,707
68,631
9,768
9,500
9,644
9,791
68,110
68,681
87,166
68,764
87,424
67,757
68,413
9,647
68,784
68,472
87,763
87,776
9,572
9,66
68,53
9,117
68,645
87,70
9,247
9,346
9,181
9,24
68,291
9,421
9,160
