4,712
4,728
4,737
5,724
4,701
4,600
16,618
4,508
4,646
4,654
4,656
4,505
4,719
4,739
4,643
4,669
4,664
4,504
16,686
4,616
4,729
4,677
16,596
4,633
16,734
16,718
4,715
4,723
4,702
16,545
4,685
4,671
4,722
5,571
4,406
4,720
4,512
4,756
4,735
16,727
4,370
4,546
4,364
4,427
4,621
16,564
4,351
4,521
5,632
4,732
16,687
4,659
2,526
4,604
4,731
4,705
2,615
4,601
5,506
4,672
4,714
4,611
4,644
16,708
16,479
4,648
4,559
4,588
4,547
16,710
4,667
4,581
4,469
4,553
4,647
16,636
4,638
4,562
4,688
4,585
16,520
4,262
4,630
4,560
4,613
4,419
4,699
4,476
4,590
4,456
4,529
4,570
4,623
5,662
4,272
4,401
4,524
16,403
2,609
16,321
4,346
4,649
4,645
4,386
4,368
4,661
4,652
4,706
4,461
25,284
4,625
16,550
3,586
16,670
4,634
4,610
4,703
1,543
5,683
15,352
4,721
16,568
16,363
4,208
4,535
24,541
4,379
16,497
3,418
9,528
4,444
15,640
4,695
4,607
4,655
4,591
18,680
4,573
4,673
14,696
12,593
26,400
3,709
4,658
1,657
4,540
4,446
4,393
21,319
18,453
4,660
16,438
4,462
18,507
10,744
7,675
4,287
2,264
4,192
2,484
4,679
18,347
4,460
3,605
4,390
18,382
6,405
4,236
4,454
2,578
2,247
16,488
15,378
8,522
18,407
18,425
18,502
4,330
16,373
18,276
18,483
18,285
4,274
18,435
18,491
4,249
4,415
18,515
18,441
4,514
21,374
18,486
18,327
25,381
18,377
18,487
18,429
18,574
20,542
18,463
18,525
18,450
18,455
4,493
4,220
18,238
18,320
18,243
18,413
4,387
18,316
18,354
18,443
16,492
13,397
4,189
2,412
16,150
25,404
18,248
18,537
4,241
18,385
18,299
18,211
5,408
18,232
18,306
18,430
18,464
18,577
18,494
3,567
4,258
18,384
18,255
18,627
18,235
18,270
18,181
18,177
18,532
18,594
18,608
2,421
4,296
18,383
18,694
18,414
2,503
18,411
18,556
18,442
18,513
18,361
18,642
22,209
18,329
18,348
18,325
18,475
18,227
18,449
18,283
18,436
18,307
18,239
18,162
18,266
18,434
19,212
18,297
18,196
18,184
18,301
18,223
18,345
18,259
18,500
18,197
11,490
18,579
18,554
18,392
18,641
18,576
18,480
18,228
18,290
18,288
18,253
25,372
18,440
18,350
18,225
18,375
18,252
18,278
18,176
18,598
18,575
18,395
13,626
18,472
18,416
18,231
18,206
18,595
18,240
18,628
18,561
18,268
18,582
4,277
18,275
18,154
18,201
18,603
18,185
18,750
18,747
18,755
18,745
18,758
18,653
18,760
18,757
18,753
18,742
18,748
18,752
18,746
18,749
18,751
16,743
18,761
4,523
18,552
4,527
18,467
18,332
18,549
18,451
18,530
18,353
18,366
18,221
18,359
18,256
18,322
18,555
18,254
18,280
18,202
18,485
4,291
18,237
26,355
18,300
18,424
18,340
18,519
18,580
18,459
18,389
18,614
18,282
18,544
25,265
18,433
1,380
18,289
18,589
18,305
18,439
18,651
18,311
18,309
18,637
18,639
18,445
18,224
18,668
18,344
18,597
18,587
18,251
18,207
18,315
18,230
18,631
18,195
18,312
18,295
18,698
4,516
18,388
18,313
18,612
18,399
18,509
18,563
18,367
18,583
18,557
18,409
18,716
18,398
18,394
18,622
18,432
18,437
18,465
18,635
18,458
18,410
23,293
18,468
18,539
4,267
18,334
26,349
18,343
18,362
18,428
25,606
18,338
18,302
18,260
18,242
23,357
18,308
18,342
18,518
18,717
18,331
18,182
18,175
18,279
18,261
18,365
18,689
18,510
18,551
18,423
18,304
16,326
18,318
18,726
18,697
18,269
18,681
18,707
18,317
18,617
18,693
2,692
18,629
18,725
18,730
18,676
18,496
18,323
18,666
18,736
18,691
18,733
18,569
18,682
18,665
18,489
18,538
16,548
4,402
18,599
18,481
25,263
26,452
18,572
18,482
18,584
18,558
18,498
18,213
18,501
18,200
18,391
18,376
18,624
18,704
18,324
18,678
18,273
18,360
2,180
18,470
18,690
18,198
25,333
18,740
18,466
18,471
18,328
18,294
18,188
18,286
18,448
18,203
18,193
18,244
4,592
18,684
18,565
18,663
18,536
18,298
4,137
18,336
18,341
18,166
18,229
18,310
18,271
18,199
18,763
18,764
18,754
18,149
18,191
18,257
4,194
18,499
24,110
4,292
18,426
18,369
18,477
18,602
18,219
18,422
18,478
18,358
18,142
18,711
18,533
18,126
18,431
18,417
18,64
18,112
18,172
18,65
18,114
18,25
18,218
18,81
18,741
18,122
18,23
18,46
18,152
18,566
18,30
18,70
18,123
16,179
18,76
18,100
18,7
18,214
18,128
18,473
18,447
18,335
18,650
18,19
18,51
18,770
18,40
18,98
18,26
18,173
18,132
18,120
18,700
18,738
18,303
18,215
18,155
18,713
18,281
18,141
18,140
18,5
18,79
18,15
18,115
18,337
18,420
18,54
18,127
25,102
18,31
18,69
18,517
18,67
18,216
18,8
18,33
18,74
18,29
18,55
18,14
18,89
18,32
18,84
18,28
18,72
5,1
4,47
18,3
18,41
18,97
18,90
18,6
18,39
18,133
18,82
18,762
18,11
18,27
18,21
18,125
18,765
18,44
18,769
18,43
18,768
18,135
18,183
18,190
18,68
18,161
18,159
18,124
18,92
18,234
18,168
18,246
16,147
18,531
18,134
18,66
18,153
18,106
18,60
18,77
18,20
18,22
18,2
18,10
18,93
18,45
18,109
18,101
18,78
18,131
18,58
18,157
18,144
18,24
18,103
18,35
1,146
18,62
18,48
18,18
18,767
18,13
18,87
18,36
18,17
18,37
18,63
18,83
18,9
18,16
18,42
18,136
18,766
18,339
18,205
18,71
18,396
18,178
18,52
18,222
18,356
18,116
13,107
18,474
18,96
18,511
18,534
18,314
18,204
18,138
18,91
18,151
18,50
26,139
18,148
10,88
18,38
18,111
18,80
18,86
18,210
18,61
18,12
18,117
18,73
18,186
18,75
18,620
18,105
18,165
18,85
18,104
18,187
18,163
18,121
18,95
18,169
18,108
18,56
18,143
13,164
18,113
18,129
16,233
18,226
18,759
18,619
18,94
18,59
18,49
18,119
18,34
18,4
18,160
18,250
18,495
17,158
18,245
18,457
18,171
18,217
5,170
18,57
18,99
4,53
17,674
17,371
4,145
4,118
4,167
4,174
4,156
16,130
