62,374
80,735
80,664
34,665
38,710
34,704
21,660
80,326
17,699
60,672
16,650
26,602
33,356
97,540
42,667
34,599
62,617
42,638
48,716
71,695
64,655
63,693
21,555
63,627
63,697
16,696
44,621
31,588
62,604
64,589
15,132
3,570
34,259
41,289
50,401
16,571
19,56
49,622
74,568
63,493
62,728
54,647
36,709
44,734
16,670
16,629
62,714
43,715
82,700
46,686
63,720
36,712
66,579
70,536
61,631
16,541
78,293
16,637
34,733
16,731
19,633
75,657
80,603
34,616
16,576
95,479
54,572
50,598
94,452
26,587
66,724
51,623
64,727
16,708
63,711
95,674
73,651
95,600
71,713
46,565
78,702
35,701
80,634
80,684
44,654
62,669
73,630
48,680
48,543
62,510
48,492
63,594
63,561
66,721
44,546
16,641
72,258
66,535
97,460
32,688
63,642
39,692
16,433
63,517
8,521
63,440
56,485
79,482
16,624
54,325
18,564
62,529
51,620
39,530
64,575
62,26
71,671
50,658
14,321
16,656
61,628
85,524
63,538
13,478
63,126
16,380
19,198
20,218
17,367
71,430
72,416
16,409
83,539
76,498
55,652
62,368
61,515
31,648
46,501
31,406
9,109
36,509
44,673
43,668
16,593
19,698
5,690
20,542
36,608
65,488
89,646
54,581
16,606
81,679
95,722
53,247
20,96
67,360
69,534
16,338
32,580
62,643
87,619
59,551
53,459
18,601
52,613
62,442
42,516
13,456
86,46
53,591
38,188
74,508
63,649
67,103
62,424
17,322
80,553
77,566
4,635
8,585
21,502
16,717
62,597
42,489
27,659
16,514
28,560
74,499
6,567
34,497
46,388
46,494
48,145
21,398
12,473
16,435
58,413
19,486
64,454
81,531
21,662
83,389
22,339
60,528
40,470
54,120
48,309
76,429
62,436
96,420
82,396
74,350
4,507
61,372
42,294
16,184
19,242
95,385
63,300
1,487
48,618
20,523
14,316
20,370
19,466
65,450
63,65
16,395
53,519
98,513
62,36
10,58
82,45
62,563
19,160
16,677
19,644
53,544
21,490
16,547
80,341
62,353
16,462
80,60
16,74
63,245
63,153
73,586
21,506
64,449
54,314
72,477
66,238
46,329
62,511
16,392
16,549
74,432
34,362
63,504
62,292
81,505
6,394
1,277
80,354
16,554
91,230
9,471
9,422
62,483
96,268
19,343
67,11
36,330
16,9
54,423
19,129
2,481
48,178
88,290
62,225
84,439
89,119
62,31
24,166
46,111
16,170
14,324
62,550
16,315
16,124
16,375
7,303
82,61
19,146
46,384
80,319
16,200
92,219
95,279
19,311
47,467
99,469
63,444
48,453
61,127
16,334
54,455
19,274
83,227
10,239
16,474
13,237
16,37
57,297
24,148
19,226
62,157
16,224
16,128
62,520
13,661
16,345
16,7
61,23
49,203
16,251
16,241
62,196
61,183
63,234
19,426
54,313
62,271
62,141
16,270
16,182
63,105
16,191
22,265
16,295
62,215
20,181
53,147
74,197
11,348
95,573
16,552
80,605
80,415
16,537
16,443
74,512
16,386
47,557
95,412
25,390
16,522
62,187
16,363
28,189
54,558
54,12
48,70
16,451
16,427
63,441
16,491
53,468
16,205
63,342
16,556
19,318
54,287
62,359
63,28
46,138
16,403
53,140
62,100
62,161
19,13
16,6
27,4
37,33
16,16
16,192
27,59
89,64
16,261
80,82
16,52
16,276
16,149
65,142
16,43
95,387
62,102
16,114
81,173
31,5
63,266
63,222
16,280
45,32
63,465
16,582
95,437
81,425
27,336
16,233
80,211
27,361
16,286
95,495
62,636
68,382
16,400
63,607
16,480
17,484
16,323
62,337
10,185
30,331
90,272
16,344
16,383
54,162
16,17
16,136
95,244
16,418
16,615
62,463
95,283
14,545
16,496
23,86
16,291
27,236
19,41
54,320
54,90
83,168
61,257
16,377
16,1
29,112
16,29
19,263
16,116
19,177
16,47
58,475
63,121
16,327
16,216
81,55
16,448
62,308
63,332
62,137
16,206
19,10
23,592
19,457
16,199
16,317
64,107
16,164
19,369
61,249
63,404
16,106
16,248
16,306
62,378
17,373
16,737
16,685
62,405
16,125
16,458
16,421
16,626
16,22
16,262
23,408
16,93
16,340
16,123
62,476
62,518
16,333
16,75
16,92
64,175
16,683
16,229
81,25
16,104
16,40
16,24
16,718
16,51
16,101
16,464
16,569
27,666
16,610
16,574
16,639
16,675
16,625
63,632
16,221
20,73
16,730
27,726
16,676
16,115
96,682
95,691
95,472
16,736
16,596
16,583
16,577
89,500
95,611
16,612
16,252
16,201
27,30
16,21
16,19
16,89
16,91
16,209
16,366
16,88
62,281
16,223
16,195
95,307
16,118
13,68
16,35
27,328
16,38
16,379
16,50
24,194
27,256
28,80
95,288
16,139
16,298
95,193
16,304
16,357
16,85
16,44
16,143
16,27
63,95
16,407
16,278
16,445
27,584
63,364
16,365
16,253
64,67
95,446
16,152
16,208
16,110
62,335
64,431
54,376
16,310
16,42
16,346
16,172
16,165
97,381
16,156
58,240
16,231
16,371
94,135
64,72
16,113
16,167
16,217
16,18
16,15
16,186
16,169
16,144
27,48
16,34
62,207
16,2
95,84
63,267
64,246
64,393
16,243
93,299
62,414
16,8
16,83
16,3
16,351
16,63
16,179
16,352
16,57
16,81
63,108
63,202
16,503
16,411
16,402
16,154
16,264
63,461
16,204
16,133
16,312
62,447
16,49
16,296
63,213
96,235
16,122
16,284
16,355
16,174
91,190
16,347
16,39
16,260
16,214
16,62
16,210
16,134
96,87
16,77
16,250
16,79
16,130
16,20
16,117
16,97
20,254
16,131
98,180
16,159
16,419
63,54
16,94
16,98
16,53
16,255
16,71
16,158
16,176
16,275
63,397
64,228
16,150
95,723
16,548
16,76
96,527
64,706
63,438
16,562
63,732
16,66
95,78
16,725
95,578
16,703
64,410
16,434
16,707
95,694
16,349
16,705
16,533
16,719
16,417
16,689
16,220
16,399
95,729
16,559
95,155
95,678
95,302
16,687
16,358
16,609
16,526
16,273
16,681
16,653
16,525
16,212
16,640
63,595
95,69
16,590
16,99
16,14
95,663
16,232
95,305
64,614
16,301
16,151
95,391
64,285
16,532
95,428
16,645
16,269
16,163
64,171
63,282
