4,753
4,746
4,76
3,762
3,775
4,512
4,668
4,486
3,706
4,696
4,758
4,699
2,780
3,260
2,711
3,691
3,499
3,796
4,45
4,130
2,206
3,89
3,669
6,632
4,735
4,703
4,724
4,790
3,756
4,782
3,754
3,169
2,777
2,716
4,759
4,761
3,123
2,755
3,774
3,663
4,661
4,788
4,583
3,511
4,739
3,694
3,577
3,690
5,606
2,752
3,767
4,747
6,685
3,383
4,766
3,63
3,713
2,468
3,127
4,679
4,741
3,750
4,672
3,619
4,727
6,742
3,693
3,722
4,717
6,714
4,528
3,504
4,608
3,660
3,510
4,605
4,698
3,728
4,634
4,635
4,526
1,574
4,502
2,417
4,372
4,537
5,473
4,432
4,544
3,282
4,589
4,337
3,557
4,224
4,710
3,721
3,626
4,385
4,529
4,405
4,395
4,426
4,617
3,595
4,671
2,552
4,515
4,666
2,667
6,551
2,615
4,603
4,683
3,522
2,569
3,680
6,505
3,627
3,516
3,723
4,686
4,466
4,719
2,725
4,689
4,637
4,564
4,568
4,286
4,306
3,464
3,453
5,436
4,313
3,28
4,329
4,77
4,218
4,268
4,494
4,440
4,514
4,449
4,769
4,378
4,65
4,783
4,598
2,700
4,625
4,720
4,654
4,662
4,452
4,597
3,256
4,438
4,105
3,240
7,673
3,590
4,612
4,638
4,533
2,622
6,565
4,563
4,664
4,506
2,670
4,692
4,675
4,348
4,541
4,381
4,459
3,584
4,618
3,548
2,546
6,650
2,384
4,408
4,358
4,312
3,779
2,27
5,642
4,718
4,441
4,740
4,592
4,300
4,518
4,227
4,211
4,628
4,213
1,99
3,443
4,639
2,677
2,35
6,155
4,392
4,195
4,98
4,174
3,30
3,462
4,237
4,393
4,422
4,226
4,542
3,298
2,376
4,294
4,305
3,580
5,198
3,331
3,336
4,134
4,192
4,315
4,196
5,682
4,540
4,591
3,148
4,391
3,271
4,547
5,567
2,653
4,704
4,418
4,280
4,630
4,415
4,463
2,687
3,594
4,357
4,360
6,434
4,550
3,629
3,536
2,490
4,368
3,140
4,520
3,125
4,302
4,458
6,11
4,100
4,517
3,141
2,343
3,480
3,308
4,325
4,461
3,245
4,623
5,531
3,364
4,497
4,521
3,534
4,684
3,460
2,601
3,620
3,543
4,715
4,139
4,420
4,212
3,142
3,610
3,651
4,586
2,151
4,425
3,423
2,508
6,73
4,401
4,347
4,539
4,498
4,399
4,561
4,538
4,640
4,621
4,487
4,475
4,649
4,562
4,575
4,571
4,611
4,316
4,648
3,633
6,712
4,442
4,613
4,407
4,350
4,409
4,554
3,410
3,489
2,122
2,176
2,448
4,607
4,501
4,695
3,614
6,532
4,446
4,560
4,301
4,194
4,205
3,207
3,162
4,582
4,335
4,168
2,143
4,208
2,369
4,103
4,588
4,573
4,397
6,281
6,555
4,248
4,307
3,344
4,108
2,25
2,332
3,279
2,362
2,230
4,55
4,12
4,363
4,530
4,323
3,81
4,373
4,513
4,545
4,328
4,527
3,173
4,375
4,152
4,394
3,219
4,359
4,604
3,479
4,341
4,587
4,299
4,330
3,241
4,234
4,370
4,471
4,600
4,503
4,412
2,636
2,467
2,658
2,674
2,193
4,470
4,36
4,8
4,201
4,20
4,246
4,214
3,69
4,435
2,292
4,437
3,295
2,225
3,197
4,317
2,238
4,356
4,112
4,94
4,297
4,60
4,95
6,183
4,342
4,43
2,85
4,191
4,274
3,215
4,189
8,164
4,175
4,101
6,19
4,167
4,411
2,239
2,760
6,652
3,86
2,396
4,365
2,380
4,107
4,229
4,153
4,377
4,158
4,456
4,293
4,483
4,137
4,172
2,252
2,52
4,190
5,304
4,303
4,257
2,314
3,146
4,171
4,92
2,91
3,382
4,79
2,414
4,185
4,145
4,147
4,265
4,113
4,150
4,7
2,129
4,242
4,26
4,138
6,309
4,477
4,157
6,184
4,41
2,10
4,136
2,254
4,2
3,126
4,154
4,61
3,266
2,3
4,144
6,71
2,128
4,272
4,439
2,178
4,121
4,102
2,643
2,339
2,324
4,83
4,80
2,88
4,296
4,288
4,259
6,6
4,42
4,495
4,232
4,163
4,1
4,366
2,4
4,261
3,29
4,119
4,519
4,289
4,419
4,51
4,48
4,402
4,22
4,54
3,40
4,97
4,333
4,32
3,578
2,602
2,131
4,135
4,57
4,132
4,18
4,14
4,179
4,275
4,349
4,283
2,455
4,481
4,285
4,210
4,59
4,104
4,9
4,263
4,39
4,284
4,220
4,5
4,233
4,264
2,223
4,222
4,398
4,576
2,451
4,231
4,253
3,374
4,16
2,556
2,277
4,367
4,244
4,44
4,114
4,353
4,318
2,90
4,120
4,186
4,523
2,249
4,118
6,68
4,93
4,64
4,404
3,267
4,250
3,310
2,361
4,430
2,177
4,72
4,371
4,78
2,270
4,273
4,31
4,47
4,62
4,17
4,96
4,161
6,74
4,334
4,46
2,156
4,116
4,23
2,75
4,56
4,216
3,326
4,255
4,67
4,37
4,478
4,278
4,159
2,209
4,379
4,200
4,509
4,319
4,235
4,447
6,221
4,228
4,188
4,702
4,49
4,269
4,133
4,87
2,428
4,688
4,581
4,596
4,389
4,655
4,553
6,599
4,549
4,641
4,570
4,124
4,646
4,579
4,388
4,676
4,624
2,678
4,705
4,287
6,482
6,387
2,525
6,491
4,492
4,485
4,558
4,400
4,406
4,416
4,390
2,465
2,665
2,450
4,165
2,322
4,496
4,320
4,170
4,354
4,352
2,431
4,58
4,243
4,340
4,559
4,444
4,609
4,457
4,403
4,507
4,276
2,476
4,38
2,202
4,351
4,355
6,433
4,111
4,109
4,338
4,50
4,182
4,203
2,33
4,386
4,474
4,795
4,701
4,781
4,262
4,792
4,794
2,793
4,770
4,290
4,115
2,524
5,34
4,13
4,21
2,15
4,708
6,797
2,737
2,736
4,180
4,786
4,773
4,745
4,771
4,734
4,709
4,731
4,772
4,251
4,743
4,236
4,748
4,749
4,798
4,787
6,445
4,187
4,217
6,732
6,493
2,566
2,657
6,656
2,454
4,427
2,585
2,535
6,659
4,697
4,149
4,84
4,789
2,321
2,744
2,488
4,106
4,199
2,82
2,751
4,429
6,616
4,785
4,593
4,778
4,469
4,765
6,484
4,738
4,204
4,311
4,733
4,726
6,327
6,729
6,345
4,258
4,730
6,707
4,631
2,768
2,500
2,644
2,791
4,110
4,681
6,166
4,764
6,424
4,757
4,413
2,647
4,784
4,472
6,763
6,776
2,572
2,66
4,53
2,117
4,645
6,70
2,247
2,346
2,181
2,24
4,291
2,421
2,160
