163,667
138,680
34,672
7,649
136,652
169,651
123,634
64,671
106,669
142,660
90,510
121,656
19,631
132,647
154,598
134,594
35,682
99,107
153,515
96,405
110,138
96,474
107,481
9,519
131,507
38,552
131,639
64,646
105,495
84,617
112,553
4,658
139,616
84,527
150,584
165,543
18,535
128,654
126,583
64,558
52,636
102,664
81,608
114,655
96,666
108,653
21,629
73,676
60,599
112,560
1,601
64,358
96,644
94,446
97,678
64,71
128,633
138,588
38,145
82,395
42,234
32,550
165,426
64,485
171,430
48,429
62,374
139,302
165,129
167,308
64,327
64,416
64,82
103,257
57,8
40,52
16,489
158,152
64,143
67,421
114,587
64,612
21,579
94,623
157,565
64,90
113,486
8,600
42,452
64,378
35,534
145,549
18,352
135,195
11,432
165,353
67,454
150,417
34,473
53,546
64,363
50,330
3,216
96,228
59,427
49,491
64,536
144,453
10,410
84,400
120,541
139,334
87,350
113,555
32,595
12,663
64,637
2,650
80,643
64,563
40,657
64,508
100,681
70,662
57,372
127,626
64,404
9,590
64,513
113,465
139,478
67,447
139,246
156,611
39,613
150,554
6,580
64,566
143,529
165,568
64,476
140,597
64,591
40,551
64,521
49,574
101,573
125,562
41,585
31,511
78,537
64,412
147,632
147,592
17,576
15,578
41,610
55,642
64,615
57,487
57,533
66,530
10,497
5,455
29,544
62,556
85,630
76,531
164,456
126,479
26,268
122,517
117,282
90,422
139,444
61,509
109,351
65,218
62,329
141,326
55,420
127,451
30,518
64,461
153,394
133,528
121,437
84,324
52,548
145,213
139,202
33,645
139,624
35,496
64,460
38,226
130,545
71,204
139,356
74,377
161,127
64,270
93,159
64,217
72,73
57,249
68,291
46,449
57,337
40,72
64,40
106,442
64,459
64,64
94,364
64,419
64,101
64,439
18,609
59,577
43,561
40,606
7,684
86,532
96,618
64,538
81,614
64,581
67,525
10,559
64,539
61,540
130,214
64,677
27,635
20,564
63,607
56,596
59,431
68,492
65,665
166,409
139,297
57,406
96,141
64,462
64,340
74,488
64,522
156,418
19,467
155,475
61,307
139,493
96,381
67,296
64,231
57,120
63,285
36,277
40,391
10,56
57,211
95,524
79,122
64,362
152,271
64,498
139,298
64,503
64,247
75,463
90,86
142,441
58,567
69,28
64,283
86,317
58,266
65,506
75,117
64,184
64,433
37,361
64,483
62,336
83,342
68,322
61,345
2,79
64,280
94,241
104,436
58,178
13,259
64,237
64,162
64,132
54,424
146,256
28,411
64,80
125,371
88,97
159,229
170,166
64,390
64,413
165,325
138,526
1,179
22,286
94,457
51,67
92,466
57,490
64,393
44,575
96,369
69,379
165,471
64,176
139,289
64,398
62,253
64,232
64,512
78,621
64,49
64,288
57,240
96,207
136,276
64,320
59,124
64,542
64,458
93,335
137,239
64,469
20,220
64,354
91,105
7,294
64,279
111,375
165,275
94,470
162,435
64,382
64,384
64,401
64,516
59,161
96,263
64,206
74,386
64,316
14,209
141,125
64,258
64,75
64,331
64,370
76,244
25,160
148,198
94,48
62,205
57,248
67,357
64,494
77,200
64,281
58,272
165,168
64,365
64,373
61,151
149,328
64,265
57,119
47,227
57,43
165,60
57,30
6,188
153,110
89,34
62,438
64,287
115,167
62,238
64,434
64,181
129,158
124,41
61,189
116,100
64,299
57,304
96,113
168,389
64,224
64,278
64,501
118,675
48,679
64,619
64,245
67,500
64,480
62,520
165,686
139,640
64,628
64,589
64,502
64,45
64,402
64,104
64,20
94,319
67,53
153,255
64,332
64,355
139,225
64,22
64,292
64,313
64,685
64,368
56,423
57,54
65,84
64,348
83,215
64,586
139,264
64,55
64,338
138,203
64,315
24,482
64,11
64,273
165,174
64,343
160,499
64,66
64,408
64,383
64,468
64,208
64,472
62,146
59,106
64,102
64,314
64,89
64,61
64,221
165,318
64,261
62,210
64,121
47,222
59,144
57,76
61,157
45,149
64,26
64,196
64,59
64,135
23,284
64,260
64,91
96,17
64,194
92,3
64,99
164,235
64,171
64,301
64,445
64,477
64,366
62,47
64,83
64,312
64,115
74,62
64,192
64,183
64,165
64,150
98,37
96,93
96,219
96,13
64,251
151,341
164,236
64,77
64,156
64,155
64,295
64,116
64,359
61,230
64,109
140,163
64,262
57,95
64,128
64,24
64,4
96,223
64,344
64,387
165,137
64,88
64,290
62,118
64,103
64,311
64,51
64,32
64,164
64,68
64,415
64,133
64,175
64,33
64,191
64,254
64,112
64,193
64,243
59,428
64,199
64,269
64,131
64,323
164,440
64,443
64,310
64,58
64,2
64,142
64,514
64,333
64,5
64,339
166,274
64,10
64,360
64,180
64,139
64,16
64,186
64,94
64,108
64,380
64,367
64,153
161,154
165,92
164,190
165,300
64,136
64,35
62,98
64,504
64,267
64,425
64,19
64,185
64,388
165,134
64,250
64,85
64,252
94,15
64,25
64,27
96,14
64,233
64,197
64,38
165,57
64,396
64,126
64,182
64,170
64,39
64,148
64,303
64,78
165,87
165,114
165,130
170,50
64,31
64,44
64,81
64,392
64,638
64,407
64,173
64,399
64,111
64,7
64,172
64,12
64,187
96,397
165,212
60,9
165,23
64,177
64,46
165,346
64,21
162,42
96,147
64,123
64,18
64,293
64,74
64,29
64,140
64,604
64,376
64,622
119,347
64,670
96,523
168,464
64,661
64,321
64,602
64,582
64,96
64,36
165,683
64,69
64,625
64,570
64,448
64,659
64,648
64,414
64,63
64,620
64,385
165,603
64,572
165,593
64,309
64,505
64,484
64,668
64,674
64,547
164,169
64,571
165,242
64,557
64,70
159,641
164,403
96,627
64,349
64,1
64,569
96,201
64,6
64,305
64,673
165,450
64,605
94,306
96,65
