4,667
3,680
1,672
1,649
3,652
4,651
3,634
1,671
3,669
3,660
1,510
3,656
1,631
3,647
3,598
3,594
1,682
2,107
3,515
1,405
3,138
1,474
3,481
1,519
3,507
1,552
3,639
1,646
2,495
1,617
3,553
1,658
3,616
1,527
3,584
4,543
1,535
3,654
3,583
1,558
1,636
2,664
1,608
3,655
1,666
3,653
1,629
1,676
1,599
3,560
1,601
1,358
1,644
1,446
1,678
1,71
3,633
3,588
1,145
1,395
1,234
1,550
4,426
1,485
4,430
1,429
1,374
3,302
4,129
4,308
1,327
1,416
1,82
2,257
1,8
1,52
1,489
3,152
1,143
1,421
3,587
1,612
1,579
1,623
3,565
1,90
3,486
1,600
1,452
1,378
1,534
3,549
1,352
3,195
1,432
4,353
1,454
3,417
1,473
1,546
1,363
1,330
1,216
1,228
1,427
1,491
1,536
3,453
1,410
1,400
3,541
3,334
1,350
3,555
1,595
1,663
1,637
1,650
1,643
1,563
1,657
1,508
2,681
1,662
1,372
3,626
1,404
1,590
1,513
3,465
3,478
1,447
3,246
3,611
1,613
3,554
1,580
1,566
3,529
4,568
1,476
3,597
1,591
1,551
1,521
1,574
2,573
3,562
1,585
1,511
1,537
1,412
3,632
3,592
1,576
1,578
1,610
1,642
1,615
1,487
1,533
1,530
1,497
1,455
1,544
1,556
1,630
1,531
4,456
3,479
1,268
3,517
3,282
1,422
3,444
1,509
3,351
1,218
1,329
3,326
1,420
3,451
1,518
1,461
3,394
3,528
3,437
1,324
1,548
3,213
3,202
1,645
3,624
1,496
1,460
1,226
3,545
1,204
3,356
1,377
4,127
1,270
1,159
1,217
1,73
1,249
1,291
1,449
1,337
1,72
1,40
3,442
1,459
1,64
1,364
1,419
1,101
1,439
1,609
1,577
1,561
1,606
1,684
1,532
1,618
1,538
1,614
1,581
1,525
1,559
1,539
1,540
3,214
1,677
1,635
1,564
1,607
1,596
1,431
1,492
1,665
4,409
3,297
1,406
1,141
1,462
1,340
1,488
1,522
3,418
1,467
3,475
1,307
3,493
1,381
1,296
1,231
1,120
1,285
1,277
1,391
1,56
1,211
1,524
1,122
1,362
3,271
1,498
3,298
1,503
1,247
1,463
1,86
3,441
1,567
1,28
1,283
1,317
1,266
1,506
1,117
1,184
1,433
1,361
1,483
1,336
1,342
1,322
1,345
1,79
1,280
1,241
2,436
1,178
1,259
1,237
1,162
1,132
1,424
3,256
1,411
1,80
3,371
1,97
4,229
4,166
1,390
1,413
4,325
3,526
1,179
1,286
1,457
1,67
1,466
1,490
1,393
1,575
1,369
1,379
4,471
1,176
3,289
1,398
1,253
1,232
1,512
1,621
1,49
1,288
1,240
1,207
3,276
1,320
1,124
1,542
1,458
1,335
3,239
1,469
1,220
1,354
1,105
1,294
1,279
3,375
4,275
1,470
4,435
1,382
1,384
1,401
1,516
1,161
1,263
1,206
1,386
1,316
1,209
3,125
1,258
1,75
1,331
1,370
1,244
1,160
3,198
1,48
1,205
1,248
1,357
1,494
1,200
1,281
1,272
4,168
1,365
1,373
1,151
3,328
1,265
1,119
1,227
1,43
4,60
1,30
1,188
3,110
1,34
1,438
1,287
3,167
1,238
1,434
1,181
3,158
3,41
1,189
3,100
1,299
1,304
1,113
4,389
1,224
1,278
1,501
3,675
1,679
1,619
1,245
1,500
1,480
1,520
4,686
3,640
1,628
1,589
1,502
1,45
1,402
1,104
1,20
1,319
1,53
3,255
1,332
1,355
3,225
1,22
1,292
1,313
1,685
1,368
1,423
1,54
1,84
1,348
1,215
1,586
3,264
1,55
1,338
3,203
1,315
1,482
1,11
1,273
4,174
1,343
4,499
1,66
1,408
1,383
1,468
1,208
1,472
1,146
1,106
1,102
1,314
1,89
1,61
1,221
4,318
1,261
1,210
1,121
1,222
1,144
1,76
1,157
1,149
1,26
1,196
1,59
1,135
1,284
1,260
1,91
1,17
1,194
1,3
1,99
4,235
1,171
1,301
1,445
1,477
1,366
1,47
1,83
1,312
1,115
1,62
1,192
1,183
1,165
1,150
1,37
1,93
1,219
1,13
1,251
3,341
4,236
1,77
1,156
1,155
1,295
1,116
1,359
1,230
1,109
3,163
1,262
1,95
1,128
1,24
1,4
1,223
1,344
1,387
4,137
1,88
1,290
1,118
1,103
1,311
1,51
1,32
1,164
1,68
1,415
1,133
1,175
1,33
1,191
1,254
1,112
1,193
1,243
1,428
1,199
1,269
1,131
1,323
4,440
1,443
1,310
1,58
1,2
1,142
1,514
1,333
1,5
1,339
4,274
1,10
1,360
1,180
1,139
1,16
1,186
1,94
1,108
1,380
1,367
1,153
4,154
4,92
4,190
4,300
1,136
1,35
1,98
1,504
1,267
1,425
1,19
1,185
1,388
4,134
1,250
1,85
1,252
1,15
1,25
1,27
1,14
1,233
1,197
1,38
4,57
1,396
1,126
1,182
1,170
1,39
1,148
1,303
1,78
4,87
4,114
4,130
4,50
1,31
1,44
1,81
1,392
1,638
1,407
1,173
1,399
1,111
1,7
1,172
1,12
1,187
1,397
4,212
1,9
4,23
1,177
1,46
4,346
1,21
4,42
1,147
1,123
1,18
1,293
1,74
1,29
1,140
1,604
1,376
1,622
3,347
1,670
1,523
4,464
1,661
1,321
1,602
1,582
1,96
1,36
4,683
1,69
1,625
1,570
1,448
1,659
1,648
1,414
1,63
1,620
1,385
4,603
1,572
4,593
1,309
1,505
1,484
1,668
1,674
1,547
4,169
1,571
4,242
1,557
1,70
4,641
4,403
1,627
1,349
1,1
1,569
1,201
1,6
1,305
1,673
4,450
1,605
1,306
1,65
