46,1288
30,1285
30,1229
39,1254
10,1294
39,1290
30,1302
40,1153
30,1242
30,1262
30,1292
30,1102
30,282
30,1185
46,1240
45,998
32,1197
30,1238
44,1300
46,1168
30,1174
30,1187
30,1303
44,1299
30,1210
30,1272
39,1280
10,645
30,1247
10,1271
30,1054
30,1037
30,238
30,613
43,670
42,1156
30,823
30,1189
39,1255
30,757
30,1276
39,1230
47,1307
10,1172
30,946
33,621
30,434
10,913
42,1219
30,685
10,860
30,1209
30,365
30,682
30,1148
30,956
42,1281
46,995
11,509
10,1109
30,636
30,1047
30,540
30,563
30,958
30,438
39,1184
44,405
42,651
30,1231
30,825
42,1139
30,528
30,1146
30,1186
30,1118
42,1092
30,845
30,925
10,1235
33,1130
39,1308
37,1261
30,1068
10,1074
30,700
32,1016
30,619
30,1266
46,921
30,982
39,1232
11,399
30,1076
30,417
10,1282
26,1151
10,1226
30,1287
30,853
42,1142
40,1049
42,379
44,288
36,1056
30,859
17,826
45,794
30,809
31,1190
30,1245
30,915
11,1160
30,1183
44,1202
30,666
41,591
39,1066
30,1220
11,353
42,467
44,616
11,635
30,862
15,833
44,800
30,485
30,1297
44,1257
33,1286
26,1234
11,1104
39,1162
11,1128
39,1216
10,691
11,751
42,448
30,964
30,708
11,866
11,1127
30,1144
21,1256
11,492
11,950
30,1199
30,1289
11,1295
11,1233
30,1277
11,1030
11,469
31,916
10,1205
10,941
11,1243
30,1225
11,345
33,1133
11,999
30,1081
30,1175
30,1293
17,1129
10,626
37,428
35,1201
11,1196
10,1070
11,1181
11,1284
39,1112
11,1131
30,502
30,1006
7,721
11,1000
35,1071
10,819
11,716
11,1055
30,962
38,1249
11,1052
30,1171
11,817
17,1214
30,1163
11,1032
11,326
2,1244
11,1122
11,799
30,523
11,877
11,697
30,1221
30,991
11,840
30,1173
30,1008
3,987
11,850
30,609
11,1278
11,1304
11,1157
42,949
11,801
11,1027
11,1119
11,1192
4,1105
11,1134
28,954
30,740
11,1028
42,977
11,679
11,899
11,208
11,297
35,906
11,805
11,765
11,934
11,1298
11,1296
30,1283
11,1301
11,1218
11,1228
11,544
11,161
11,1269
11,404
11,1018
30,886
39,611
11,443
11,959
11,1085
11,253
11,667
11,473
11,450
35,695
11,402
23,287
8,378
11,994
11,856
11,764
11,1087
11,1200
35,974
11,1147
11,930
11,631
13,1136
11,503
11,989
4,1023
11,815
11,1079
11,565
11,696
11,1152
42,975
11,1115
42,615
11,213
11,923
11,1050
11,395
11,1126
11,846
11,649
11,795
11,888
11,488
11,658
4,955
11,1239
11,1159
11,430
11,790
11,785
11,908
11,1241
11,383
11,1179
44,1188
11,1265
11,1258
11,984
11,1259
30,966
11,1203
11,706
30,1215
11,358
11,420
11,269
11,1043
11,919
11,1260
11,842
11,1044
11,654
1,407
11,1161
11,1072
11,331
11,185
11,477
11,394
30,910
11,603
35,396
11,624
11,577
11,735
11,699
11,980
11,914
10,607
11,971
11,324
11,836
11,944
11,802
11,755
11,928
11,715
30,1264
11,907
11,876
11,376
11,347
11,789
11,644
11,262
11,855
11,1154
11,705
11,1208
11,496
33,804
11,546
11,837
11,472
11,986
11,922
11,191
11,527
11,869
11,1073
11,236
11,254
11,759
11,973
11,320
11,357
11,549
11,798
11,863
11,676
11,532
17,316
11,444
11,895
30,838
19,688
11,243
6,662
11,366
11,988
11,215
11,1213
11,196
11,743
11,811
11,929
11,1123
11,1251
11,1270
11,604
11,981
11,722
10,963
11,1064
11,589
11,612
11,260
11,879
11,766
11,709
11,848
11,871
11,359
30,704
11,1167
11,1275
11,285
11,873
11,717
11,841
11,887
11,844
11,750
11,573
11,1077
11,538
11,812
11,931
11,594
11,1042
11,961
11,1057
11,336
11,632
11,249
11,574
11,1108
11,672
11,690
11,281
11,517
11,1021
11,1113
11,1191
11,1031
11,227
11,657
11,470
11,880
11,550
11,1083
11,1060
11,1194
11,1029
11,481
11,633
11,306
11,322
11,211
11,200
11,233
11,997
11,720
11,882
11,872
11,454
11,1124
44,663
11,1125
11,386
11,1279
11,978
11,1088
12,1141
11,453
11,1069
11,1250
11,380
11,1114
11,990
11,421
11,835
11,414
11,768
11,425
11,1246
11,1204
11,828
11,427
11,409
11,293
11,1001
11,460
11,356
11,1022
11,1003
35,993
42,1039
11,489
11,1010
11,520
11,796
11,329
30,1035
11,936
11,1099
11,767
11,983
11,318
11,729
11,397
11,752
11,687
11,1166
16,596
11,665
13,1121
11,1143
11,1075
11,1004
11,948
11,511
11,683
11,255
11,436
11,373
11,889
11,1135
11,480
11,821
11,622
46,728
11,416
11,967
11,1007
11,553
11,385
11,985
11,992
11,661
11,308
11,924
11,1116
11,797
11,733
11,564
11,774
11,1101
11,1176
11,419
11,222
11,300
11,363
11,898
11,338
11,829
11,507
11,1094
30,1137
11,933
11,599
35,937
11,656
11,461
11,225
11,491
11,277
11,1082
11,1045
11,874
11,1117
11,839
11,583
11,598
11,263
11,458
11,452
11,852
11,832
24,465
11,1053
11,957
11,1089
11,1149
11,335
11,951
30,769
11,431
11,814
30,782
11,349
11,433
11,628
11,266
30,398
11,142
11,157
11,680
11,593
11,432
11,555
11,343
11,578
11,568
11,515
11,572
11,466
11,439
11,793
11,206
11,543
11,271
11,435
11,370
11,242
11,235
14,352
11,602
11,518
11,557
11,146
11,938
11,451
11,884
30,508
11,495
11,777
11,423
11,671
11,120
11,145
11,762
11,745
11,711
11,702
11,810
11,1120
17,1046
11,1274
30,585
20,442
11,625
11,710
11,181
11,367
11,1180
11,787
11,1267
11,707
11,426
11,854
11,1019
11,415
11,581
11,535
11,344
11,1236
11,446
17,664
11,668
25,960
11,818
11,311
11,784
11,1038
11,1017
11,917
11,1111
11,1103
11,1252
11,552
11,542
11,1065
11,834
11,1150
11,1106
11,736
11,1014
11,703
11,808
11,422
11,355
11,806
11,424
11,1158
11,1237
11,516
11,279
11,510
11,659
11,410
11,412
11,501
11,223
11,372
11,524
11,459
11,342
11,730
11,878
11,497
11,827
11,1012
11,561
11,1227
11,234
11,533
11,483
11,783
11,776
11,1090
11,1178
11,775
11,259
11,870
11,830
11,570
11,713
11,327
11,1061
11,996
11,1140
11,885
11,881
11,362
11,559
11,674
11,820
11,911
11,935
11,901
11,1212
11,970
11,280
30,1051
11,525
11,1211
11,1005
11,296
11,354
11,478
11,246
11,900
11,113
11,560
11,303
11,732
11,307
11,231
11,455
11,731
11,861
44,726
11,1020
11,788
11,1198
11,298
11,779
11,610
11,953
11,851
11,1011
11,479
11,1132
11,725
11,675
30,447
11,741
11,896
11,1086
11,150
11,237
11,401
11,531
11,512
11,694
11,268
11,361
11,244
11,494
11,382
11,325
11,608
11,1033
11,539
11,332
11,758
11,292
11,218
11,229
11,152
11,718
11,575
11,723
11,673
11,772
11,341
11,681
11,927
11,778
11,754
11,1067
11,1138
11,1059
11,647
11,413
11,567
11,232
11,822
11,920
11,791
11,1080
11,351
11,639
11,744
11,623
11,945
11,640
11,1025
11,875
11,334
11,617
11,348
11,712
11,317
11,556
11,1096
11,1110
11,1155
11,698
11,943
11,952
11,1002
11,387
11,883
11,1036
11,865
11,734
11,1164
11,748
11,1058
11,212
11,660
11,1224
11,475
11,456
11,346
11,701
11,780
11,390
11,267
11,595
11,505
11,641
11,605
11,600
11,597
11,286
11,646
11,500
11,620
11,965
11,193
11,289
11,388
11,562
11,643
11,807
11,771
11,739
11,669
11,763
11,571
11,693
33,918
11,530
11,304
11,381
11,498
11,278
11,137
11,868
11,727
11,677
11,369
11,590
11,947
11,197
11,159
11,642
11,537
11,847
11,686
11,894
11,592
11,714
11,513
11,514
11,295
11,174
22,1024
11,1026
11,968
11,719
11,283
11,265
11,339
17,761
11,309
11,749
11,738
11,153
11,411
40,313
11,892
11,566
11,134
11,781
11,301
11,258
11,226
11,241
11,652
11,857
11,123
11,1009
11,178
11,59
11,476
11,1040
11,391
11,93
11,190
11,330
11,1177
11,891
11,471
11,172
11,1182
11,792
11,221
11,692
11,1195
11,1034
11,291
11,770
11,678
11,1098
11,773
42,1015
11,909
11,554
34,547
11,1100
11,449
11,932
11,586
11,526
11,482
11,429
11,1165
11,207
11,315
11,418
11,979
11,580
11,558
11,653
11,905
11,601
11,490
11,210
11,545
11,276
11,1091
11,393
11,171
11,831
11,522
13,333
11,816
11,893
27,541
11,389
11,618
11,536
20,684
11,824
11,484
11,637
11,867
11,519
11,323
11,360
11,474
11,1248
11,228
11,310
11,182
11,529
11,849
11,813
11,588
11,926
11,499
11,305
11,843
11,1169
11,441
11,368
11,194
11,655
11,437
11,1084
11,290
11,753
11,340
11,912
11,141
11,256
11,1253
11,1305
11,1291
39,1306
11,274
11,400
11,204
11,273
11,468
11,638
11,445
11,904
11,786
11,384
11,803
11,314
11,689
11,737
11,760
11,408
11,364
11,534
11,187
11,902
11,747
11,1041
11,587
11,275
11,1063
11,634
11,746
11,464
11,1273
11,440
11,247
11,462
11,406
11,582
29,169
11,858
11,1097
11,245
11,1268
11,1223
11,1062
11,252
11,220
11,132
11,940
11,149
11,463
11,969
11,506
11,1217
11,261
11,96
11,156
11,328
11,155
11,60
11,30
11,5
11,51
11,80
11,180
11,98
11,166
11,44
18,28
11,85
11,48
11,392
11,170
11,136
11,606
11,1312
11,1309
11,1310
11,1316
11,1314
11,1315
11,1313
11,1319
46,1318
11,125
33,504
11,371
11,648
11,627
11,165
11,897
11,107
11,188
11,1078
11,375
11,264
11,284
30,214
11,1193
11,1206
11,1263
11,312
11,192
11,203
11,177
11,377
11,251
11,976
11,630
11,144
11,250
11,890
11,650
11,569
11,199
11,202
11,201
11,164
11,50
11,205
11,95
11,576
11,579
11,1207
11,124
11,614
11,175
11,139
11,374
11,52
11,23
11,13
11,65
11,756
11,61
35,84
11,109
11,162
11,54
11,14
11,7
11,1325
11,25
11,47
11,76
11,34
11,319
11,1170
11,186
11,128
11,148
11,493
11,112
11,32
11,403
11,195
11,33
11,127
11,1330
11,22
30,45
11,1321
11,3
11,29
11,119
11,176
11,299
11,147
11,63
11,548
11,183
11,217
11,198
11,111
11,37
11,55
11,75
11,73
11,41
11,38
11,1335
11,1320
11,189
5,66
11,1329
11,86
11,143
11,2
11,12
11,26
11,163
11,79
11,91
11,106
11,31
11,18
5,62
30,40
11,230
11,78
11,151
11,64
11,89
11,74
11,629
11,584
11,1327
13,1328
11,100
11,116
11,53
11,140
39,71
11,158
11,1107
11,239
11,56
11,88
11,724
11,302
11,94
11,337
11,11
11,1334
11,1324
11,99
11,114
11,10
11,9
11,21
11,1331
11,70
11,154
11,110
11,87
11,17
11,224
11,168
11,486
11,321
11,551
11,1145
11,179
11,248
11,257
11,81
11,1095
11,160
11,864
11,350
11,130
11,46
11,942
1,131
11,97
11,972
11,1048
11,216
11,105
11,939
11,272
11,209
11,487
11,270
11,103
11,138
11,36
11,49
11,1311
11,69
11,57
11,101
11,219
11,77
11,72
11,121
11,35
11,122
11,19
11,457
11,294
11,24
11,115
11,104
11,126
11,68
11,742
11,129
11,20
11,15
11,1333
11,90
11,1323
11,58
11,1326
11,1336
11,1
11,1093
11,521
9,16
9,108
42,43
9,42
9,173
9,133
9,4
9,240
40,135
9,118
9,82
30,92
30,1332
40,1222
46,1013
30,39
30,67
46,6
30,27
30,1317
30,903
30,1322
30,102
39,8
46,117
30,167
30,83
46,184
