1,712
1,728
1,737
1,724
1,701
1,600
9,618
1,508
1,646
1,654
1,656
1,505
1,719
1,739
1,643
1,669
1,664
1,504
9,686
1,616
1,729
1,677
9,596
1,633
9,734
9,718
1,715
1,723
1,702
9,545
1,685
1,671
1,722
1,571
1,406
1,720
1,512
1,756
1,735
9,727
1,370
1,546
1,364
1,427
1,621
9,564
1,351
1,521
1,632
1,732
9,687
1,659
1,526
1,604
1,731
1,705
1,615
1,601
1,506
1,672
1,714
1,611
1,644
9,708
9,479
1,648
1,559
1,588
1,547
9,710
1,667
1,581
1,469
1,553
1,647
9,636
1,638
1,562
1,688
1,585
9,520
1,262
1,630
1,560
1,613
1,419
1,699
1,476
1,590
1,456
1,529
1,570
1,623
1,662
1,272
1,401
1,524
9,403
1,609
9,321
1,346
1,649
1,645
1,386
1,368
1,661
1,652
1,706
1,461
13,284
1,625
9,550
1,586
9,670
1,634
1,610
1,703
1,543
1,683
9,352
1,721
9,568
9,363
1,208
1,535
13,541
1,379
9,497
1,418
4,528
1,444
9,640
1,695
1,607
1,655
1,591
11,680
1,573
1,673
8,696
6,593
13,400
1,709
1,658
1,657
1,540
1,446
1,393
12,319
11,453
1,660
9,438
1,462
11,507
5,744
3,675
1,287
1,264
1,192
1,484
1,679
11,347
1,460
1,605
1,390
11,382
2,405
1,236
1,454
1,578
1,247
9,488
9,378
3,522
11,407
11,425
11,502
1,330
9,373
11,276
11,483
11,285
1,274
11,435
11,491
1,249
1,415
11,515
11,441
1,514
12,374
11,486
11,327
13,381
11,377
11,487
11,429
11,574
11,542
11,463
11,525
11,450
11,455
1,493
1,220
11,238
11,320
11,243
11,413
1,387
11,316
11,354
11,443
9,492
7,397
1,189
1,412
9,150
13,404
11,248
11,537
1,241
11,385
11,299
11,211
1,408
11,232
11,306
11,430
11,464
11,577
11,494
1,567
1,258
11,384
11,255
11,627
11,235
11,270
11,181
11,177
11,532
11,594
11,608
1,421
1,296
11,383
11,694
11,414
1,503
11,411
11,556
11,442
11,513
11,361
11,642
12,209
11,329
11,348
11,325
11,475
11,227
11,449
11,283
11,436
11,307
11,239
11,162
11,266
11,434
11,212
11,297
11,196
11,184
11,301
11,223
11,345
11,259
11,500
11,197
5,490
11,579
11,554
11,392
11,641
11,576
11,480
11,228
11,290
11,288
11,253
13,372
11,440
11,350
11,225
11,375
11,252
11,278
11,176
11,598
11,575
11,395
7,626
11,472
11,416
11,231
11,206
11,595
11,240
11,628
11,561
11,268
11,582
1,277
11,275
11,154
11,201
11,603
11,185
11,750
11,747
11,755
11,745
11,758
11,653
11,760
11,757
11,753
11,742
11,748
11,752
11,746
11,749
11,751
9,743
11,761
1,523
11,552
1,527
11,467
11,332
11,549
11,451
11,530
11,353
11,366
11,221
11,359
11,256
11,322
11,555
11,254
11,280
11,202
11,485
1,291
11,237
13,355
11,300
11,424
11,340
11,519
11,580
11,459
11,389
11,614
11,282
11,544
13,265
11,433
1,380
11,289
11,589
11,305
11,439
11,651
11,311
11,309
11,637
11,639
11,445
11,224
11,668
11,344
11,597
11,587
11,251
11,207
11,315
11,230
11,631
11,195
11,312
11,295
11,698
1,516
11,388
11,313
11,612
11,399
11,509
11,563
11,367
11,583
11,557
11,409
11,716
11,398
11,394
11,622
11,432
11,437
11,465
11,635
11,458
11,410
13,293
11,468
11,539
1,267
11,334
13,349
11,343
11,362
11,428
13,606
11,338
11,302
11,260
11,242
13,357
11,308
11,342
11,518
11,717
11,331
11,182
11,175
11,279
11,261
11,365
11,689
11,510
11,551
11,423
11,304
9,326
11,318
11,726
11,697
11,269
11,681
11,707
11,317
11,617
11,693
1,692
11,629
11,725
11,730
11,676
11,496
11,323
11,666
11,736
11,691
11,733
11,569
11,682
11,665
11,489
11,538
9,548
1,402
11,599
11,481
13,263
13,452
11,572
11,482
11,584
11,558
11,498
11,213
11,501
11,200
11,391
11,376
11,624
11,704
11,324
11,678
11,273
11,360
1,180
11,470
11,690
11,198
13,333
11,740
11,466
11,471
11,328
11,294
11,188
11,286
11,448
11,203
11,193
11,244
1,592
11,684
11,565
11,663
11,536
11,298
1,137
11,336
11,341
11,166
11,229
11,310
11,271
11,199
11,763
11,764
11,754
11,149
11,191
11,257
1,194
11,499
13,110
1,292
11,426
11,369
11,477
11,602
11,219
11,422
11,478
11,358
11,142
11,711
11,533
11,126
11,431
11,417
11,64
11,112
11,172
11,65
11,114
11,25
11,218
11,81
11,741
11,122
11,23
11,46
11,152
11,566
11,30
11,70
11,123
9,179
11,76
11,100
11,7
11,214
11,128
11,473
11,447
11,335
11,650
11,19
11,51
11,770
11,40
11,98
11,26
11,173
11,132
11,120
11,700
11,738
11,303
11,215
11,155
11,713
11,281
11,141
11,140
11,5
11,79
11,15
11,115
11,337
11,420
11,54
11,127
13,102
11,31
11,69
11,517
11,67
11,216
11,8
11,33
11,74
11,29
11,55
11,14
11,89
11,32
11,84
11,28
11,72
1,1
1,47
11,3
11,41
11,97
11,90
11,6
11,39
11,133
11,82
11,762
11,11
11,27
11,21
11,125
11,765
11,44
11,769
11,43
11,768
11,135
11,183
11,190
11,68
11,161
11,159
11,124
11,92
11,234
11,168
11,246
9,147
11,531
11,134
11,66
11,153
11,106
11,60
11,77
11,20
11,22
11,2
11,10
11,93
11,45
11,109
11,101
11,78
11,131
11,58
11,157
11,144
11,24
11,103
11,35
1,146
11,62
11,48
11,18
11,767
11,13
11,87
11,36
11,17
11,37
11,63
11,83
11,9
11,16
11,42
11,136
11,766
11,339
11,205
11,71
11,396
11,178
11,52
11,222
11,356
11,116
7,107
11,474
11,96
11,511
11,534
11,314
11,204
11,138
11,91
11,151
11,50
13,139
11,148
5,88
11,38
11,111
11,80
11,86
11,210
11,61
11,12
11,117
11,73
11,186
11,75
11,620
11,105
11,165
11,85
11,104
11,187
11,163
11,121
11,95
11,169
11,108
11,56
11,143
7,164
11,113
11,129
9,233
11,226
11,759
11,619
11,94
11,59
11,49
11,119
11,34
11,4
11,160
11,250
11,495
10,158
11,245
11,457
11,171
11,217
1,170
11,57
11,99
1,53
10,674
10,371
1,145
1,118
1,167
1,174
1,156
9,130
