28,833
25,565
64,831
31,845
46,640
75,769
63,767
25,682
25,739
18,713
17,797
25,832
67,732
34,762
46,691
22,642
25,756
77,795
25,367
62,711
2,776
46,810
28,671
31,607
72,747
57,822
21,318
46,494
79,669
16,853
21,847
27,818
28,751
56,114
73,687
39,793
79,731
76,608
7,559
8,645
27,707
27,353
28,839
43,771
72,543
46,750
43,723
25,322
27,689
63,763
27,817
65,714
28,709
38,802
25,676
27,746
54,653
70,598
25,573
60,184
38,748
76,179
7,782
41,638
22,675
27,571
27,761
25,579
79,595
46,485
66,304
57,646
57,719
71,778
76,619
67,672
58,615
65,734
28,555
76,764
25,774
30,848
46,668
46,677
73,216
30,212
10,695
35,685
72,305
25,820
53,605
27,686
28,826
25,787
66,841
66,789
46,825
37,819
46,840
14,704
39,416
65,792
76,850
39,829
31,575
34,790
59,712
46,814
25,737
27,740
30,532
31,170
76,568
25,588
77,48
25,550
31,566
25,754
59,547
46,843
27,718
27,725
40,816
68,849
46,806
27,661
27,842
28,437
70,824
21,429
25,652
24,462
25,259
27,518
69,94
25,524
40,19
27,109
57,479
37,478
27,567
27,9
74,326
25,246
75,604
8,618
28,692
77,226
23,422
46,558
78,766
46,267
67,639
50,445
74,800
65,17
46,378
65,727
21,418
33,770
27,328
79,706
38,384
79,374
28,253
46,643
25,234
41,345
25,854
25,670
29,830
19,59
27,131
63,681
7,745
55,852
71,696
46,834
25,779
27,773
46,637
8,708
64,610
25,683
27,512
4,557
25,520
28,654
32,625
27,611
57,626
46,499
27,563
57,393
42,634
67,587
46,589
79,651
25,535
61,562
46,678
67,743
29,585
66,757
76,622
45,788
20,693
28,530
24,118
56,442
34,702
25,703
28,721
27,541
29,656
25,755
6,684
29,781
19,516
43,627
27,644
25,722
77,453
65,522
21,255
25,556
29,423
30,657
25,796
44,837
28,309
41,443
27,600
25,552
51,803
27,738
25,597
39,663
68,617
32,574
42,635
28,591
70,649
36,716
68,705
25,623
42,780
46,641
25,760
42,694
7,580
42,724
25,630
77,458
25,799
31,648
27,759
65,658
25,667
31,477
73,504
8,551
27,592
31,741
25,513
25,472
25,544
28,596
73,459
27,469
27,167
21,444
46,515
73,377
42,338
25,2
46,8
42,435
25,295
31,528
57,401
66,386
25,380
67,534
43,385
46,249
50,55
5,381
21,427
28,483
29,362
1,388
27,390
79,475
25,317
28,144
31,468
41,237
12,187
41,484
39,315
28,449
27,564
25,726
25,465
27,481
39,599
27,700
25,578
52,620
28,323
42,749
27,583
46,116
25,577
39,594
25,768
25,394
29,343
65,169
3,433
25,329
25,344
31,199
9,744
25,283
27,398
25,265
25,506
25,222
30,519
20,655
30,81
40,440
27,375
46,349
41,330
25,526
66,498
39,662
31,650
6,493
25,432
25,266
25,365
28,276
28,12
27,136
25,229
66,68
7,368
30,90
25,133
30,476
30,364
40,537
27,279
39,402
31,209
72,132
15,141
25,348
7,400
25,570
25,614
27,680
25,542
25,452
8,51
73,32
42,193
63,715
43,511
25,593
25,752
67,473
25,569
25,601
59,492
25,502
25,501
66,404
66,327
25,730
25,728
25,697
28,572
25,447
18,391
25,436
27,497
28,742
25,508
25,673
65,772
46,699
65,688
25,733
28,586
27,431
25,603
26,500
29,523
27,214
73,263
27,576
46,293
73,42
66,306
7,439
67,221
48,126
27,122
73,41
27,134
25,233
66,92
25,121
46,270
30,357
7,185
25,56
25,448
11,303
74,514
66,308
25,406
42,335
25,49
29,257
27,609
25,415
25,236
73,584
25,67
27,366
25,482
66,66
27,142
25,710
30,173
25,110
25,190
25,161
25,413
73,127
27,180
27,271
25,313
46,138
73,546
27,290
25,147
67,231
68,23
29,631
66,616
25,488
25,346
73,208
29,521
25,268
31,387
7,33
25,1
30,302
30,311
25,347
25,213
80,93
73,392
25,399
27,296
67,549
25,128
25,188
25,529
25,242
25,53
30,79
25,165
27,43
25,403
25,621
25,430
8,582
72,495
28,227
66,505
75,291
47,525
27,503
25,679
25,456
29,215
73,218
27,461
25,171
25,319
27,203
27,517
27,420
29,510
25,355
29,333
25,331
46,467
27,86
66,735
30,82
27,480
25,613
25,647
27,354
25,466
25,441
30,228
25,111
25,352
25,341
28,359
25,463
27,105
25,260
29,24
25,256
70,280
25,324
28,264
25,117
46,112
25,297
64,4
25,240
25,189
46,160
25,106
66,14
46,211
73,88
25,27
27,130
25,289
25,159
64,225
28,31
25,272
42,16
28,65
25,149
25,332
25,207
47,172
66,219
25,244
25,561
25,312
25,241
25,252
7,247
42,278
25,371
25,250
25,548
25,428
25,195
25,275
25,64
27,232
27,300
25,168
27,298
25,337
25,307
25,358
27,238
25,104
25,340
25,101
25,36
73,301
29,316
25,334
27,137
25,123
27,356
25,61
25,163
25,54
7,140
25,98
25,44
27,220
25,47
25,285
25,373
25,230
25,206
25,784
25,855
27,539
66,861
27,28
25,808
25,720
7,450
25,46
25,851
27,785
25,99
25,181
46,152
30,108
27,97
25,277
28,192
25,813
25,70
25,5
25,22
29,659
25,857
25,660
46,15
25,859
25,166
25,314
13,178
7,828
25,83
28,407
46,248
66,197
25,273
25,201
66,531
25,860
25,157
25,396
25,120
25,821
25,701
25,286
25,805
25,777
25,823
30,632
25,612
25,84
25,419
25,674
25,624
25,815
25,336
25,125
25,858
25,507
25,801
46,835
46,536
25,758
25,698
25,150
74,553
49,491
73,412
25,665
25,287
25,154
25,235
25,310
25,91
27,451
46,269
25,540
25,666
25,85
25,405
29,370
27,460
25,581
25,471
25,414
25,408
25,274
25,446
25,496
27,261
25,434
67,35
25,25
25,360
25,89
25,45
25,487
25,177
27,74
46,425
27,664
25,155
46,143
25,129
25,527
25,58
25,243
25,145
25,6
25,490
25,113
27,75
25,103
25,38
25,62
25,80
27,205
25,18
7,254
25,115
25,148
46,223
25,151
25,37
25,294
25,29
25,69
25,198
25,162
27,164
4,489
27,636
25,383
25,282
27,438
25,602
30,633
6,95
25,417
25,409
25,204
25,538
25,509
27,71
25,457
25,382
25,426
25,339
25,96
25,350
25,554
25,690
25,76
27,411
6,376
25,196
25,284
25,474
25,454
46,153
25,202
25,13
25,124
25,239
25,245
25,455
7,135
25,52
25,258
25,320
25,397
25,395
25,224
27,156
25,78
25,158
1,102
25,183
46,545
25,533
25,3
25,372
25,174
25,7
7,50
46,379
46,107
9,119
25,60
25,20
25,200
25,470
5,26
25,73
25,139
18,281
25,191
25,194
25,72
12,77
25,34
25,210
46,176
25,57
25,606
7,838
46,836
25,560
6,765
46,351
7,63
25,844
7,629
8,811
46,421
25,464
46,827
25,717
25,175
25,809
25,410
25,590
46,846
25,363
46,804
25,783
25,251
25,39
7,486
46,856
25,40
25,182
25,812
25,369
25,146
25,262
46,342
7,807
25,736
7,217
25,753
25,791
25,288
25,786
25,325
7,87
25,424
7,729
25,186
25,299
25,798
25,628
46,100
25,321
25,21
25,775
46,292
8,10
46,794
46,389
46,30
46,361
46,11
