135,667
115,680
31,672
7,649
114,652
140,651
102,634
54,671
85,669
117,660
71,510
100,656
18,631
111,647
127,598
112,594
32,682
78,107
126,515
75,405
89,138
75,474
86,481
9,519
110,507
34,552
110,639
54,646
84,495
67,617
91,553
4,658
115,616
67,527
124,584
136,543
18,535
107,654
105,583
54,558
46,636
81,664
65,608
93,655
75,666
87,653
20,629
58,676
52,599
91,560
1,601
54,358
75,644
73,446
76,678
54,71
107,633
115,588
34,145
65,395
38,234
29,550
136,426
54,485
142,430
42,429
53,374
115,302
136,129
138,308
54,327
54,416
54,82
82,257
50,8
36,52
16,489
131,152
54,143
54,421
93,587
54,612
20,579
73,623
130,565
54,90
92,486
8,600
38,452
54,378
32,534
120,549
18,352
113,195
11,432
136,353
54,454
124,417
31,473
46,546
54,363
44,330
3,216
75,228
51,427
43,491
54,536
119,453
10,410
67,400
99,541
115,334
70,350
92,555
29,595
12,663
54,637
2,650
64,643
54,563
36,657
54,508
79,681
56,662
50,372
106,626
54,404
9,590
54,513
92,465
115,478
54,447
115,246
129,611
35,613
124,554
6,580
54,566
118,529
136,568
54,476
116,597
54,591
36,551
54,521
43,574
80,573
104,562
37,585
28,511
62,537
54,412
122,632
122,592
17,576
15,578
37,610
48,642
54,615
50,487
50,533
54,530
10,497
5,455
27,544
53,556
68,630
61,531
136,456
105,479
24,268
101,517
96,282
71,422
115,444
53,509
88,351
54,218
53,329
117,326
48,420
106,451
27,518
54,461
126,394
112,528
100,437
67,324
46,548
120,213
115,202
30,645
115,624
32,496
54,460
34,226
109,545
57,204
115,356
59,377
134,127
54,270
72,159
54,217
58,73
50,249
55,291
41,449
50,337
36,72
54,40
85,442
54,459
54,64
73,364
54,419
54,101
54,439
18,609
51,577
39,561
36,606
7,684
69,532
75,618
54,538
65,614
54,581
54,525
10,559
54,539
53,540
109,214
54,677
25,635
19,564
54,607
49,596
51,431
55,492
54,665
137,409
115,297
50,406
75,141
54,462
54,340
59,488
54,522
129,418
18,467
128,475
53,307
115,493
75,381
54,296
54,231
50,120
54,285
33,277
36,391
10,56
50,211
74,524
63,122
54,362
125,271
54,498
115,298
54,503
54,247
60,463
71,86
117,441
51,567
56,28
54,283
69,317
51,266
54,506
60,117
54,184
54,433
33,361
54,483
53,336
66,342
55,322
53,345
2,79
54,280
73,241
83,436
51,178
13,259
54,237
54,162
54,132
47,424
121,256
26,411
54,80
104,371
70,97
132,229
141,166
54,390
54,413
136,325
115,526
1,179
21,286
73,457
45,67
72,466
50,490
54,393
40,575
75,369
56,379
136,471
54,176
115,289
54,398
53,253
54,232
54,512
62,621
54,49
54,288
50,240
75,207
114,276
54,320
51,124
54,542
54,458
72,335
114,239
54,469
19,220
54,354
71,105
7,294
54,279
90,375
136,275
73,470
135,435
54,382
54,384
54,401
54,516
51,161
75,263
54,206
59,386
54,316
14,209
117,125
54,258
54,75
54,331
54,370
61,244
23,160
123,198
73,48
53,205
50,248
54,357
54,494
61,200
54,281
51,272
136,168
54,365
54,373
53,151
123,328
54,265
50,119
42,227
50,43
136,60
50,30
6,188
126,110
70,34
53,438
54,287
94,167
53,238
54,434
54,181
108,158
103,41
53,189
95,100
54,299
50,304
75,113
139,389
54,224
54,278
54,501
97,675
42,679
54,619
54,245
54,500
54,480
53,520
136,686
115,640
54,628
54,589
54,502
54,45
54,402
54,104
54,20
73,319
54,53
126,255
54,332
54,355
115,225
54,22
54,292
54,313
54,685
54,368
49,423
50,54
54,84
54,348
66,215
54,586
115,264
54,55
54,338
115,203
54,315
22,482
54,11
54,273
136,174
54,343
133,499
54,66
54,408
54,383
54,468
54,208
54,472
53,146
51,106
54,102
54,314
54,89
54,61
54,221
136,318
54,261
53,210
54,121
42,222
51,144
50,76
53,157
41,149
54,26
54,196
54,59
54,135
22,284
54,260
54,91
75,17
54,194
72,3
54,99
136,235
54,171
54,301
54,445
54,477
54,366
53,47
54,83
54,312
54,115
59,62
54,192
54,183
54,165
54,150
77,37
75,93
75,219
75,13
54,251
124,341
136,236
54,77
54,156
54,155
54,295
54,116
54,359
53,230
54,109
116,163
54,262
50,95
54,128
54,24
54,4
75,223
54,344
54,387
136,137
54,88
54,290
53,118
54,103
54,311
54,51
54,32
54,164
54,68
54,415
54,133
54,175
54,33
54,191
54,254
54,112
54,193
54,243
51,428
54,199
54,269
54,131
54,323
136,440
54,443
54,310
54,58
54,2
54,142
54,514
54,333
54,5
54,339
137,274
54,10
54,360
54,180
54,139
54,16
54,186
54,94
54,108
54,380
54,367
54,153
134,154
136,92
136,190
136,300
54,136
54,35
53,98
54,504
54,267
54,425
54,19
54,185
54,388
136,134
54,250
54,85
54,252
73,15
54,25
54,27
75,14
54,233
54,197
54,38
136,57
54,396
54,126
54,182
54,170
54,39
54,148
54,303
54,78
136,87
136,114
136,130
141,50
54,31
54,44
54,81
54,392
54,638
54,407
54,173
54,399
54,111
54,7
54,172
54,12
54,187
75,397
136,212
52,9
136,23
54,177
54,46
136,346
54,21
135,42
75,147
54,123
54,18
54,293
54,74
54,29
54,140
54,604
54,376
54,622
98,347
54,670
75,523
139,464
54,661
54,321
54,602
54,582
54,96
54,36
136,683
54,69
54,625
54,570
54,448
54,659
54,648
54,414
54,63
54,620
54,385
136,603
54,572
136,593
54,309
54,505
54,484
54,668
54,674
54,547
136,169
54,571
136,242
54,557
54,70
132,641
136,403
75,627
54,349
54,1
54,569
75,201
54,6
54,305
54,673
136,450
54,605
73,306
75,65
