134,374
168,735
166,664
76,665
83,710
76,704
53,660
166,326
41,699
126,672
32,650
61,602
75,356
199,540
88,667
76,599
132,617
88,638
102,716
153,695
141,655
139,693
53,555
139,627
139,697
28,696
92,621
71,588
137,604
141,589
24,132
4,570
76,259
87,289
105,401
36,571
46,56
103,622
158,568
139,493
135,728
115,647
80,709
91,734
36,670
28,629
138,714
90,715
175,700
96,686
139,720
81,712
146,579
152,536
128,631
28,541
163,293
36,637
78,733
35,731
49,633
160,657
166,603
78,616
36,576
193,479
116,572
104,598
191,452
61,587
147,724
107,623
142,727
35,708
139,711
193,674
156,651
193,600
154,713
97,565
163,702
79,701
166,634
168,684
91,654
135,669
156,630
101,680
102,543
136,510
102,492
139,594
139,561
145,721
92,546
28,641
155,258
145,535
198,460
74,688
139,642
85,692
28,433
139,517
11,521
139,440
121,485
164,482
28,624
117,325
43,564
137,529
106,620
85,530
142,575
137,26
153,671
104,658
22,321
27,656
128,628
181,524
139,538
21,478
139,126
28,380
47,198
50,218
42,367
154,430
155,416
28,409
177,539
161,498
120,652
130,368
129,515
71,648
94,501
72,406
13,109
80,509
91,673
90,668
28,593
49,698
7,690
50,542
81,608
144,488
185,646
116,581
35,606
174,679
193,722
113,247
50,96
148,360
151,534
36,338
73,580
131,643
183,619
125,551
111,459
44,601
108,613
136,442
89,516
20,456
182,46
112,591
84,188
159,508
139,649
148,103
137,424
40,322
165,553
162,566
5,635
12,585
52,502
25,717
131,597
88,489
62,659
28,514
67,560
159,499
9,567
77,497
95,388
96,494
99,145
52,398
19,473
28,435
124,413
49,486
141,454
173,531
53,662
177,389
56,339
127,528
86,470
118,120
102,309
161,429
133,436
196,420
175,396
158,350
6,507
128,372
88,294
28,184
49,242
193,385
140,300
1,487
99,618
50,523
23,316
50,370
47,466
143,450
139,65
39,395
109,519
200,513
133,36
16,58
176,45
135,563
47,160
38,677
47,644
109,544
54,490
25,547
167,341
130,353
35,462
168,60
28,74
139,245
139,153
157,586
53,506
141,449
116,314
155,477
147,238
97,329
134,511
28,392
28,549
158,432
78,362
139,504
137,292
171,505
8,394
2,277
168,354
33,554
187,230
15,471
14,422
131,483
197,268
47,343
149,11
81,330
34,9
116,423
49,129
3,481
99,178
184,290
135,225
180,439
185,119
133,31
59,166
94,111
28,170
23,324
135,550
37,315
28,124
25,375
10,303
175,61
45,146
94,384
167,319
26,200
189,219
194,279
49,311
98,467
201,469
139,444
100,453
129,127
27,334
114,455
49,274
178,227
17,239
38,474
20,237
36,37
122,297
59,148
49,226
136,157
28,224
28,128
133,520
20,661
28,345
28,7
128,23
103,203
38,251
32,241
131,196
129,183
139,234
47,426
119,313
133,271
133,141
28,270
28,182
139,105
36,191
55,265
33,295
131,215
51,181
112,147
159,197
18,348
193,573
29,552
166,605
165,415
36,537
34,443
159,512
28,386
98,557
192,412
60,390
28,522
133,187
37,363
67,189
116,558
116,12
101,70
28,451
28,427
139,441
36,491
110,468
25,205
139,342
28,556
49,318
114,287
134,359
139,28
96,138
28,403
111,140
133,100
131,161
49,13
25,6
63,4
82,33
28,16
28,192
62,59
185,64
38,261
169,82
34,52
36,276
31,149
143,142
28,43
193,387
133,102
28,114
172,173
71,5
139,266
139,222
28,280
93,32
139,465
28,582
193,437
172,425
64,336
28,233
167,211
65,361
28,286
193,495
135,636
150,382
30,400
139,607
39,480
41,484
28,323
133,337
16,185
70,331
186,272
27,344
28,383
119,162
37,17
28,136
193,244
28,418
30,615
133,463
193,283
22,545
28,496
57,86
28,291
65,236
48,41
116,320
116,90
179,168
129,257
38,377
36,1
69,112
28,29
48,263
28,116
47,177
28,47
123,475
139,121
28,327
28,216
170,55
36,448
135,308
140,332
133,137
36,206
49,10
58,592
49,457
28,199
39,317
142,107
28,164
47,369
128,249
139,404
38,106
28,248
28,306
133,378
40,373
28,737
39,685
133,405
28,125
28,458
36,421
28,626
28,22
36,262
57,408
28,93
28,340
28,123
133,476
135,518
28,333
28,75
28,92
142,175
28,683
28,229
173,25
37,104
37,40
38,24
29,718
28,51
28,101
28,464
38,569
66,666
36,610
28,574
28,639
28,675
28,625
139,632
36,221
51,73
28,730
62,726
36,676
28,115
197,682
195,691
193,472
28,736
28,596
28,583
28,577
185,500
193,611
28,612
28,252
28,201
65,30
28,21
28,19
28,89
28,91
28,209
28,366
36,88
135,281
28,223
36,195
193,307
37,118
20,68
28,35
65,328
28,38
39,379
28,50
59,194
63,256
68,80
193,288
28,139
28,298
193,193
36,304
28,357
28,85
28,44
28,143
28,27
140,95
28,407
28,278
28,445
65,584
140,364
28,365
28,253
142,67
193,446
28,152
28,208
28,110
133,335
142,431
116,376
28,310
38,42
28,346
28,172
28,165
198,381
28,156
123,240
28,231
28,371
191,135
142,72
28,113
28,167
28,217
28,18
28,15
28,186
28,169
28,144
65,48
28,34
133,207
28,2
195,84
140,267
141,246
141,393
28,243
190,299
135,414
28,8
28,83
36,3
28,351
28,63
28,179
28,352
28,57
28,81
140,108
139,202
28,503
28,411
28,402
28,154
28,264
140,461
28,204
28,133
28,312
133,447
28,49
28,296
140,213
196,235
28,122
28,284
28,355
36,174
188,190
28,347
28,39
28,260
28,214
28,62
28,210
28,134
197,87
28,77
28,250
28,79
28,130
28,20
28,117
28,97
51,254
28,131
200,180
28,159
28,419
140,54
28,94
28,98
28,53
28,255
28,71
28,158
28,176
28,275
140,397
142,228
36,150
194,723
28,548
28,76
197,527
142,706
139,438
28,562
139,732
28,66
192,78
28,725
193,578
28,703
142,410
28,434
28,707
193,694
28,349
28,705
28,533
28,719
28,417
28,689
28,220
28,399
193,729
28,559
193,155
193,678
193,302
28,687
28,358
28,609
28,526
28,273
28,681
28,653
28,525
28,212
28,640
139,595
193,69
28,590
28,99
28,14
193,663
28,232
193,305
142,614
28,301
28,151
193,391
142,285
28,532
193,428
28,645
28,269
28,163
142,171
139,282
