61,135
37,167
3,130
15,219
12,278
97,276
60,223
143,192
47,162
36,325
146,201
139,287
112,343
70,265
46,299
23,319
6,235
25,382
38,341
27,141
13,123
25,182
14,381
6,304
22,395
55,418
13,378
38,448
34,222
6,298
14,349
60,449
138,396
42,87
105,406
113,76
138,455
23,405
12,364
14,397
27,311
70,458
25,463
72,473
138,467
55,13
72,36
25,215
138,153
13,344
138,432
97,438
29,371
97,322
6,279
47,216
138,194
54,307
72,294
143,121
142,208
20,470
104,421
51,474
47,54
138,6
55,52
72,303
12,138
78,224
138,380
138,433
55,63
51,110
138,331
131,379
78,315
51,35
142,353
13,246
78,321
138,360
72,317
78,392
72,146
138,372
130,269
24,180
142,460
70,387
29,206
78,189
13,273
45,383
72,231
72,357
142,242
39,476
78,258
40,237
138,184
138,106
142,103
72,115
40,114
142,156
78,295
72,89
138,462
104,339
138,61
11,176
138,79
142,97
142,197
24,165
26,318
49,227
54,290
49,270
91,388
12,301
127,400
138,284
40,232
70,267
138,347
20,257
78,183
125,332
11,209
11,255
26,291
54,217
125,327
72,384
72,158
96,456
54,239
70,316
127,359
79,305
6,8
79,342
70,60
98,401
138,336
70,323
79,187
70,233
70,252
54,157
114,101
70,124
70,296
142,171
138,72
142,49
12,179
147,127
71,109
125,57
9,113
79,37
142,166
138,147
125,86
138,45
54,111
70,82
138,186
138,102
11,33
79,168
70,71
142,51
40,320
55,66
138,75
100,172
54,408
127,12
142,454
142,361
78,466
138,338
138,414
23,160
83,459
16,354
13,461
125,434
79,11
91,425
47,377
70,398
142,435
20,285
11,328
70,90
125,196
70,281
70,253
40,211
70,203
85,272
72,329
91,247
142,429
70,345
70,245
39,236
72,370
72,373
113,148
91,261
142,251
40,250
125,404
51,170
70,243
121,326
125,140
94,205
15,260
26,221
142,126
72,154
78,155
47,14
86,293
142,375
138,202
39,42
125,297
70,367
142,175
54,362
142,145
12,210
40,150
88,151
70,200
39,161
70,83
101,96
70,207
54,213
39,137
70,214
70,330
138,104
70,108
54,59
142,313
11,85
142,47
142,95
79,136
70,228
70,68
80,44
14,300
40,366
125,363
56,457
142,465
11,444
100,346
142,259
50,283
70,144
82,142
40,174
62,314
125,193
49,149
125,164
91,262
60,356
70,185
40,81
79,92
142,107
70,229
49,129
125,70
11,84
11,352
142,77
142,99
39,351
70,306
91,58
142,139
138,248
70,119
120,152
125,238
72,181
142,374
54,254
96,302
128,134
143,310
76,169
91,451
39,427
33,73
54,67
115,26
16,46
72,178
79,391
105,266
142,440
98,424
142,422
125,348
138,416
102,7
106,478
138,32
39,280
125,1
70,376
142,275
70,439
70,389
72,446
104,407
142,472
19,218
11,204
11,241
141,264
39,274
135,105
142,100
31,177
126,282
143,125
125,368
108,442
70,34
69,369
142,420
59,355
132,244
30,98
77,234
78,249
101,337
148,324
39,308
81,402
89,212
11,292
142,413
103,65
137,56
70,195
75,230
119,9
11,415
73,94
70,394
40,15
43,277
70,286
106,118
99,120
70,436
54,417
70,64
62,78
149,74
122,220
104,426
94,477
129,271
125,410
87,365
142,334
7,335
37,412
84,288
142,112
66,132
21,464
55,256
98,431
1,358
45,173
124,268
133,131
115,447
70,468
17,199
142,289
141,471
39,445
32,163
70,430
117,27
130,21
64,80
139,423
35,93
11,191
15,50
11,69
44,240
134,122
47,39
60,159
48,5
123,31
8,40
43,23
92,263
58,4
13,225
57,411
150,312
52,469
53,190
27,399
70,333
10,437
11,62
107,128
95,198
144,390
70,25
48,30
18,24
109,17
63,55
57,143
2,450
41,385
4,419
67,41
9,20
65,428
11,133
122,117
132,226
6,453
53,91
5,53
28,43
140,48
118,22
142,18
74,88
116,116
147,16
84,38
145,188
142,309
110,403
11,29
68,340
136,350
111,441
11,393
16,3
92,452
9,443
64,19
110,28
93,386
35,2
90,409
50,475
60,10
