112,1288
67,1285
68,1229
90,1254
16,1294
93,1290
68,1302
96,1153
62,1242
62,1262
62,1292
67,1102
68,282
68,1185
111,1240
109,998
73,1197
67,1238
106,1300
111,1168
62,1174
68,1187
68,1303
105,1299
68,1210
67,1272
93,1280
14,645
68,1247
16,1271
67,1054
68,1037
68,238
68,613
102,670
98,1156
68,823
68,1189
92,1255
67,757
68,1276
90,1230
114,1307
15,1172
68,946
79,621
68,434
14,913
98,1219
68,685
16,860
68,1209
69,365
68,682
68,1148
66,956
98,1281
110,995
28,509
16,1109
68,636
67,1047
68,540
67,563
68,958
68,438
92,1184
103,405
98,651
62,1231
65,825
100,1139
68,528
67,1146
68,1186
68,1118
99,1092
67,845
67,925
15,1235
75,1130
91,1308
87,1261
68,1068
14,1074
68,700
74,1016
64,619
67,1266
111,921
67,982
91,1232
28,399
63,1076
68,417
16,1282
57,1151
15,1226
62,1287
69,853
99,1142
94,1049
98,379
105,288
86,1056
67,859
46,826
109,794
68,809
71,1190
68,1245
68,915
28,1160
62,1183
105,1202
69,666
97,591
91,1066
68,1220
28,353
101,467
106,616
28,635
68,862
41,833
104,800
68,485
68,1297
107,1257
78,1286
58,1234
22,1104
90,1162
28,1128
90,1216
17,691
28,751
98,448
68,964
69,708
28,866
28,1127
68,1144
52,1256
28,492
28,950
68,1199
68,1289
18,1295
28,1233
67,1277
28,1030
28,469
72,916
16,1205
16,941
28,1243
65,1225
28,345
76,1133
28,999
68,1081
67,1175
68,1293
43,1129
15,626
88,428
82,1201
35,1196
14,1070
28,1181
28,1284
90,1112
28,1131
68,502
68,1006
11,721
28,1000
83,1071
15,819
28,716
28,1055
68,962
89,1249
28,1052
68,1171
32,817
47,1214
68,1163
28,1032
28,326
3,1244
28,1122
28,799
68,523
28,877
28,697
68,1221
68,991
28,840
68,1173
68,1008
4,987
31,850
68,609
28,1278
28,1304
28,1157
98,949
28,801
28,1027
28,1119
28,1192
7,1105
28,1134
60,954
68,740
28,1028
99,977
21,679
28,899
28,208
28,297
82,906
28,805
28,765
28,934
28,1298
28,1296
67,1283
28,1301
28,1218
28,1228
28,544
28,161
28,1269
28,404
28,1018
65,886
90,611
28,443
28,959
28,1085
28,253
23,667
28,473
25,450
84,695
28,402
54,287
12,378
20,994
28,856
28,764
28,1087
29,1200
85,974
28,1147
28,930
28,631
38,1136
28,503
28,989
6,1023
28,815
28,1079
28,565
28,696
28,1152
98,975
28,1115
98,615
31,213
30,923
33,1050
28,395
28,1126
28,846
28,649
28,795
28,888
28,488
28,658
5,955
28,1239
28,1159
28,430
28,790
28,785
28,908
28,1241
28,383
28,1179
106,1188
28,1265
28,1258
28,984
28,1259
68,966
28,1203
28,706
63,1215
28,358
28,420
28,269
28,1043
28,919
28,1260
28,842
28,1044
28,654
1,407
28,1161
27,1072
28,331
28,185
28,477
28,394
68,910
28,603
81,396
28,624
28,577
28,735
28,699
28,980
28,914
16,607
28,971
28,324
28,836
28,944
28,802
28,755
28,928
28,715
70,1264
28,907
28,876
28,376
28,347
28,789
28,644
28,262
28,855
28,1154
28,705
28,1208
28,496
77,804
28,546
28,837
28,472
28,986
28,922
28,191
28,527
28,869
28,1073
28,236
28,254
28,759
28,973
32,320
28,357
28,549
28,798
28,863
28,676
28,532
44,316
28,444
28,895
68,838
49,688
28,243
10,662
28,366
28,988
28,215
28,1213
28,196
28,743
27,811
28,929
28,1123
28,1251
28,1270
28,604
28,981
28,722
14,963
28,1064
28,589
28,612
28,260
28,879
28,766
28,709
30,848
28,871
28,359
68,704
28,1167
28,1275
34,285
28,873
32,717
28,841
28,887
28,844
28,750
28,573
28,1077
28,538
28,812
28,931
28,594
28,1042
28,961
28,1057
28,336
28,632
28,249
28,574
28,1108
28,672
28,690
28,281
28,517
28,1021
28,1113
28,1191
28,1031
28,227
28,657
28,470
28,880
28,550
25,1083
28,1060
28,1194
28,1029
28,481
27,633
28,306
28,322
28,211
28,200
28,233
28,997
28,720
28,882
28,872
28,454
28,1124
106,663
28,1125
28,386
28,1279
28,978
26,1088
37,1141
25,453
28,1069
28,1250
28,380
27,1114
28,990
28,421
28,835
28,414
28,768
28,425
28,1246
28,1204
28,828
28,427
28,409
28,293
28,1001
28,460
28,356
28,1022
28,1003
81,993
98,1039
28,489
28,1010
28,520
28,796
28,329
68,1035
28,936
28,1099
28,767
28,983
28,318
28,729
28,397
28,752
28,687
28,1166
42,596
28,665
39,1121
28,1143
28,1075
28,1004
28,948
28,511
28,683
28,255
28,436
28,373
28,889
28,1135
28,480
28,821
28,622
113,728
28,416
28,967
28,1007
28,553
28,385
28,985
28,992
28,661
28,308
28,924
28,1116
28,797
32,733
28,564
28,774
28,1101
28,1176
28,419
28,222
28,300
28,363
28,898
28,338
28,829
28,507
28,1094
68,1137
28,933
28,599
83,937
28,656
28,461
28,225
28,491
28,277
28,1082
28,1045
28,874
28,1117
28,839
28,583
28,598
28,263
28,458
28,452
28,852
28,832
55,465
28,1053
28,957
28,1089
28,1149
28,335
28,951
68,769
28,431
28,814
68,782
28,349
28,433
36,628
28,266
69,398
28,142
28,157
33,680
28,593
28,432
28,555
28,343
28,578
28,568
28,515
28,572
28,466
28,439
28,793
28,206
28,543
28,271
28,435
28,370
28,242
28,235
40,352
28,602
28,518
28,557
28,146
28,938
28,451
28,884
68,508
28,495
28,777
28,423
28,671
28,120
28,145
28,762
28,745
28,711
28,702
28,810
28,1120
43,1046
28,1274
67,585
50,442
28,625
28,710
28,181
25,367
28,1180
28,787
28,1267
27,707
28,426
28,854
28,1019
28,415
28,581
28,535
28,344
28,1236
28,446
44,664
28,668
56,960
28,818
28,311
28,784
28,1038
28,1017
28,917
28,1111
28,1103
28,1252
28,552
28,542
28,1065
28,834
28,1150
28,1106
28,736
28,1014
28,703
28,808
28,422
28,355
28,806
28,424
28,1158
28,1237
28,516
28,279
28,510
28,659
28,410
28,412
28,501
28,223
28,372
28,524
28,459
28,342
28,730
32,878
28,497
28,827
28,1012
28,561
28,1227
28,234
28,533
28,483
28,783
28,776
28,1090
28,1178
28,775
28,259
28,870
28,830
28,570
28,713
28,327
28,1061
28,996
28,1140
28,885
28,881
28,362
28,559
28,674
28,820
28,911
28,935
28,901
28,1212
28,970
28,280
64,1051
28,525
28,1211
28,1005
28,296
28,354
28,478
28,246
28,900
28,113
28,560
28,303
28,732
32,307
28,231
28,455
28,731
28,861
108,726
28,1020
28,788
28,1198
25,298
33,779
28,610
28,953
28,851
28,1011
28,479
28,1132
28,725
28,675
68,447
28,741
28,896
28,1086
32,150
28,237
28,401
28,531
28,512
28,694
28,268
28,361
28,244
28,494
28,382
28,325
28,608
28,1033
28,539
28,332
28,758
28,292
28,218
28,229
28,152
28,718
28,575
28,723
28,673
28,772
27,341
28,681
28,927
28,778
28,754
28,1067
28,1138
28,1059
28,647
28,413
28,567
28,232
28,822
28,920
28,791
28,1080
28,351
27,639
28,744
28,623
28,945
28,640
28,1025
28,875
28,334
28,617
28,348
28,712
28,317
28,556
28,1096
28,1110
28,1155
28,698
28,943
28,952
28,1002
28,387
28,883
28,1036
28,865
28,734
28,1164
28,748
28,1058
28,212
28,660
28,1224
28,475
28,456
28,346
28,701
28,780
28,390
28,267
28,595
28,505
28,641
28,605
28,600
28,597
28,286
28,646
28,500
28,620
28,965
28,193
28,289
28,388
28,562
28,643
28,807
23,771
28,739
28,669
28,763
28,571
28,693
77,918
28,530
28,304
28,381
28,498
28,278
28,137
28,868
28,727
28,677
28,369
28,590
28,947
28,197
28,159
28,642
28,537
28,847
28,686
28,894
28,592
28,714
28,513
28,514
28,295
28,174
53,1024
28,1026
28,968
28,719
28,283
28,265
28,339
45,761
28,309
28,749
28,738
28,153
32,411
95,313
27,892
28,566
28,134
28,781
28,301
28,258
28,226
28,241
28,652
28,857
28,123
28,1009
28,178
28,59
28,476
28,1040
28,391
28,93
28,190
28,330
28,1177
28,891
28,471
28,172
28,1182
28,792
28,221
28,692
28,1195
28,1034
28,291
28,770
28,678
28,1098
28,773
98,1015
19,909
28,554
80,547
28,1100
28,449
28,932
28,586
28,526
28,482
28,429
28,1165
28,207
28,315
28,418
28,979
28,580
28,558
28,653
28,905
28,601
28,490
28,210
28,545
28,276
28,1091
28,393
28,171
28,831
28,522
39,333
28,816
28,893
59,541
28,389
28,618
28,536
51,684
28,824
28,484
28,637
28,867
28,519
28,323
28,360
28,474
28,1248
28,228
28,310
28,182
28,529
28,849
28,813
28,588
28,926
28,499
28,305
28,843
28,1169
28,441
28,368
28,194
28,655
28,437
28,1084
28,290
28,753
28,340
28,912
28,141
28,256
28,1253
28,1305
28,1291
92,1306
28,274
28,400
28,204
28,273
28,468
28,638
28,445
28,904
28,786
28,384
28,803
28,314
28,689
28,737
28,760
28,408
28,364
28,534
28,187
28,902
28,747
28,1041
28,587
28,275
28,1063
28,634
28,746
33,464
28,1273
28,440
28,247
28,462
28,406
28,582
61,169
28,858
28,1097
28,245
28,1268
28,1223
28,1062
28,252
28,220
28,132
28,940
28,149
28,463
28,969
20,506
25,1217
28,261
28,96
28,156
28,328
28,155
28,60
28,30
28,5
28,51
28,80
28,180
28,98
28,166
28,44
48,28
28,85
28,48
28,392
28,170
28,136
28,606
28,1312
28,1309
28,1310
28,1316
28,1314
28,1315
28,1313
28,1319
112,1318
28,125
75,504
28,371
23,648
28,627
28,165
28,897
28,107
28,188
28,1078
28,375
28,264
28,284
65,214
28,1193
28,1206
28,1263
28,312
28,192
28,203
28,177
28,377
28,251
28,976
28,630
28,144
28,250
28,890
28,650
28,569
28,199
28,202
28,201
28,164
28,50
28,205
28,95
28,576
28,579
28,1207
28,124
28,614
28,175
28,139
28,374
28,52
28,23
28,13
28,65
28,756
28,61
83,84
28,109
28,162
28,54
28,14
28,7
28,1325
28,25
28,47
28,76
28,34
28,319
28,1170
28,186
28,128
28,148
28,493
28,112
28,32
28,403
28,195
28,33
28,127
28,1330
28,22
68,45
28,1321
28,3
28,29
28,119
28,176
28,299
28,147
28,63
28,548
28,183
28,217
28,198
28,111
28,37
28,55
28,75
28,73
28,41
28,38
28,1335
28,1320
28,189
9,66
28,1329
28,86
28,143
28,2
28,12
28,26
28,163
28,79
28,91
28,106
28,31
28,18
8,62
68,40
28,230
28,78
28,151
28,64
28,89
28,74
28,629
28,584
28,1327
38,1328
28,100
28,116
28,53
28,140
92,71
24,158
28,1107
28,239
28,56
28,88
28,724
28,302
28,94
28,337
28,11
28,1334
28,1324
28,99
28,114
28,10
28,9
28,21
28,1331
28,70
28,154
28,110
28,87
28,17
28,224
28,168
28,486
28,321
28,551
28,1145
28,179
30,248
28,257
28,81
28,1095
28,160
28,864
28,350
28,130
28,46
28,942
2,131
28,97
28,972
28,1048
28,216
23,105
28,939
28,272
28,209
28,487
25,270
28,103
28,138
28,36
28,49
28,1311
28,69
28,57
28,101
28,219
28,77
28,72
28,121
28,35
28,122
28,19
28,457
28,294
30,24
28,115
28,104
28,126
28,68
28,742
28,129
28,20
28,15
28,1333
28,90
28,1323
28,58
28,1326
30,1336
30,1
28,1093
28,521
13,16
13,108
98,43
13,42
13,173
13,133
13,4
13,240
95,135
13,118
13,82
68,92
68,1332
94,1222
110,1013
62,39
68,67
112,6
69,27
69,1317
68,903
68,1322
62,102
92,8
111,117
62,167
68,83
112,184
