109,667
91,680
26,672
6,649
90,652
112,651
80,634
44,671
68,669
92,660
57,510
80,656
14,631
87,647
102,598
88,594
27,682
62,107
101,515
59,405
70,138
59,474
68,481
8,519
87,507
29,552
87,639
44,646
67,495
53,617
72,553
3,658
91,616
53,527
99,584
110,543
14,535
84,654
83,583
44,558
38,636
64,664
52,608
74,655
59,666
69,653
16,629
46,676
44,599
72,560
1,601
44,358
59,644
59,446
60,678
44,71
84,633
91,588
29,145
52,395
32,234
24,550
110,426
44,485
114,430
35,429
44,374
91,302
110,129
110,308
44,327
44,416
44,82
65,257
42,8
30,52
12,489
105,152
44,143
44,421
74,587
44,612
16,579
59,623
104,565
44,90
73,486
7,600
32,452
44,378
27,534
95,549
14,352
89,195
9,432
110,353
44,454
99,417
26,473
38,546
44,363
36,330
2,216
59,228
43,427
36,491
44,536
94,453
9,410
53,400
79,541
91,334
56,350
73,555
24,595
10,663
44,637
2,650
51,643
44,563
30,657
44,508
63,681
44,662
42,372
83,626
44,404
8,590
44,513
73,465
91,478
44,447
91,246
104,611
29,613
99,554
5,580
44,566
93,529
110,568
44,476
91,597
44,591
30,551
44,521
36,574
64,573
82,562
31,585
23,511
49,537
44,412
97,632
97,592
13,576
12,578
31,610
40,642
44,615
42,487
42,533
44,530
9,497
4,455
22,544
44,556
54,630
48,531
110,456
83,479
20,268
80,517
76,282
57,422
91,444
44,509
69,351
44,218
44,329
92,326
40,420
83,451
22,518
44,461
101,394
88,528
80,437
53,324
38,548
95,213
91,202
25,645
91,624
27,496
44,460
29,226
86,545
45,204
91,356
47,377
108,127
44,270
58,159
44,217
46,73
42,249
44,291
34,449
42,337
30,72
44,40
68,442
44,459
44,64
59,364
44,419
44,101
44,439
14,609
43,577
32,561
30,606
6,684
55,532
59,618
44,538
52,614
44,581
44,525
9,559
44,539
44,540
86,214
44,677
20,635
15,564
44,607
41,596
43,431
44,492
44,665
110,409
91,297
42,406
59,141
44,462
44,340
47,488
44,522
104,418
14,467
103,475
44,307
91,493
59,381
44,296
44,231
42,120
44,285
28,277
30,391
9,56
42,211
59,524
50,122
44,362
100,271
44,498
91,298
44,503
44,247
47,463
57,86
92,441
43,567
44,28
44,283
55,317
43,266
44,506
47,117
44,184
44,433
28,361
44,483
44,336
53,342
44,322
44,345
2,79
44,280
59,241
66,436
43,178
10,259
44,237
44,162
44,132
39,424
96,256
21,411
44,80
82,371
56,97
106,229
113,166
44,390
44,413
110,325
91,526
1,179
17,286
59,457
37,67
58,466
42,490
44,393
33,575
59,369
44,379
110,471
44,176
91,289
44,398
44,253
44,232
44,512
49,621
44,49
44,288
42,240
59,207
90,276
44,320
43,124
44,542
44,458
58,335
90,239
44,469
15,220
44,354
57,105
6,294
44,279
71,375
110,275
59,470
109,435
44,382
44,384
44,401
44,516
43,161
59,263
44,206
47,386
44,316
11,209
92,125
44,258
44,75
44,331
44,370
48,244
19,160
98,198
59,48
44,205
42,248
44,357
44,494
48,200
44,281
43,272
110,168
44,365
44,373
44,151
98,328
44,265
42,119
35,227
42,43
110,60
42,30
5,188
101,110
56,34
44,438
44,287
75,167
44,238
44,434
44,181
85,158
81,41
44,189
76,100
44,299
42,304
59,113
111,389
44,224
44,278
44,501
77,675
35,679
44,619
44,245
44,500
44,480
44,520
110,686
91,640
44,628
44,589
44,502
44,45
44,402
44,104
44,20
59,319
44,53
101,255
44,332
44,355
91,225
44,22
44,292
44,313
44,685
44,368
41,423
42,54
44,84
44,348
53,215
44,586
91,264
44,55
44,338
91,203
44,315
18,482
44,11
44,273
110,174
44,343
107,499
44,66
44,408
44,383
44,468
44,208
44,472
44,146
43,106
44,102
44,314
44,89
44,61
44,221
110,318
44,261
44,210
44,121
35,222
43,144
42,76
44,157
34,149
44,26
44,196
44,59
44,135
18,284
44,260
44,91
59,17
44,194
58,3
44,99
110,235
44,171
44,301
44,445
44,477
44,366
44,47
44,83
44,312
44,115
47,62
44,192
44,183
44,165
44,150
61,37
59,93
59,219
59,13
44,251
99,341
110,236
44,77
44,156
44,155
44,295
44,116
44,359
44,230
44,109
91,163
44,262
42,95
44,128
44,24
44,4
59,223
44,344
44,387
110,137
44,88
44,290
44,118
44,103
44,311
44,51
44,32
44,164
44,68
44,415
44,133
44,175
44,33
44,191
44,254
44,112
44,193
44,243
43,428
44,199
44,269
44,131
44,323
110,440
44,443
44,310
44,58
44,2
44,142
44,514
44,333
44,5
44,339
110,274
44,10
44,360
44,180
44,139
44,16
44,186
44,94
44,108
44,380
44,367
44,153
108,154
110,92
110,190
110,300
44,136
44,35
44,98
44,504
44,267
44,425
44,19
44,185
44,388
110,134
44,250
44,85
44,252
59,15
44,25
44,27
59,14
44,233
44,197
44,38
110,57
44,396
44,126
44,182
44,170
44,39
44,148
44,303
44,78
110,87
110,114
110,130
113,50
44,31
44,44
44,81
44,392
44,638
44,407
44,173
44,399
44,111
44,7
44,172
44,12
44,187
59,397
110,212
44,9
110,23
44,177
44,46
110,346
44,21
109,42
59,147
44,123
44,18
44,293
44,74
44,29
44,140
44,604
44,376
44,622
78,347
44,670
59,523
111,464
44,661
44,321
44,602
44,582
44,96
44,36
110,683
44,69
44,625
44,570
44,448
44,659
44,648
44,414
44,63
44,620
44,385
110,603
44,572
110,593
44,309
44,505
44,484
44,668
44,674
44,547
110,169
44,571
110,242
44,557
44,70
106,641
110,403
59,627
44,349
44,1
44,569
59,201
44,6
44,305
44,673
110,450
44,605
59,306
59,65
