56,667
48,680
15,672
4,649
48,652
57,651
43,634
23,671
36,669
48,660
27,510
43,656
9,631
46,647
53,598
47,594
15,682
31,107
52,515
28,405
38,138
28,474
36,481
6,519
46,507
17,552
46,639
23,646
35,495
23,617
39,553
2,658
48,616
23,527
51,584
56,543
9,535
45,654
44,583
23,558
21,636
32,664
23,608
40,655
28,666
37,653
10,629
23,676
23,599
39,560
1,601
23,358
28,644
28,446
29,678
23,71
45,633
48,588
17,145
23,395
18,234
14,550
56,426
23,485
59,430
19,429
23,374
48,302
56,129
56,308
23,327
23,416
23,82
33,257
23,8
17,52
9,489
54,152
23,143
23,421
40,587
23,612
10,579
28,623
53,565
23,90
39,486
5,600
18,452
23,378
15,534
50,549
9,352
47,195
6,432
56,353
23,454
51,417
15,473
21,546
23,363
20,330
1,216
28,228
23,427
20,491
23,536
49,453
6,410
23,400
42,541
48,334
26,350
39,555
14,595
7,663
23,637
1,650
23,643
23,563
17,657
23,508
31,681
23,662
23,372
44,626
23,404
6,590
23,513
39,465
48,478
23,447
48,246
53,611
17,613
51,554
4,580
23,566
48,529
56,568
23,476
48,597
23,591
17,551
23,521
20,574
32,573
44,562
17,585
13,511
23,537
23,412
50,632
50,592
9,576
9,578
17,610
22,642
23,615
23,487
23,533
23,530
6,497
3,455
13,544
23,556
24,630
23,531
56,456
44,479
12,268
43,517
41,282
27,422
48,444
23,509
37,351
23,218
23,329
48,326
22,420
44,451
13,518
23,461
52,394
47,528
43,437
23,324
21,548
50,213
48,202
14,645
48,624
15,496
23,460
17,226
46,545
23,204
48,356
23,377
56,127
23,270
27,159
23,217
23,73
23,249
23,291
19,449
23,337
17,72
23,40
36,442
23,459
23,64
28,364
23,419
23,101
23,439
9,609
23,577
18,561
17,606
4,684
25,532
28,618
23,538
23,614
23,581
23,525
6,559
23,539
23,540
46,214
23,677
12,635
9,564
23,607
22,596
23,431
23,492
23,665
56,409
48,297
23,406
28,141
23,462
23,340
23,488
23,522
53,418
9,467
53,475
23,307
48,493
28,381
23,296
23,231
23,120
23,285
16,277
17,391
6,56
23,211
28,524
23,122
23,362
51,271
23,498
48,298
23,503
23,247
23,463
27,86
48,441
23,567
23,28
23,283
25,317
23,266
23,506
23,117
23,184
23,433
16,361
23,483
23,336
23,342
23,322
23,345
1,79
23,280
28,241
34,436
23,178
7,259
23,237
23,162
23,132
21,424
50,256
12,411
23,80
44,371
26,97
55,229
58,166
23,390
23,413
56,325
48,526
1,179
10,286
28,457
20,67
27,466
23,490
23,393
18,575
28,369
23,379
56,471
23,176
48,289
23,398
23,253
23,232
23,512
23,621
23,49
23,288
23,240
28,207
48,276
23,320
23,124
23,542
23,458
27,335
48,239
23,469
9,220
23,354
27,105
4,294
23,279
38,375
56,275
28,470
56,435
23,382
23,384
23,401
23,516
23,161
28,263
23,206
23,386
23,316
8,209
48,125
23,258
23,75
23,331
23,370
23,244
11,160
50,198
28,48
23,205
23,248
23,357
23,494
23,200
23,281
23,272
56,168
23,365
23,373
23,151
50,328
23,265
23,119
19,227
23,43
56,60
23,30
4,188
52,110
26,34
23,438
23,287
40,167
23,238
23,434
23,181
45,158
43,41
23,189
41,100
23,299
23,304
28,113
56,389
23,224
23,278
23,501
41,675
19,679
23,619
23,245
23,500
23,480
23,520
56,686
48,640
23,628
23,589
23,502
23,45
23,402
23,104
23,20
28,319
23,53
52,255
23,332
23,355
48,225
23,22
23,292
23,313
23,685
23,368
22,423
23,54
23,84
23,348
23,215
23,586
48,264
23,55
23,338
48,203
23,315
11,482
23,11
23,273
56,174
23,343
55,499
23,66
23,408
23,383
23,468
23,208
23,472
23,146
23,106
23,102
23,314
23,89
23,61
23,221
56,318
23,261
23,210
23,121
19,222
23,144
23,76
23,157
19,149
23,26
23,196
23,59
23,135
11,284
23,260
23,91
28,17
23,194
27,3
23,99
56,235
23,171
23,301
23,445
23,477
23,366
23,47
23,83
23,312
23,115
23,62
23,192
23,183
23,165
23,150
30,37
28,93
28,219
28,13
23,251
51,341
56,236
23,77
23,156
23,155
23,295
23,116
23,359
23,230
23,109
48,163
23,262
23,95
23,128
23,24
23,4
28,223
23,344
23,387
56,137
23,88
23,290
23,118
23,103
23,311
23,51
23,32
23,164
23,68
23,415
23,133
23,175
23,33
23,191
23,254
23,112
23,193
23,243
23,428
23,199
23,269
23,131
23,323
56,440
23,443
23,310
23,58
23,2
23,142
23,514
23,333
23,5
23,339
56,274
23,10
23,360
23,180
23,139
23,16
23,186
23,94
23,108
23,380
23,367
23,153
56,154
56,92
56,190
56,300
23,136
23,35
23,98
23,504
23,267
23,425
23,19
23,185
23,388
56,134
23,250
23,85
23,252
28,15
23,25
23,27
28,14
23,233
23,197
23,38
56,57
23,396
23,126
23,182
23,170
23,39
23,148
23,303
23,78
56,87
56,114
56,130
58,50
23,31
23,44
23,81
23,392
23,638
23,407
23,173
23,399
23,111
23,7
23,172
23,12
23,187
28,397
56,212
23,9
56,23
23,177
23,46
56,346
23,21
56,42
28,147
23,123
23,18
23,293
23,74
23,29
23,140
23,604
23,376
23,622
41,347
23,670
28,523
56,464
23,661
23,321
23,602
23,582
23,96
23,36
56,683
23,69
23,625
23,570
23,448
23,659
23,648
23,414
23,63
23,620
23,385
56,603
23,572
56,593
23,309
23,505
23,484
23,668
23,674
23,547
56,169
23,571
56,242
23,557
23,70
55,641
56,403
28,627
23,349
23,1
23,569
28,201
23,6
23,305
23,673
56,450
23,605
28,306
28,65
