5,462
5,334
5,437
5,570
6,596
5,564
5,213
5,405
5,374
5,419
6,415
5,357
5,403
5,396
5,295
5,291
5,394
5,414
5,603
5,527
5,493
5,263
5,382
5,439
5,339
5,387
5,363
5,255
5,207
5,337
5,362
5,408
5,298
5,401
5,253
5,356
5,384
5,413
5,368
5,317
5,286
5,325
5,389
5,488
5,432
5,297
5,257
5,379
6,388
5,311
5,573
5,453
6,391
5,509
5,407
5,380
5,395
5,134
5,423
5,463
6,305
5,179
6,233
5,468
5,404
5,452
5,461
5,321
5,443
6,445
5,385
5,381
5,429
5,377
5,544
5,517
5,543
3,434
5,557
5,524
6,569
6,538
5,539
5,560
5,568
5,498
5,410
5,265
5,276
5,520
5,326
5,549
5,536
5,597
5,446
6,608
5,282
5,307
5,426
7,537
6,571
5,598
6,360
6,402
5,607
6,440
6,427
6,430
5,469
6,361
6,567
5,559
5,555
5,599
6,457
5,575
6,578
5,422
5,167
5,260
5,482
6,467
6,523
5,474
6,518
5,460
6,485
6,466
6,484
6,478
5,476
10,458
6,604
6,616
5,398
5,561
5,358
6,315
6,438
6,456
5,546
5,565
5,455
6,352
6,448
6,375
6,424
5,487
6,450
5,181
5,617
5,470
6,428
5,320
6,481
6,601
6,581
6,412
6,496
6,500
6,505
6,610
5,492
6,591
5,586
6,503
6,605
6,472
6,519
6,522
5,441
6,347
5,247
6,587
5,600
6,525
6,589
6,313
6,551
6,308
6,281
6,563
6,491
5,324
5,494
5,431
6,535
6,506
6,489
6,471
6,486
6,531
6,270
6,508
5,365
6,582
6,261
6,572
6,206
6,333
6,201
6,444
6,238
6,532
5,244
6,515
6,228
6,590
6,274
6,275
6,293
5,214
6,550
6,355
6,300
6,367
6,376
6,372
6,553
6,230
6,222
6,310
6,198
6,435
6,383
6,169
6,287
6,548
6,272
6,386
6,204
6,306
6,364
6,335
6,354
6,359
6,514
6,199
5,436
6,323
6,399
6,177
6,235
6,328
6,521
6,547
6,196
6,256
6,417
6,301
6,187
6,231
6,353
6,421
6,473
6,454
6,344
6,219
6,322
6,397
6,371
6,400
6,237
6,449
6,366
6,451
6,442
5,285
6,176
6,545
6,269
6,280
6,409
6,416
6,172
6,420
5,192
5,223
6,392
6,530
6,507
6,585
6,584
6,528
6,574
6,350
6,533
6,369
4,592
6,162
6,343
6,232
6,259
6,346
6,224
6,211
6,502
6,227
6,266
6,327
6,243
6,252
6,378
6,197
6,290
6,215
6,248
6,314
6,336
6,342
6,296
6,288
6,338
6,370
6,168
6,225
6,229
6,279
6,292
6,341
6,318
6,526
6,241
6,249
6,110
6,216
6,283
6,475
6,542
6,299
6,490
6,351
6,240
6,303
6,656
6,330
6,329
6,316
6,319
6,294
6,271
6,579
6,529
6,411
6,497
6,309
6,390
6,234
6,312
6,254
6,264
6,418
6,111
6,251
6,149
6,146
6,128
6,138
6,178
6,191
6,166
6,96
6,593
6,103
6,139
6,144
6,217
6,210
6,208
6,194
6,158
6,153
5,159
6,157
6,140
6,104
6,566
6,101
6,130
6,556
6,125
6,480
6,106
6,145
6,425
6,459
6,107
6,245
6,332
6,331
6,203
6,189
4,477
6,117
6,170
6,302
6,115
6,349
6,273
6,122
6,226
6,513
6,340
6,501
6,594
6,595
6,534
6,611
6,161
6,156
6,221
6,123
6,180
6,188
6,127
6,108
6,82
6,588
6,160
6,70
6,541
6,193
6,202
6,183
6,209
6,246
6,133
6,174
6,200
6,182
6,348
6,433
6,464
6,583
6,465
6,554
6,576
6,602
6,606
6,147
6,218
6,483
6,53
6,447
6,504
6,552
6,609
6,540
6,580
6,577
6,258
6,406
6,615
6,612
6,620
6,619
6,63
6,499
6,129
6,562
6,164
6,81
6,61
6,190
6,236
6,155
6,220
6,5
6,11
6,49
6,284
6,345
6,479
6,510
6,653
6,495
6,262
6,267
6,242
6,250
6,660
6,558
6,304
6,34
6,32
6,126
6,12
6,18
6,77
6,25
6,23
6,95
6,47
6,36
6,88
6,121
6,31
6,33
6,118
6,87
6,175
6,185
6,69
6,28
6,30
6,114
6,72
6,119
6,20
6,19
4,85
3,26
6,24
6,98
6,56
4,38
6,21
6,22
6,86
6,43
6,73
6,75
6,65
6,44
6,79
6,74
6,116
6,105
6,55
6,58
6,135
6,93
6,154
6,165
6,57
6,278
6,212
6,124
6,137
6,52
6,120
6,68
6,71
6,143
6,60
6,163
6,195
6,39
6,59
6,268
6,131
6,92
6,91
6,67
6,42
6,64
6,89
6,6
6,3
6,14
6,99
6,41
6,35
6,141
6,7
6,9
6,16
6,136
6,277
6,15
6,8
6,50
6,90
6,48
6,184
6,51
6,37
6,1
6,2
6,4
6,13
6,46
6,151
6,171
6,186
6,173
6,239
6,29
6,27
6,112
6,97
6,66
6,83
6,152
6,17
6,10
6,76
6,54
6,373
6,142
6,150
6,113
6,205
6,148
6,80
6,102
6,109
6,40
6,62
6,94
6,84
6,45
4,655
4,659
6,393
6,650
6,613
3,649
6,516
6,289
4,647
9,621
9,614
9,511
9,100
9,636
8,622
9,626
8,632
9,634
9,642
9,624
9,633
9,646
9,623
9,631
8,635
8,641
8,643
8,630
9,628
9,625
9,648
8,638
8,644
9,640
4,627
8,645
4,639
4,629
3,637
2,132
6,662
1,661
5,652
6,658
1,657
2,654
4,618
6,651
2,512
2,78
