23,753
22,746
24,76
14,762
17,775
24,512
21,668
27,486
17,706
22,696
29,758
29,699
5,780
16,260
5,711
20,691
10,499
16,796
26,45
27,130
5,206
14,89
12,669
33,632
29,735
21,703
28,724
28,790
14,756
28,782
10,754
15,169
3,777
5,716
28,759
29,761
13,123
4,755
17,774
14,663
22,661
24,788
27,583
19,511
28,739
12,694
10,577
14,690
32,606
4,752
14,767
21,747
36,685
14,383
29,766
12,63
16,713
4,468
17,127
27,679
24,741
10,750
28,672
11,619
28,727
36,742
13,693
11,722
27,717
35,714
24,528
11,504
29,608
12,660
12,510
28,605
28,698
11,728
21,634
24,635
29,526
1,574
24,502
5,417
27,372
30,537
32,473
24,432
28,544
11,282
21,589
21,337
11,557
27,224
27,710
10,721
14,626
28,385
28,529
29,405
26,395
24,426
29,617
17,595
28,671
7,552
25,515
29,666
4,667
36,551
4,615
27,603
21,683
19,522
5,569
12,680
36,505
11,627
14,516
11,723
24,686
29,466
28,719
4,725
29,689
24,637
28,564
24,568
21,286
28,306
16,464
16,453
32,436
28,313
16,28
22,329
21,77
22,218
29,268
29,494
29,440
29,514
29,449
24,769
21,378
21,65
21,783
29,598
5,700
21,625
29,720
29,654
25,662
24,452
28,597
12,256
22,438
25,105
9,240
37,673
12,590
29,612
23,638
26,533
4,622
36,565
26,563
29,664
28,506
4,670
21,692
21,675
29,348
28,541
26,381
29,459
11,584
24,618
16,548
5,546
33,650
3,384
27,408
22,358
21,312
11,779
5,27
31,642
26,718
21,441
27,740
28,592
29,300
29,518
28,227
28,211
27,628
28,213
2,99
9,443
27,639
4,677
3,35
36,155
29,392
28,195
29,98
29,174
9,30
16,462
28,237
29,393
28,422
27,226
26,542
12,298
5,376
28,294
29,305
17,580
31,198
18,331
18,336
28,134
27,192
28,315
28,196
31,682
25,540
29,591
18,148
23,391
17,271
29,547
31,567
5,653
28,704
27,418
26,280
28,630
29,415
21,463
4,687
19,594
29,357
27,360
33,434
29,550
11,629
11,536
5,490
21,368
18,140
22,520
13,125
28,302
21,458
36,11
24,100
28,517
14,141
5,343
17,480
18,308
21,325
24,461
11,245
28,623
32,531
11,364
29,497
24,521
10,534
27,684
16,460
4,601
20,620
9,543
29,715
29,139
29,420
28,212
16,142
17,610
16,651
28,586
4,151
24,425
14,423
5,508
34,73
27,401
25,347
28,539
27,498
24,399
27,561
28,538
29,640
28,621
29,487
29,475
21,649
21,562
28,575
28,571
29,611
29,316
22,648
11,633
36,712
28,442
28,613
21,407
28,350
29,409
27,554
11,410
8,489
4,122
6,176
4,448
29,607
24,501
29,695
12,614
36,532
29,446
28,560
29,301
28,194
29,205
15,207
12,162
29,582
28,335
28,168
4,143
24,208
4,369
29,103
27,588
29,573
29,397
36,281
33,555
29,248
28,307
16,344
29,108
4,25
4,332
11,279
4,362
4,230
27,55
29,12
28,363
29,530
29,323
11,81
29,373
29,513
29,545
25,328
23,527
20,173
29,375
29,152
29,394
11,219
28,359
29,604
20,479
29,341
28,587
25,299
28,330
9,241
25,234
28,370
21,471
28,600
28,503
28,412
3,636
4,467
4,658
4,674
4,193
29,470
28,36
28,8
29,201
28,20
25,246
29,214
18,69
29,435
4,292
29,437
14,295
4,225
11,197
28,317
4,238
29,356
28,112
29,94
29,297
26,60
29,95
36,183
21,342
29,43
4,85
28,191
29,274
14,215
29,189
38,164
28,175
29,101
36,19
29,167
28,411
5,239
4,760
36,652
11,86
4,396
28,365
4,380
29,107
27,229
28,153
27,377
28,158
24,456
28,293
28,483
29,137
28,172
4,252
5,52
29,190
31,304
29,303
28,257
4,314
18,146
28,171
28,92
5,91
16,382
25,79
4,414
29,185
28,145
29,147
29,265
28,113
29,150
28,7
4,129
28,242
29,26
28,138
36,309
29,477
29,157
36,184
28,41
3,10
29,136
4,254
22,2
9,126
29,154
29,61
16,266
4,3
25,144
36,71
4,128
28,272
29,439
7,178
29,121
29,102
4,643
4,339
5,324
28,83
24,80
4,88
29,296
29,288
28,259
36,6
29,42
28,495
29,232
28,163
28,1
28,366
4,4
29,261
8,29
28,119
28,519
28,289
29,419
28,51
28,48
28,402
29,22
28,54
14,40
29,97
29,333
28,32
11,578
5,602
4,131
28,135
29,57
28,132
28,18
29,14
29,179
29,275
28,349
29,283
5,455
29,481
28,285
29,210
29,59
29,104
28,9
28,263
29,39
28,284
29,220
28,5
29,233
28,264
4,223
29,222
28,398
28,576
4,451
29,231
29,253
20,374
28,16
4,556
4,277
29,367
29,244
29,44
28,114
28,353
28,318
5,90
29,120
28,186
28,523
4,249
29,118
36,68
29,93
28,64
29,404
18,267
28,250
15,310
4,361
28,430
4,177
29,72
28,371
28,78
5,270
29,273
29,31
29,47
28,62
28,17
29,96
28,161
36,74
29,334
28,46
4,156
28,116
28,23
4,75
29,56
29,216
15,326
28,255
29,67
28,37
28,478
29,278
28,159
4,209
29,379
29,200
28,509
29,319
29,235
28,447
36,221
28,228
28,188
28,702
29,49
29,269
28,133
29,87
4,428
28,688
28,581
28,596
28,389
29,655
29,553
36,599
28,549
29,641
28,570
28,124
29,646
28,579
28,388
28,676
29,624
4,678
28,705
24,287
36,482
35,387
4,525
36,491
29,492
29,485
28,558
29,400
30,406
29,416
28,390
4,465
5,665
5,450
29,165
5,322
28,496
28,320
28,170
28,354
28,352
4,431
28,58
28,243
28,340
28,559
28,444
28,609
28,457
28,403
29,507
28,276
4,476
28,38
4,202
28,351
28,355
36,433
29,111
28,109
29,338
28,50
28,182
29,203
4,33
28,386
28,474
28,795
28,701
28,781
28,262
29,792
28,794
5,793
28,770
28,290
28,115
5,524
31,34
28,13
29,21
4,15
28,708
36,797
5,737
5,736
28,180
28,786
29,773
28,745
28,771
29,734
28,709
28,731
28,772
28,251
28,743
28,236
28,748
28,749
28,798
28,787
36,445
28,187
28,217
36,732
36,493
5,566
5,657
36,656
5,454
28,427
5,585
5,535
36,659
28,697
28,149
28,84
28,789
5,321
6,744
5,488
28,106
28,199
5,82
5,751
28,429
36,616
28,785
28,593
28,778
28,469
28,765
36,484
28,738
28,204
30,311
28,733
28,726
36,327
36,729
36,345
28,258
28,730
36,707
28,631
5,768
5,500
5,644
5,791
28,110
28,681
36,166
28,764
36,424
28,757
28,413
5,647
28,784
28,472
36,763
36,776
5,572
5,66
28,53
5,117
28,645
36,70
5,247
5,346
5,181
5,24
28,291
5,421
5,160
