36,833
29,565
81,831
40,845
61,640
95,769
78,767
29,682
29,739
21,713
20,797
28,832
85,732
44,762
61,691
25,642
29,756
97,795
29,367
77,711
2,776
61,810
36,671
39,607
91,747
72,822
24,318
61,494
99,669
19,853
24,847
32,818
36,751
71,114
93,687
50,793
99,731
96,608
10,559
11,645
32,707
32,353
35,839
56,771
91,543
61,750
57,723
29,322
33,689
78,763
32,817
82,714
35,709
49,802
29,676
33,746
69,653
89,598
29,573
75,184
49,748
96,179
9,782
53,638
25,675
33,571
33,761
28,579
99,595
61,485
84,304
72,646
72,719
90,778
96,619
86,672
73,615
82,734
35,555
96,764
28,774
38,848
61,668
61,677
92,216
38,212
13,695
45,685
91,305
28,820
68,605
32,686
35,826
29,787
84,841
84,789
61,825
47,819
61,840
17,704
50,416
83,792
96,850
50,829
39,575
44,790
74,712
61,814
29,737
33,740
38,532
40,170
96,568
29,588
97,48
28,550
40,566
29,754
74,547
61,843
32,718
32,725
51,816
87,849
61,806
32,661
34,842
35,437
89,824
24,429
29,652
27,462
28,259
32,518
88,94
28,524
52,19
34,109
72,479
48,478
32,567
33,9
94,326
29,246
95,604
11,618
36,692
97,226
26,422
60,558
98,766
61,267
86,639
65,445
94,800
82,17
61,378
83,727
24,418
43,770
33,328
100,706
49,384
101,374
35,253
61,643
29,234
53,345
28,854
29,670
37,830
22,59
33,131
79,681
9,745
70,852
90,696
61,834
29,779
34,773
61,637
11,708
80,610
29,683
31,512
4,557
29,520
35,654
41,625
33,611
72,626
61,499
32,563
72,393
54,634
86,587
61,589
100,651
28,535
76,562
61,678
85,743
37,585
84,757
96,622
59,788
23,693
36,530
27,118
71,442
44,702
29,703
35,721
32,541
37,656
29,755
7,684
37,781
22,516
56,627
32,644
28,722
97,453
82,522
24,255
29,556
37,423
38,657
28,796
58,837
36,309
53,443
32,600
29,552
66,803
33,738
29,597
50,663
87,617
42,574
54,635
35,591
89,649
46,716
87,705
29,623
54,780
61,641
29,760
54,694
8,580
54,724
29,630
97,458
29,799
39,648
33,759
82,658
29,667
39,477
93,504
11,551
32,592
40,741
28,513
28,472
29,544
36,596
92,459
32,469
34,167
24,444
61,515
93,377
54,338
28,2
61,8
54,435
28,295
39,528
72,401
84,386
28,380
86,534
55,385
61,249
65,55
5,381
24,427
36,483
37,362
1,388
32,390
99,475
29,317
35,144
40,468
53,237
15,187
53,484
50,315
36,449
33,564
29,726
29,465
32,481
50,599
33,700
29,578
67,620
36,323
54,749
34,583
61,116
29,577
50,594
29,768
29,394
37,343
82,169
3,433
29,329
28,344
40,199
12,744
29,283
32,398
29,265
28,506
28,222
38,519
23,655
38,81
52,440
33,375
61,349
53,330
29,526
84,498
50,662
39,650
6,493
28,432
28,266
29,365
36,276
36,12
32,136
28,229
84,68
9,368
38,90
29,133
38,476
38,364
51,537
31,279
50,402
39,209
91,132
18,141
29,348
9,400
28,570
28,614
33,680
29,542
28,452
11,51
92,32
54,193
79,715
55,511
29,593
28,752
86,473
29,569
29,601
74,492
29,502
29,501
84,404
84,327
29,730
29,728
29,697
36,572
29,447
21,391
29,436
32,497
35,742
29,508
28,673
82,772
61,699
82,688
28,733
35,586
32,431
29,603
30,500
37,523
32,214
92,263
33,576
61,293
92,42
84,306
9,439
86,221
63,126
33,122
92,41
33,134
29,233
84,92
29,121
61,270
38,357
9,185
29,56
29,448
14,303
94,514
84,308
29,406
54,335
29,49
37,257
32,609
28,415
28,236
93,584
29,67
32,366
29,482
84,66
32,142
28,710
38,173
29,110
29,190
29,161
29,413
93,127
32,180
33,271
28,313
61,138
92,546
32,290
29,147
86,231
87,23
37,631
84,616
29,488
29,346
92,208
37,521
29,268
39,387
9,33
28,1
38,302
38,311
29,347
29,213
102,93
92,392
29,399
32,296
86,549
29,128
28,188
29,529
29,242
29,53
38,79
28,165
33,43
29,403
29,621
29,430
11,582
91,495
36,227
84,505
95,291
62,525
32,503
28,679
29,456
37,215
93,218
32,461
28,171
29,319
32,203
32,517
32,420
37,510
29,355
37,333
28,331
61,467
32,86
84,735
38,82
32,480
29,613
29,647
33,354
29,466
29,441
38,228
29,111
28,352
29,341
36,359
29,463
32,105
29,260
37,24
28,256
89,280
29,324
35,264
29,117
61,112
29,297
80,4
29,240
29,189
61,160
28,106
84,14
61,211
92,88
29,27
32,130
29,289
29,159
80,225
36,31
29,272
54,16
35,65
29,149
29,332
29,207
62,172
84,219
29,244
29,561
29,312
29,241
29,252
9,247
54,278
29,371
29,250
28,548
29,428
29,195
29,275
29,64
32,232
32,300
29,168
32,298
29,337
29,307
29,358
32,238
28,104
28,340
29,101
29,36
92,301
37,316
28,334
33,137
29,123
32,356
29,61
29,163
29,54
9,140
29,98
29,44
32,220
28,47
29,285
29,373
29,230
29,206
28,784
29,855
32,539
84,861
32,28
29,808
29,720
9,450
29,46
29,851
33,785
29,99
29,181
61,152
38,108
32,97
29,277
36,192
29,813
29,70
29,5
28,22
37,659
29,857
29,660
61,15
29,859
29,166
29,314
16,178
9,828
29,83
36,407
61,248
84,197
29,273
29,201
84,531
29,860
29,157
29,396
29,120
29,821
29,701
29,286
29,805
29,777
29,823
38,632
29,612
29,84
28,419
29,674
29,624
29,815
29,336
28,125
29,858
29,507
29,801
61,835
61,536
29,758
28,698
29,150
94,553
64,491
92,412
29,665
29,287
29,154
29,235
29,310
29,91
32,451
61,269
29,540
29,666
29,85
29,405
37,370
32,460
29,581
29,471
29,414
29,408
29,274
29,446
29,496
32,261
29,434
86,35
29,25
29,360
29,89
29,45
29,487
29,177
32,74
60,425
32,664
28,155
61,143
29,129
29,527
29,58
29,243
29,145
29,6
29,490
29,113
33,75
29,103
29,38
29,62
29,80
32,205
29,18
9,254
29,115
29,148
61,223
29,151
29,37
29,294
29,29
29,69
28,198
29,162
32,164
4,489
32,636
29,383
29,282
32,438
29,602
38,633
6,95
29,417
29,409
29,204
29,538
29,509
32,71
29,457
28,382
29,426
29,339
29,96
29,350
28,554
29,690
29,76
32,411
7,376
29,196
29,284
29,474
29,454
61,153
29,202
29,13
29,124
29,239
29,245
29,455
9,135
29,52
29,258
28,320
29,397
29,395
29,224
32,156
29,78
29,158
1,102
29,183
61,545
29,533
29,3
29,372
29,174
29,7
8,50
61,379
61,107
12,119
29,60
29,20
29,200
29,470
5,26
29,73
29,139
21,281
29,191
29,194
29,72
15,77
29,34
29,210
61,176
29,57
29,606
9,838
61,836
29,560
6,765
61,351
9,63
29,844
9,629
11,811
61,421
29,464
61,827
29,717
29,175
29,809
29,410
29,590
61,846
29,363
61,804
29,783
29,251
29,39
9,486
61,856
29,40
29,182
29,812
29,369
29,146
29,262
61,342
9,807
29,736
9,217
29,753
29,791
29,288
29,786
29,325
9,87
29,424
9,729
29,186
29,299
29,798
29,628
61,100
29,321
29,21
29,775
61,292
11,10
61,794
61,389
61,30
61,361
61,11
