24,1288
16,1285
16,1229
21,1254
7,1294
21,1290
16,1302
21,1153
16,1242
16,1262
16,1292
16,1102
16,282
16,1185
24,1240
24,998
16,1197
16,1238
23,1300
24,1168
16,1174
16,1187
16,1303
23,1299
16,1210
16,1272
21,1280
7,645
16,1247
7,1271
16,1054
16,1037
16,238
16,613
23,670
23,1156
16,823
16,1189
21,1255
16,757
16,1276
21,1230
25,1307
7,1172
16,946
17,621
16,434
7,913
23,1219
16,685
7,860
16,1209
16,365
16,682
16,1148
16,956
23,1281
24,995
7,509
7,1109
16,636
16,1047
16,540
16,563
16,958
16,438
21,1184
23,405
23,651
16,1231
16,825
23,1139
16,528
16,1146
16,1186
16,1118
23,1092
16,845
16,925
7,1235
17,1130
21,1308
19,1261
16,1068
7,1074
16,700
16,1016
16,619
16,1266
24,921
16,982
21,1232
7,399
16,1076
16,417
7,1282
14,1151
7,1226
16,1287
16,853
23,1142
21,1049
23,379
23,288
18,1056
16,859
8,826
24,794
16,809
16,1190
16,1245
16,915
7,1160
16,1183
23,1202
16,666
22,591
21,1066
16,1220
7,353
23,467
23,616
7,635
16,862
7,833
23,800
16,485
16,1297
23,1257
17,1286
14,1234
7,1104
21,1162
7,1128
21,1216
7,691
7,751
23,448
16,964
16,708
7,866
7,1127
16,1144
11,1256
7,492
7,950
16,1199
16,1289
7,1295
7,1233
16,1277
7,1030
7,469
16,916
7,1205
7,941
7,1243
16,1225
7,345
17,1133
7,999
16,1081
16,1175
16,1293
8,1129
7,626
19,428
17,1201
7,1196
7,1070
7,1181
7,1284
21,1112
7,1131
16,502
16,1006
5,721
7,1000
17,1071
7,819
7,716
7,1055
16,962
20,1249
7,1052
16,1171
7,817
8,1214
16,1163
7,1032
7,326
1,1244
7,1122
7,799
16,523
7,877
7,697
16,1221
16,991
7,840
16,1173
16,1008
2,987
7,850
16,609
7,1278
7,1304
7,1157
23,949
7,801
7,1027
7,1119
7,1192
3,1105
7,1134
15,954
16,740
7,1028
23,977
7,679
7,899
7,208
7,297
17,906
7,805
7,765
7,934
7,1298
7,1296
16,1283
7,1301
7,1218
7,1228
7,544
7,161
7,1269
7,404
7,1018
16,886
21,611
7,443
7,959
7,1085
7,253
7,667
7,473
7,450
17,695
7,402
12,287
6,378
7,994
7,856
7,764
7,1087
7,1200
17,974
7,1147
7,930
7,631
7,1136
7,503
7,989
3,1023
7,815
7,1079
7,565
7,696
7,1152
23,975
7,1115
23,615
7,213
7,923
7,1050
7,395
7,1126
7,846
7,649
7,795
7,888
7,488
7,658
3,955
7,1239
7,1159
7,430
7,790
7,785
7,908
7,1241
7,383
7,1179
23,1188
7,1265
7,1258
7,984
7,1259
16,966
7,1203
7,706
16,1215
7,358
7,420
7,269
7,1043
7,919
7,1260
7,842
7,1044
7,654
1,407
7,1161
7,1072
7,331
7,185
7,477
7,394
16,910
7,603
17,396
7,624
7,577
7,735
7,699
7,980
7,914
7,607
7,971
7,324
7,836
7,944
7,802
7,755
7,928
7,715
16,1264
7,907
7,876
7,376
7,347
7,789
7,644
7,262
7,855
7,1154
7,705
7,1208
7,496
17,804
7,546
7,837
7,472
7,986
7,922
7,191
7,527
7,869
7,1073
7,236
7,254
7,759
7,973
7,320
7,357
7,549
7,798
7,863
7,676
7,532
8,316
7,444
7,895
16,838
9,688
7,243
5,662
7,366
7,988
7,215
7,1213
7,196
7,743
7,811
7,929
7,1123
7,1251
7,1270
7,604
7,981
7,722
7,963
7,1064
7,589
7,612
7,260
7,879
7,766
7,709
7,848
7,871
7,359
16,704
7,1167
7,1275
7,285
7,873
7,717
7,841
7,887
7,844
7,750
7,573
7,1077
7,538
7,812
7,931
7,594
7,1042
7,961
7,1057
7,336
7,632
7,249
7,574
7,1108
7,672
7,690
7,281
7,517
7,1021
7,1113
7,1191
7,1031
7,227
7,657
7,470
7,880
7,550
7,1083
7,1060
7,1194
7,1029
7,481
7,633
7,306
7,322
7,211
7,200
7,233
7,997
7,720
7,882
7,872
7,454
7,1124
23,663
7,1125
7,386
7,1279
7,978
7,1088
7,1141
7,453
7,1069
7,1250
7,380
7,1114
7,990
7,421
7,835
7,414
7,768
7,425
7,1246
7,1204
7,828
7,427
7,409
7,293
7,1001
7,460
7,356
7,1022
7,1003
17,993
23,1039
7,489
7,1010
7,520
7,796
7,329
16,1035
7,936
7,1099
7,767
7,983
7,318
7,729
7,397
7,752
7,687
7,1166
7,596
7,665
7,1121
7,1143
7,1075
7,1004
7,948
7,511
7,683
7,255
7,436
7,373
7,889
7,1135
7,480
7,821
7,622
24,728
7,416
7,967
7,1007
7,553
7,385
7,985
7,992
7,661
7,308
7,924
7,1116
7,797
7,733
7,564
7,774
7,1101
7,1176
7,419
7,222
7,300
7,363
7,898
7,338
7,829
7,507
7,1094
16,1137
7,933
7,599
17,937
7,656
7,461
7,225
7,491
7,277
7,1082
7,1045
7,874
7,1117
7,839
7,583
7,598
7,263
7,458
7,452
7,852
7,832
13,465
7,1053
7,957
7,1089
7,1149
7,335
7,951
16,769
7,431
7,814
16,782
7,349
7,433
7,628
7,266
16,398
7,142
7,157
7,680
7,593
7,432
7,555
7,343
7,578
7,568
7,515
7,572
7,466
7,439
7,793
7,206
7,543
7,271
7,435
7,370
7,242
7,235
7,352
7,602
7,518
7,557
7,146
7,938
7,451
7,884
16,508
7,495
7,777
7,423
7,671
7,120
7,145
7,762
7,745
7,711
7,702
7,810
7,1120
8,1046
7,1274
16,585
10,442
7,625
7,710
7,181
7,367
7,1180
7,787
7,1267
7,707
7,426
7,854
7,1019
7,415
7,581
7,535
7,344
7,1236
7,446
8,664
7,668
13,960
7,818
7,311
7,784
7,1038
7,1017
7,917
7,1111
7,1103
7,1252
7,552
7,542
7,1065
7,834
7,1150
7,1106
7,736
7,1014
7,703
7,808
7,422
7,355
7,806
7,424
7,1158
7,1237
7,516
7,279
7,510
7,659
7,410
7,412
7,501
7,223
7,372
7,524
7,459
7,342
7,730
7,878
7,497
7,827
7,1012
7,561
7,1227
7,234
7,533
7,483
7,783
7,776
7,1090
7,1178
7,775
7,259
7,870
7,830
7,570
7,713
7,327
7,1061
7,996
7,1140
7,885
7,881
7,362
7,559
7,674
7,820
7,911
7,935
7,901
7,1212
7,970
7,280
16,1051
7,525
7,1211
7,1005
7,296
7,354
7,478
7,246
7,900
7,113
7,560
7,303
7,732
7,307
7,231
7,455
7,731
7,861
23,726
7,1020
7,788
7,1198
7,298
7,779
7,610
7,953
7,851
7,1011
7,479
7,1132
7,725
7,675
16,447
7,741
7,896
7,1086
7,150
7,237
7,401
7,531
7,512
7,694
7,268
7,361
7,244
7,494
7,382
7,325
7,608
7,1033
7,539
7,332
7,758
7,292
7,218
7,229
7,152
7,718
7,575
7,723
7,673
7,772
7,341
7,681
7,927
7,778
7,754
7,1067
7,1138
7,1059
7,647
7,413
7,567
7,232
7,822
7,920
7,791
7,1080
7,351
7,639
7,744
7,623
7,945
7,640
7,1025
7,875
7,334
7,617
7,348
7,712
7,317
7,556
7,1096
7,1110
7,1155
7,698
7,943
7,952
7,1002
7,387
7,883
7,1036
7,865
7,734
7,1164
7,748
7,1058
7,212
7,660
7,1224
7,475
7,456
7,346
7,701
7,780
7,390
7,267
7,595
7,505
7,641
7,605
7,600
7,597
7,286
7,646
7,500
7,620
7,965
7,193
7,289
7,388
7,562
7,643
7,807
7,771
7,739
7,669
7,763
7,571
7,693
17,918
7,530
7,304
7,381
7,498
7,278
7,137
7,868
7,727
7,677
7,369
7,590
7,947
7,197
7,159
7,642
7,537
7,847
7,686
7,894
7,592
7,714
7,513
7,514
7,295
7,174
12,1024
7,1026
7,968
7,719
7,283
7,265
7,339
8,761
7,309
7,749
7,738
7,153
7,411
21,313
7,892
7,566
7,134
7,781
7,301
7,258
7,226
7,241
7,652
7,857
7,123
7,1009
7,178
7,59
7,476
7,1040
7,391
7,93
7,190
7,330
7,1177
7,891
7,471
7,172
7,1182
7,792
7,221
7,692
7,1195
7,1034
7,291
7,770
7,678
7,1098
7,773
23,1015
7,909
7,554
17,547
7,1100
7,449
7,932
7,586
7,526
7,482
7,429
7,1165
7,207
7,315
7,418
7,979
7,580
7,558
7,653
7,905
7,601
7,490
7,210
7,545
7,276
7,1091
7,393
7,171
7,831
7,522
7,333
7,816
7,893
14,541
7,389
7,618
7,536
10,684
7,824
7,484
7,637
7,867
7,519
7,323
7,360
7,474
7,1248
7,228
7,310
7,182
7,529
7,849
7,813
7,588
7,926
7,499
7,305
7,843
7,1169
7,441
7,368
7,194
7,655
7,437
7,1084
7,290
7,753
7,340
7,912
7,141
7,256
7,1253
7,1305
7,1291
21,1306
7,274
7,400
7,204
7,273
7,468
7,638
7,445
7,904
7,786
7,384
7,803
7,314
7,689
7,737
7,760
7,408
7,364
7,534
7,187
7,902
7,747
7,1041
7,587
7,275
7,1063
7,634
7,746
7,464
7,1273
7,440
7,247
7,462
7,406
7,582
15,169
7,858
7,1097
7,245
7,1268
7,1223
7,1062
7,252
7,220
7,132
7,940
7,149
7,463
7,969
7,506
7,1217
7,261
7,96
7,156
7,328
7,155
7,60
7,30
7,5
7,51
7,80
7,180
7,98
7,166
7,44
8,28
7,85
7,48
7,392
7,170
7,136
7,606
7,1312
7,1309
7,1310
7,1316
7,1314
7,1315
7,1313
7,1319
24,1318
7,125
17,504
7,371
7,648
7,627
7,165
7,897
7,107
7,188
7,1078
7,375
7,264
7,284
16,214
7,1193
7,1206
7,1263
7,312
7,192
7,203
7,177
7,377
7,251
7,976
7,630
7,144
7,250
7,890
7,650
7,569
7,199
7,202
7,201
7,164
7,50
7,205
7,95
7,576
7,579
7,1207
7,124
7,614
7,175
7,139
7,374
7,52
7,23
7,13
7,65
7,756
7,61
17,84
7,109
7,162
7,54
7,14
7,7
7,1325
7,25
7,47
7,76
7,34
7,319
7,1170
7,186
7,128
7,148
7,493
7,112
7,32
7,403
7,195
7,33
7,127
7,1330
7,22
16,45
7,1321
7,3
7,29
7,119
7,176
7,299
7,147
7,63
7,548
7,183
7,217
7,198
7,111
7,37
7,55
7,75
7,73
7,41
7,38
7,1335
7,1320
7,189
4,66
7,1329
7,86
7,143
7,2
7,12
7,26
7,163
7,79
7,91
7,106
7,31
7,18
4,62
16,40
7,230
7,78
7,151
7,64
7,89
7,74
7,629
7,584
7,1327
7,1328
7,100
7,116
7,53
7,140
21,71
7,158
7,1107
7,239
7,56
7,88
7,724
7,302
7,94
7,337
7,11
7,1334
7,1324
7,99
7,114
7,10
7,9
7,21
7,1331
7,70
7,154
7,110
7,87
7,17
7,224
7,168
7,486
7,321
7,551
7,1145
7,179
7,248
7,257
7,81
7,1095
7,160
7,864
7,350
7,130
7,46
7,942
1,131
7,97
7,972
7,1048
7,216
7,105
7,939
7,272
7,209
7,487
7,270
7,103
7,138
7,36
7,49
7,1311
7,69
7,57
7,101
7,219
7,77
7,72
7,121
7,35
7,122
7,19
7,457
7,294
7,24
7,115
7,104
7,126
7,68
7,742
7,129
7,20
7,15
7,1333
7,90
7,1323
7,58
7,1326
7,1336
7,1
7,1093
7,521
7,16
7,108
23,43
7,42
7,173
7,133
7,4
7,240
21,135
7,118
7,82
16,92
16,1332
21,1222
24,1013
16,39
16,67
24,6
16,27
16,1317
16,903
16,1322
16,102
21,8
24,117
16,167
16,83
24,184
