33,667
29,680
11,672
4,649
29,652
33,651
26,634
13,671
20,669
29,660
14,510
26,656
7,631
28,647
31,598
29,594
11,682
16,107
30,515
14,405
21,138
14,474
20,481
5,519
28,507
12,552
28,639
13,646
19,495
13,617
22,553
2,658
29,616
13,527
29,584
33,543
7,535
28,654
27,583
13,558
13,636
16,664
13,608
23,655
14,666
20,653
8,629
13,676
13,599
22,560
1,601
13,358
14,644
14,446
14,678
13,71
28,633
29,588
12,145
13,395
12,234
10,550
33,426
13,485
34,430
12,429
13,374
29,302
33,129
33,308
13,327
13,416
13,82
17,257
13,8
12,52
7,489
32,152
13,143
13,421
23,587
13,612
8,579
14,623
31,565
13,90
22,486
4,600
12,452
13,378
11,534
29,549
7,352
29,195
5,432
33,353
13,454
29,417
11,473
13,546
13,363
12,330
1,216
14,228
13,427
12,491
13,536
29,453
5,410
13,400
25,541
29,334
13,350
22,555
10,595
6,663
13,637
1,650
13,643
13,563
12,657
13,508
16,681
13,662
13,372
27,626
13,404
5,590
13,513
22,465
29,478
13,447
29,246
31,611
12,613
29,554
4,580
13,566
29,529
33,568
13,476
29,597
13,591
12,551
13,521
12,574
16,573
27,562
12,585
10,511
13,537
13,412
29,632
29,592
7,576
7,578
12,610
13,642
13,615
13,487
13,533
13,530
5,497
3,455
10,544
13,556
13,630
13,531
33,456
27,479
9,268
26,517
24,282
14,422
29,444
13,509
20,351
13,218
13,329
29,326
13,420
27,451
10,518
13,461
30,394
29,528
26,437
13,324
13,548
29,213
29,202
10,645
29,624
11,496
13,460
12,226
28,545
13,204
29,356
13,377
33,127
13,270
14,159
13,217
13,73
13,249
13,291
12,449
13,337
12,72
13,40
20,442
13,459
13,64
14,364
13,419
13,101
13,439
7,609
13,577
12,561
12,606
4,684
13,532
14,618
13,538
13,614
13,581
13,525
5,559
13,539
13,540
28,214
13,677
9,635
7,564
13,607
13,596
13,431
13,492
13,665
33,409
29,297
13,406
14,141
13,462
13,340
13,488
13,522
31,418
7,467
31,475
13,307
29,493
14,381
13,296
13,231
13,120
13,285
12,277
12,391
5,56
13,211
14,524
13,122
13,362
29,271
13,498
29,298
13,503
13,247
13,463
14,86
29,441
13,567
13,28
13,283
13,317
13,266
13,506
13,117
13,184
13,433
12,361
13,483
13,336
13,342
13,322
13,345
1,79
13,280
14,241
18,436
13,178
6,259
13,237
13,162
13,132
13,424
29,256
9,411
13,80
27,371
13,97
33,229
33,166
13,390
13,413
33,325
29,526
1,179
8,286
14,457
12,67
14,466
13,490
13,393
12,575
14,369
13,379
33,471
13,176
29,289
13,398
13,253
13,232
13,512
13,621
13,49
13,288
13,240
14,207
29,276
13,320
13,124
13,542
13,458
14,335
29,239
13,469
7,220
13,354
14,105
4,294
13,279
21,375
33,275
14,470
33,435
13,382
13,384
13,401
13,516
13,161
14,263
13,206
13,386
13,316
6,209
29,125
13,258
13,75
13,331
13,370
13,244
9,160
29,198
14,48
13,205
13,248
13,357
13,494
13,200
13,281
13,272
33,168
13,365
13,373
13,151
29,328
13,265
13,119
12,227
13,43
33,60
13,30
4,188
30,110
13,34
13,438
13,287
23,167
13,238
13,434
13,181
28,158
26,41
13,189
24,100
13,299
13,304
14,113
33,389
13,224
13,278
13,501
24,675
12,679
13,619
13,245
13,500
13,480
13,520
33,686
29,640
13,628
13,589
13,502
13,45
13,402
13,104
13,20
14,319
13,53
30,255
13,332
13,355
29,225
13,22
13,292
13,313
13,685
13,368
13,423
13,54
13,84
13,348
13,215
13,586
29,264
13,55
13,338
29,203
13,315
9,482
13,11
13,273
33,174
13,343
33,499
13,66
13,408
13,383
13,468
13,208
13,472
13,146
13,106
13,102
13,314
13,89
13,61
13,221
33,318
13,261
13,210
13,121
12,222
13,144
13,76
13,157
12,149
13,26
13,196
13,59
13,135
9,284
13,260
13,91
14,17
13,194
14,3
13,99
33,235
13,171
13,301
13,445
13,477
13,366
13,47
13,83
13,312
13,115
13,62
13,192
13,183
13,165
13,150
15,37
14,93
14,219
14,13
13,251
29,341
33,236
13,77
13,156
13,155
13,295
13,116
13,359
13,230
13,109
29,163
13,262
13,95
13,128
13,24
13,4
14,223
13,344
13,387
33,137
13,88
13,290
13,118
13,103
13,311
13,51
13,32
13,164
13,68
13,415
13,133
13,175
13,33
13,191
13,254
13,112
13,193
13,243
13,428
13,199
13,269
13,131
13,323
33,440
13,443
13,310
13,58
13,2
13,142
13,514
13,333
13,5
13,339
33,274
13,10
13,360
13,180
13,139
13,16
13,186
13,94
13,108
13,380
13,367
13,153
33,154
33,92
33,190
33,300
13,136
13,35
13,98
13,504
13,267
13,425
13,19
13,185
13,388
33,134
13,250
13,85
13,252
14,15
13,25
13,27
14,14
13,233
13,197
13,38
33,57
13,396
13,126
13,182
13,170
13,39
13,148
13,303
13,78
33,87
33,114
33,130
33,50
13,31
13,44
13,81
13,392
13,638
13,407
13,173
13,399
13,111
13,7
13,172
13,12
13,187
14,397
33,212
13,9
33,23
13,177
13,46
33,346
13,21
33,42
14,147
13,123
13,18
13,293
13,74
13,29
13,140
13,604
13,376
13,622
24,347
13,670
14,523
33,464
13,661
13,321
13,602
13,582
13,96
13,36
33,683
13,69
13,625
13,570
13,448
13,659
13,648
13,414
13,63
13,620
13,385
33,603
13,572
33,593
13,309
13,505
13,484
13,668
13,674
13,547
33,169
13,571
33,242
13,557
13,70
33,641
33,403
14,627
13,349
13,1
13,569
14,201
13,6
13,305
13,673
33,450
13,605
14,306
14,65
