4,135
2,167
1,130
1,219
1,278
5,276
4,223
7,192
3,162
2,325
7,201
7,287
6,343
4,265
3,299
1,319
1,235
1,382
2,341
1,141
1,123
1,182
1,381
1,304
1,395
4,418
1,378
2,448
1,222
1,298
1,349
4,449
7,396
3,87
5,406
6,76
7,455
1,405
1,364
1,397
1,311
4,458
1,463
4,473
7,467
4,13
4,36
1,215
7,153
1,344
7,432
5,438
1,371
5,322
1,279
3,216
7,194
4,307
4,294
7,121
7,208
1,470
5,421
3,474
3,54
7,6
4,52
4,303
1,138
4,224
7,380
7,433
4,63
3,110
7,331
6,379
4,315
3,35
7,353
1,246
4,321
7,360
4,317
4,392
4,146
7,372
6,269
1,180
7,460
4,387
1,206
4,189
1,273
3,383
4,231
4,357
7,242
3,476
4,258
3,237
7,184
7,106
7,103
4,115
3,114
7,156
4,295
4,89
7,462
5,339
7,61
1,176
7,79
7,97
7,197
1,165
1,318
3,227
4,290
3,270
5,388
1,301
6,400
7,284
3,232
4,267
7,347
1,257
4,183
6,332
1,209
1,255
1,291
4,217
6,327
4,384
4,158
5,456
4,239
4,316
6,359
4,305
1,8
4,342
4,60
5,401
7,336
4,323
4,187
4,233
4,252
4,157
6,101
4,124
4,296
7,171
7,72
7,49
1,179
7,127
4,109
6,57
1,113
4,37
7,166
7,147
6,86
7,45
4,111
4,82
7,186
7,102
1,33
4,168
4,71
7,51
3,320
4,66
7,75
5,172
4,408
6,12
7,454
7,361
4,466
7,338
7,414
1,160
5,459
1,354
1,461
6,434
4,11
5,425
3,377
4,398
7,435
1,285
1,328
4,90
6,196
4,281
4,253
3,211
4,203
5,272
4,329
5,247
7,429
4,345
4,245
3,236
4,370
4,373
6,148
5,261
7,251
3,250
6,404
3,170
4,243
6,326
6,140
5,205
1,260
1,221
7,126
4,154
4,155
3,14
5,293
7,375
7,202
3,42
6,297
4,367
7,175
4,362
7,145
1,210
3,150
5,151
4,200
3,161
4,83
5,96
4,207
4,213
3,137
4,214
4,330
7,104
4,108
4,59
7,313
1,85
7,47
7,95
4,136
4,228
4,68
4,44
1,300
3,366
6,363
4,457
7,465
1,444
5,346
7,259
3,283
4,144
5,142
3,174
4,314
6,193
3,149
6,164
5,262
4,356
4,185
3,81
4,92
7,107
4,229
3,129
6,70
1,84
1,352
7,77
7,99
3,351
4,306
5,58
7,139
7,248
4,119
6,152
6,238
4,181
7,374
4,254
5,302
6,134
7,310
4,169
5,451
3,427
1,73
4,67
6,26
1,46
4,178
4,391
5,266
7,440
5,424
7,422
6,348
7,416
5,7
6,478
7,32
3,280
6,1
4,376
7,275
4,439
4,389
4,446
5,407
7,472
1,218
1,204
1,241
7,264
3,274
7,105
7,100
1,177
6,282
7,125
6,368
6,442
4,34
4,369
7,420
4,355
6,244
1,98
4,234
4,249
5,337
7,324
3,308
4,402
5,212
1,292
7,413
5,65
7,56
4,195
4,230
6,9
1,415
4,94
4,394
3,15
3,277
4,286
6,118
5,120
4,436
4,417
4,64
4,78
7,74
6,220
5,426
5,477
6,271
6,410
5,365
7,334
1,335
2,412
5,288
7,112
4,132
1,464
4,256
5,431
1,358
3,173
6,268
6,131
6,447
4,468
1,199
7,289
7,471
3,445
1,163
4,430
6,27
6,21
4,80
7,423
2,93
1,191
1,50
1,69
3,240
7,122
3,39
4,159
3,5
6,31
1,40
3,23
5,263
4,4
1,225
4,411
7,312
3,469
4,190
1,399
4,333
1,437
1,62
6,128
5,198
7,390
4,25
3,30
1,24
6,17
4,55
4,143
1,450
3,385
1,419
4,41
1,20
4,428
1,133
6,117
6,226
1,453
4,91
1,53
1,43
7,48
6,22
7,18
4,88
6,116
7,16
5,38
7,188
7,309
6,403
1,29
4,340
7,350
6,441
1,393
1,3
5,452
1,443
4,19
6,28
5,386
2,2
5,409
3,475
4,10
