22,753
21,746
23,76
14,762
17,775
23,512
20,668
26,486
17,706
21,696
27,758
27,699
5,780
16,260
5,711
19,691
10,499
16,796
25,45
26,130
5,206
14,89
12,669
31,632
27,735
20,703
27,724
27,790
14,756
27,782
10,754
15,169
3,777
5,716
27,759
27,761
13,123
4,755
17,774
14,663
21,661
23,788
26,583
18,511
27,739
12,694
10,577
14,690
30,606
4,752
14,767
20,747
33,685
14,383
27,766
12,63
16,713
4,468
17,127
26,679
23,741
10,750
27,672
11,619
27,727
33,742
13,693
11,722
26,717
33,714
23,528
11,504
27,608
12,660
12,510
27,605
27,698
11,728
20,634
23,635
27,526
1,574
23,502
5,417
26,372
28,537
30,473
23,432
27,544
11,282
20,589
20,337
11,557
26,224
26,710
10,721
14,626
27,385
27,529
27,405
25,395
23,426
27,617
17,595
27,671
7,552
24,515
27,666
4,667
33,551
4,615
26,603
20,683
18,522
5,569
12,680
33,505
11,627
14,516
11,723
23,686
27,466
27,719
4,725
27,689
23,637
27,564
23,568
20,286
27,306
16,464
16,453
30,436
27,313
16,28
21,329
20,77
21,218
27,268
27,494
27,440
27,514
27,449
23,769
20,378
20,65
20,783
27,598
5,700
20,625
27,720
27,654
24,662
23,452
27,597
12,256
21,438
24,105
9,240
34,673
12,590
27,612
22,638
25,533
4,622
33,565
25,563
27,664
27,506
4,670
20,692
20,675
27,348
27,541
25,381
27,459
11,584
23,618
16,548
5,546
31,650
3,384
26,408
21,358
20,312
11,779
5,27
29,642
25,718
20,441
26,740
27,592
27,300
27,518
27,227
27,211
26,628
27,213
2,99
9,443
26,639
4,677
3,35
33,155
27,392
27,195
27,98
27,174
9,30
16,462
27,237
27,393
27,422
26,226
25,542
12,298
5,376
27,294
27,305
17,580
29,198
17,331
17,336
27,134
26,192
27,315
27,196
29,682
24,540
27,591
17,148
22,391
17,271
27,547
29,567
5,653
27,704
26,418
25,280
27,630
27,415
20,463
4,687
18,594
27,357
26,360
31,434
27,550
11,629
11,536
5,490
20,368
17,140
21,520
13,125
27,302
20,458
33,11
23,100
27,517
14,141
5,343
17,480
17,308
20,325
23,461
11,245
27,623
30,531
11,364
27,497
23,521
10,534
26,684
16,460
4,601
19,620
9,543
27,715
27,139
27,420
27,212
16,142
17,610
16,651
27,586
4,151
23,425
14,423
5,508
32,73
26,401
24,347
27,539
26,498
23,399
26,561
27,538
27,640
27,621
27,487
27,475
20,649
20,562
27,575
27,571
27,611
27,316
21,648
11,633
33,712
27,442
27,613
20,407
27,350
27,409
26,554
11,410
8,489
4,122
6,176
4,448
27,607
23,501
27,695
12,614
33,532
27,446
27,560
27,301
27,194
27,205
15,207
12,162
27,582
27,335
27,168
4,143
23,208
4,369
27,103
26,588
27,573
27,397
33,281
31,555
27,248
27,307
16,344
27,108
4,25
4,332
11,279
4,362
4,230
26,55
27,12
27,363
27,530
27,323
11,81
27,373
27,513
27,545
24,328
22,527
19,173
27,375
27,152
27,394
11,219
27,359
27,604
19,479
27,341
27,587
24,299
27,330
9,241
24,234
27,370
20,471
27,600
27,503
27,412
3,636
4,467
4,658
4,674
4,193
27,470
27,36
27,8
27,201
27,20
24,246
27,214
17,69
27,435
4,292
27,437
14,295
4,225
11,197
27,317
4,238
27,356
27,112
27,94
27,297
25,60
27,95
33,183
20,342
27,43
4,85
27,191
27,274
14,215
27,189
35,164
27,175
27,101
33,19
27,167
27,411
5,239
4,760
33,652
11,86
4,396
27,365
4,380
27,107
26,229
27,153
26,377
27,158
23,456
27,293
27,483
27,137
27,172
4,252
5,52
27,190
29,304
27,303
27,257
4,314
17,146
27,171
27,92
5,91
16,382
24,79
4,414
27,185
27,145
27,147
27,265
27,113
27,150
27,7
4,129
27,242
27,26
27,138
33,309
27,477
27,157
33,184
27,41
3,10
27,136
4,254
21,2
9,126
27,154
27,61
16,266
4,3
24,144
33,71
4,128
27,272
27,439
7,178
27,121
27,102
4,643
4,339
5,324
27,83
23,80
4,88
27,296
27,288
27,259
33,6
27,42
27,495
27,232
27,163
27,1
27,366
4,4
27,261
8,29
27,119
27,519
27,289
27,419
27,51
27,48
27,402
27,22
27,54
14,40
27,97
27,333
27,32
11,578
5,602
4,131
27,135
27,57
27,132
27,18
27,14
27,179
27,275
27,349
27,283
5,455
27,481
27,285
27,210
27,59
27,104
27,9
27,263
27,39
27,284
27,220
27,5
27,233
27,264
4,223
27,222
27,398
27,576
4,451
27,231
27,253
19,374
27,16
4,556
4,277
27,367
27,244
27,44
27,114
27,353
27,318
5,90
27,120
27,186
27,523
4,249
27,118
33,68
27,93
27,64
27,404
17,267
27,250
15,310
4,361
27,430
4,177
27,72
27,371
27,78
5,270
27,273
27,31
27,47
27,62
27,17
27,96
27,161
33,74
27,334
27,46
4,156
27,116
27,23
4,75
27,56
27,216
15,326
27,255
27,67
27,37
27,478
27,278
27,159
4,209
27,379
27,200
27,509
27,319
27,235
27,447
33,221
27,228
27,188
27,702
27,49
27,269
27,133
27,87
4,428
27,688
27,581
27,596
27,389
27,655
27,553
33,599
27,549
27,641
27,570
27,124
27,646
27,579
27,388
27,676
27,624
4,678
27,705
23,287
33,482
33,387
4,525
33,491
27,492
27,485
27,558
27,400
28,406
27,416
27,390
4,465
5,665
5,450
27,165
5,322
27,496
27,320
27,170
27,354
27,352
4,431
27,58
27,243
27,340
27,559
27,444
27,609
27,457
27,403
27,507
27,276
4,476
27,38
4,202
27,351
27,355
33,433
27,111
27,109
27,338
27,50
27,182
27,203
4,33
27,386
27,474
27,795
27,701
27,781
27,262
27,792
27,794
5,793
27,770
27,290
27,115
5,524
29,34
27,13
27,21
4,15
27,708
33,797
5,737
5,736
27,180
27,786
27,773
27,745
27,771
27,734
27,709
27,731
27,772
27,251
27,743
27,236
27,748
27,749
27,798
27,787
33,445
27,187
27,217
33,732
33,493
5,566
5,657
33,656
5,454
27,427
5,585
5,535
33,659
27,697
27,149
27,84
27,789
5,321
6,744
5,488
27,106
27,199
5,82
5,751
27,429
33,616
27,785
27,593
27,778
27,469
27,765
33,484
27,738
27,204
28,311
27,733
27,726
33,327
33,729
33,345
27,258
27,730
33,707
27,631
5,768
5,500
5,644
5,791
27,110
27,681
33,166
27,764
33,424
27,757
27,413
5,647
27,784
27,472
33,763
33,776
5,572
5,66
27,53
5,117
27,645
33,70
5,247
5,346
5,181
5,24
27,291
5,421
5,160
