82,833
52,565
154,831
91,845
123,640
185,769
150,767
52,682
46,739
28,713
27,797
41,832
164,732
96,762
123,691
38,642
46,756
190,795
46,367
148,711
2,776
123,810
81,671
89,607
176,747
142,822
35,318
123,494
194,669
26,853
34,847
64,818
82,751
137,114
182,687
104,793
194,731
187,608
16,559
18,645
66,707
67,353
79,839
118,771
177,543
123,750
119,723
46,322
71,689
149,763
64,817
155,714
78,709
102,802
51,676
71,746
134,653
172,598
49,573
146,184
101,748
188,179
10,782
111,638
37,675
70,571
72,761
42,579
195,595
123,485
161,304
139,646
141,719
175,778
187,619
165,672
143,615
157,734
78,555
188,764
41,774
88,848
123,668
123,677
179,216
88,212
20,695
97,685
176,305
42,820
133,605
68,686
77,826
46,787
163,841
162,789
123,825
99,819
123,840
24,704
104,416
158,792
187,850
106,829
90,575
96,790
144,712
123,814
46,737
70,740
88,532
92,170
187,568
46,588
191,48
43,550
92,566
52,754
145,547
123,843
68,718
67,725
108,816
170,849
124,806
67,661
73,842
77,437
174,824
35,429
49,652
40,462
42,259
66,518
171,94
41,524
109,19
75,109
140,479
100,478
64,567
70,9
184,326
55,246
185,604
17,618
81,692
192,226
39,422
122,558
193,766
123,267
167,639
129,445
183,800
157,17
123,378
158,727
35,418
95,770
69,328
196,706
101,384
197,374
78,253
123,643
52,234
111,345
43,854
46,670
85,830
31,59
70,131
151,681
13,745
135,852
175,696
123,834
46,779
73,773
123,637
18,708
153,610
46,683
58,512
4,557
55,520
77,654
93,625
70,611
138,626
123,499
64,563
138,393
114,634
165,587
123,589
196,651
44,535
147,562
123,678
164,743
85,585
163,757
189,622
121,788
32,693
80,530
40,118
136,442
96,702
46,703
77,721
61,541
86,656
46,755
8,684
86,781
30,516
118,627
67,644
41,722
192,453
157,522
36,255
46,556
87,423
88,657
41,796
120,837
81,309
111,443
66,600
46,552
131,803
72,738
55,597
105,663
169,617
94,574
113,635
76,591
172,649
98,716
168,705
46,623
113,780
123,641
51,760
113,694
9,580
113,724
46,630
190,458
52,799
89,648
71,759
155,658
46,667
90,477
181,504
17,551
62,592
92,741
45,513
41,472
46,544
82,596
179,459
68,469
73,167
34,444
123,515
181,377
115,338
41,2
123,8
113,435
42,295
89,528
140,401
163,386
45,380
166,534
117,385
123,249
130,55
5,381
35,427
81,483
87,362
1,388
67,390
194,475
52,317
77,144
91,468
111,237
22,187
111,484
103,315
83,449
71,564
46,726
46,465
67,481
105,599
71,700
52,578
132,620
83,323
113,749
74,583
123,116
56,577
103,594
55,768
46,394
85,343
155,169
3,433
46,329
43,344
92,199
19,744
46,283
65,398
46,265
43,506
41,222
88,519
33,655
88,81
110,440
71,375
124,349
112,330
52,526
162,498
106,662
90,650
6,493
43,432
43,266
47,365
80,276
84,12
64,136
41,229
160,68
10,368
88,90
46,133
88,476
88,364
107,537
59,279
105,402
90,209
176,132
25,141
50,348
15,400
42,570
41,614
72,680
46,542
42,452
17,51
180,32
113,193
152,715
116,511
46,593
41,752
165,473
52,569
46,601
144,492
51,502
50,501
161,404
163,327
46,730
51,728
52,697
82,572
54,447
29,391
53,436
60,497
77,742
52,508
43,673
156,772
123,699
156,688
45,733
77,586
64,431
52,603
57,500
87,523
63,214
180,263
71,576
123,293
178,42
163,306
14,439
165,221
127,126
69,122
178,41
72,134
46,233
163,92
46,121
123,270
88,357
13,185
46,56
52,448
21,303
183,514
161,308
50,406
113,335
46,49
87,257
60,609
41,415
43,236
181,584
52,67
60,366
46,482
163,66
67,142
41,710
88,173
52,110
52,190
52,161
46,413
181,127
60,180
71,271
43,313
123,138
179,546
64,290
52,147
166,231
168,23
86,631
161,616
52,488
52,346
178,208
86,521
46,268
90,387
13,33
43,1
88,302
88,311
55,347
52,213
198,93
178,392
52,399
63,296
166,549
55,128
42,188
52,529
46,242
46,53
88,79
43,165
70,43
50,403
56,621
46,430
18,582
177,495
80,227
163,505
186,291
125,525
63,503
41,679
46,456
87,215
181,218
60,461
41,171
52,319
60,203
63,517
63,420
86,510
52,355
87,333
45,331
124,467
60,86
161,735
88,82
63,480
52,613
52,647
71,354
52,466
52,441
88,228
46,111
41,352
52,341
82,359
52,463
60,105
46,260
87,24
41,256
173,280
52,324
76,264
52,117
123,112
46,297
153,4
51,240
52,189
124,160
42,106
163,14
123,211
179,88
52,27
64,130
46,289
52,159
153,225
81,31
46,272
113,16
77,65
46,149
52,332
52,207
126,172
159,219
46,244
52,561
52,312
46,241
46,252
11,247
113,278
52,371
52,250
43,548
46,428
46,195
46,275
46,64
63,232
64,300
46,168
60,298
46,337
52,307
46,358
62,238
43,104
43,340
46,101
52,36
178,301
87,316
43,334
72,137
52,123
60,356
52,61
46,163
52,54
14,140
52,98
52,44
63,220
43,47
46,285
52,373
52,230
46,206
43,784
52,855
63,539
163,861
60,28
46,808
46,720
11,450
46,46
46,851
72,785
52,99
52,181
123,152
88,108
64,97
46,277
80,192
52,813
46,70
46,5
43,22
87,659
52,857
52,660
123,15
52,859
52,166
52,314
23,178
12,828
52,83
80,407
123,248
163,197
52,273
52,201
163,531
52,860
46,157
46,396
46,120
52,821
46,701
46,286
52,805
46,777
46,823
88,632
52,612
52,84
41,419
52,674
46,624
46,815
52,336
41,125
52,858
52,507
52,801
123,835
123,536
46,758
41,698
52,150
183,553
128,491
179,412
52,665
46,287
46,154
48,235
46,310
46,91
60,451
123,269
46,540
46,666
46,85
52,405
86,370
64,460
52,581
46,471
52,414
52,408
46,274
46,446
46,496
60,261
46,434
165,35
46,25
46,360
52,89
52,45
46,487
52,177
60,74
122,425
60,664
43,155
123,143
52,129
52,527
46,58
52,243
46,145
46,6
52,490
46,113
70,75
46,103
46,38
46,62
46,80
63,205
52,18
13,254
46,115
46,148
123,223
52,151
52,37
46,294
52,29
46,69
43,198
46,162
60,164
4,489
60,636
46,383
46,282
60,438
46,602
88,633
7,95
46,417
52,409
46,204
46,538
52,509
60,71
52,457
44,382
52,426
46,339
46,96
46,350
43,554
46,690
46,76
63,411
8,376
46,196
52,284
46,474
52,454
124,153
52,202
52,13
46,124
46,239
46,245
46,455
10,135
46,52
46,258
43,320
46,397
46,395
46,224
60,156
52,78
46,158
1,102
46,183
123,545
46,533
52,3
52,372
52,174
46,7
9,50
123,379
123,107
19,119
46,60
52,20
46,200
46,470
5,26
46,73
46,139
28,281
46,191
52,194
46,72
22,77
52,34
46,210
124,176
46,57
52,606
15,838
123,836
46,560
6,765
123,351
14,63
46,844
13,629
17,811
123,421
46,464
123,827
46,717
46,175
46,809
46,410
46,590
123,846
46,363
123,804
46,783
46,251
46,39
13,486
123,856
46,40
48,182
46,812
46,369
46,146
52,262
124,342
11,807
52,736
11,217
46,753
46,791
46,288
46,786
46,325
12,87
46,424
14,729
46,186
46,299
46,798
46,628
123,100
52,321
46,21
48,775
123,292
18,10
123,794
124,389
123,30
123,361
123,11
